-0.22834492809395,0.153056919622999,5.35893875199268,7.63626344549192,2.20601561218656,2.70080963468729,8.71732765735606,-7.2665016424383,1.61203805718281,0.0635564821654054
-0.232442011120547,0.155714159956704,5.41428151230068,7.65369525136929,2.182674606159,2.71460738343064,8.72168198492322,-7.28747055391309,1.61816962874505,0.0639074589008355
-0.237071233418807,0.158573006041329,5.42283913770406,7.69235092855922,2.18464747163994,2.71370863141296,8.74057558384823,-7.3102987811566,1.62508966202214,0.064016228259258
-0.243503604758155,0.162582254481579,5.45911692031317,7.77931623626582,2.17544729511736,2.69695848098349,8.78007491313256,-7.33875058145349,1.63296964201892,0.063771434429692
-0.246363042513205,0.164331932530452,5.43057144065913,7.85396123670862,2.19439473442831,2.6755257943999,8.81755167487407,-7.35590789680163,1.6393851618543,0.0631406726974129
-0.251957972671931,0.167842123164619,5.40234492276187,7.94384517189814,2.22365954428851,2.64393431799833,8.86561026042037,-7.36786058444552,1.64519686740132,0.0620009907659201
-0.257145835992057,0.171095914687349,5.36441427850488,8.04409252694582,2.26520540389344,2.60549321018825,8.92146220226423,-7.37400243093015,1.65045765081011,0.060301615801415
-0.261527004339801,0.173853087078695,5.32295050976215,8.15268741169239,2.31788620133585,2.56330482224123,8.98340863108537,-7.37498064213945,1.65548504338652,0.0577988973131751
-0.265012143440886,0.176076690307806,5.28593274493815,8.26687112849887,2.37986318935093,2.52066771461973,9.04907569046123,-7.37156288351746,1.65907518002923,0.0545300340916338
-0.268607033061515,0.178441742709761,5.26673511515762,8.38338969998367,2.44869942661365,2.48055073683,9.11558465112214,-7.36432144388422,1.66252647048726,0.0504452422887529
-0.271522472061327,0.18042869284353,5.25084183576834,8.49872750918945,2.52120544151943,2.44532811508905,9.1796532057027,-7.35354506567357,1.66605348478364,0.0454715838828751
-0.274077733842461,0.182250081355919,5.24204643832064,8.60928410501443,2.59327181974571,2.41671331922762,9.23769228021526,-7.33923605644631,1.66955747119652,0.039655083243415
-0.27631008115815,0.183926432920111,5.23966716055398,8.71155504550225,2.6598647438568,2.39587338690607,9.28591157647243,-7.32125362972063,1.67279093145367,0.0331651366192232
-0.278260966155892,0.185476008035034,5.24247145612691,8.80238477622891,2.71531379420849,2.38365851653726,9.32046375974837,-7.29954717682387,1.67549763873529,0.0261989256166243
-0.27982357852302,0.186817490285679,5.24897678746469,8.87926657939861,2.75392173081772,2.3807864149382,9.3376957427427,-7.2743068790601,1.67736600437074,0.0190556518211742
-0.280855476102975,0.187840850883465,5.25545239593175,8.94060663709869,2.77079300631316,2.38782310290371,9.33456059280019,-7.24586110683583,1.67839360311873,0.0121907919777783
-0.280880265011752,0.188216349967781,5.25660445258967,8.98589910818035,2.7626678605363,2.4049556497331,9.3091448651156,-7.21434972860405,1.67826713813719,0.00564847076004855
-0.2838362227584,0.190199200129345,5.31943102366156,9.01785020651448,2.62316372749447,2.43642304234392,9.23762993075067,-7.18507791158371,1.6773003810393,-0.000566323717009397
-0.272562527214364,0.183747822684952,5.15554192498476,9.03748625324542,2.77083791586381,2.45993656087739,9.21956162424406,-7.13324755036892,1.67380299953183,-0.00688050280721079
-0.274294798069578,0.184855350795421,5.2005301970883,9.04010947642802,2.58904995766816,2.50865520843356,9.1068716017596,-7.09348910728926,1.66934520073397,-0.0119196731316905
-0.269257986507714,0.181770526367319,5.16316923659577,9.03635537860983,2.49329458732402,2.5575147831763,9.00579921156915,-7.03993436210795,1.66194509063767,-0.0163065301417016
-0.263737701627,0.178294258092659,5.12143223433681,9.03025381059262,2.38813827212294,2.60817682973447,8.89831061703422,-6.97586846691906,1.65182858419406,-0.0203614527490062
-0.26194424550441,0.17716070507261,5.0949320407537,9.02254151765177,2.27998896202019,2.65950525859196,8.78944155718748,-6.89887980868373,1.6383625931422,-0.0239013527299535
-0.259896034892791,0.175776077617722,5.06404161173508,9.01451614062704,2.17493753656132,2.70923415398372,8.68484339175451,-6.80652257822596,1.6216555057763,-0.0278772464690831
-0.257797449036191,0.174279525374785,5.03092950446492,9.00666538948219,2.0782624679541,2.75557647584873,8.58917049196856,-6.69700444742304,1.60148130445373,-0.0325594856681773
-0.255738390031806,0.172740078590954,4.99938517674192,8.99909343563114,1.99406174601322,2.79786648100105,8.50540953332374,-6.56975534471214,1.57684448488474,-0.0365822845958265
-0.253563654900764,0.171060276078105,4.96695837431284,8.9919231097113,1.92498695317999,2.83695995809886,8.43451957421535,-6.42570730990128,1.54895379900934,-0.0414705389962869
-0.251305024627336,0.169268128094572,4.93461642532188,8.98545793649573,1.87209006096694,2.87518661843865,8.3755082234624,-6.26716660878432,1.51800411092206,-0.046680996552905
-0.248886204094215,0.167323037990204,4.90227927122664,8.98007546318341,1.83481491787357,2.9158057399525,8.32593922270851,-6.09733744380227,1.48456331209652,-0.0519875408908044
-0.246165156706271,0.165147877296456,4.86969295676425,8.97594451231602,1.81116420242444,2.96209386191965,8.28272121109647,-5.9196591756173,1.44962147360967,-0.0577026403527951
-0.243185167781807,0.162794828015338,4.83650927067852,8.97274724381514,1.79805961057455,3.01638768843475,8.24292252573994,-5.73720189602663,1.41322661899539,-0.0627583048611616
-0.239963023772007,0.160311640189424,4.80275719333837,8.96960129308694,1.79188553435276,3.07951735565944,8.20433944650309,-5.55233471706847,1.37662124247747,-0.0673573877498583
-0.236607083509718,0.157816312664595,4.7685923040031,8.96524599566985,1.78915286928955,3.15087143162744,8.1656784571156,-5.36670036526662,1.33942313581169,-0.0712346048238854
-0.233304706494712,0.155483401902799,4.73452374122486,8.95836161178722,1.78715284823964,3.22889326369711,8.12644437339377,-5.18133542451026,1.3012683977961,-0.0741076750599428
-0.230284231386058,0.153508732177157,4.70140242769919,8.9478400842002,1.78443992397317,3.31159329444162,8.08674806861759,-4.99677211442389,1.26172968134372,-0.0757731732666196
-0.22768469318681,0.152011646174006,4.67021020444614,8.93295134253109,1.78102026888611,3.39687862687981,8.04717194661008,-4.81308526849311,1.22027728966824,-0.0763604308257905
-0.225634977664915,0.151073919157449,4.64168740788963,8.91344489884976,1.77821039020152,3.48276146341179,8.00870020063096,-4.62998355923223,1.17791314959776,-0.0757187692344648
-0.223906299041849,0.150508371550343,4.61441511450598,8.88961274080039,1.77822723470665,3.56754085177565,7.972652736408,-4.44700454843893,1.13460062402867,-0.0742185667178187
-0.221677580280384,0.149706021242813,4.57964471339441,8.86233819568443,1.78363949926642,3.65000912729937,7.94055775237099,-4.26373261666294,1.0902280017297,-0.0717353688818822
-0.219566004064453,0.14899943462025,4.55154694382936,8.83315404566836,1.79682601815848,3.72968487371886,7.91395229877169,-4.08001357522437,1.04487816934998,-0.0685611635268478
-0.217517977611851,0.148282486329618,4.54054608477122,8.80424149473041,1.81955545501599,3.80696928234289,7.89417016797566,-3.89608368501709,0.993710966857088,-0.0631548747588697
-0.215833861342433,0.147658076639127,4.53303337552848,8.7782435761635,1.85275325161141,3.88309165786378,7.88218113464983,-3.7125821364893,0.938314963479592,-0.0560242473612955
-0.213167787802859,0.146199820368843,4.52438321699244,8.75787786230284,1.89648074479368,3.95983992353988,7.87849201987308,-3.53044045818038,0.883296880444657,-0.0487001089821305
-0.20931335328528,0.143744116489495,4.51312282799149,8.74548963418021,1.95010811928797,4.03919847727956,7.88308885579528,-3.3507050058558,0.828223814500671,-0.0412316931105202
-0.204667746560174,0.140544962274065,4.5004995346957,8.74270274797055,2.01260402585254,4.12299200121047,7.89541451351944,-3.17440913658309,0.774174949660801,-0.033754556932871
-0.199833249690461,0.137029494284848,4.50152992218016,8.75022318582944,2.08281668499798,4.21253837091252,7.91439677948698,-3.00243708651978,0.714665352194316,-0.0223049227372208
-0.193734115068114,0.132523307181224,4.49854971091882,8.76776707552169,2.15962869234367,4.30828828735121,7.93853630992948,-2.8354690480388,0.655028357583662,-0.0100633151258496
-0.186745797262688,0.127330017935084,4.49454708052965,8.79407150405339,2.24193311605498,4.40949061540724,7.96603510234092,-2.67394977928912,0.597614990254025,0.00181987604596046
-0.180122776203524,0.122336083862925,4.49815018629952,8.8269730107158,2.32846195168294,4.51400119750129,7.99491667851314,-2.51813370817807,0.542404690385183,0.0135428404430205
-0.174042506889932,0.117717455011056,4.50460647694514,8.86357134976877,2.41756491311275,4.61837267574765,8.02309615930024,-2.36818769164058,0.48963627492435,0.0247196080329752
-0.168880661677433,0.113772200498266,4.51371127950003,8.90049414733468,2.50706410975132,4.71825176193633,8.04841847097246,-2.22431402931913,0.439123328831583,0.0357039682712409
-0.163894430121588,0.110054654912535,4.52417253718948,8.93422566780439,2.59428002496733,4.80892172084774,8.06874367425735,-2.0868384638648,0.391115076652899,0.0461337487868915
-0.159813606331315,0.107044755215118,4.53702912263102,8.96143772548755,2.67625196350409,4.88578879471121,8.08213900768838,-1.95621724206157,0.345673950121505,0.0559968967885724
-0.156518428683008,0.104648885013066,4.55184940729502,8.97932913755108,2.75011905051298,4.94482955978863,8.08713989286112,-1.8329705618772,0.303820316412178,0.0650805491635839
-0.153348230250245,0.102408406729667,4.56696105616865,8.98604342197394,2.81360490612488,4.98321311032224,8.08297104557798,-1.71760820178204,0.263818753330981,0.0736007094167974
-0.149835393075014,0.0999877237110904,4.5805352690338,8.9811490349404,2.86550892071964,5.00014464120808,8.06965161577062,-1.61056264681272,0.238676952130808,0.0907712678406692
-0.145453805290062,0.097025105611692,4.58924692261821,8.96598905990483,2.90604499656066,4.99755893280219,8.04799812180074,-1.51210402767212,0.223379487826815,0.103427543913788
-0.139088794741537,0.092807693127795,4.59459389970849,8.94364205167829,2.936871682032,4.98009740298695,8.01958282125422,-1.42231134232488,0.219516167753091,0.101279921144408
-0.133389320457198,0.0890846977640483,4.61056104513435,8.91838100877188,2.96076942886054,4.95412294408711,7.98665885914692,-1.340968233507,0.215832628282254,0.0992961102563016
-0.127577830752164,0.0853969376607572,4.64036180143625,8.89478339856579,2.98107371498076,4.92615914233607,7.95199075215513,-1.26752296285585,0.212373359412443,0.0974802759652363
-0.124118989767027,0.0833335893977889,4.65113571887338,8.87684173695334,3.00107077449961,4.90153201230182,7.91853847007182,-1.20108356235759,0.209192523000247,0.0957852342260233
-0.120103188012994,0.0810699849166173,4.67919173632475,8.86739072880068,3.02354495934967,4.88376649071647,7.88904168433204,-1.14052414686512,0.206306372880646,0.0942369280846692
-0.115492565922982,0.0785608796000114,4.72026198920663,8.8679222269411,3.05053521472205,4.87467697525237,7.86562149598742,-1.08464032924471,0.203746316469127,0.0928139917970558
-0.11285279631557,0.0773769260899045,4.73866460510788,8.87862910239669,3.08321493857869,4.87468479902244,7.84949244715792,-1.0322955585467,0.201484065929862,0.0916094444855318
-0.109914201298687,0.0759975892700003,4.75231504497406,8.898510161193,3.12179671882063,4.88299973832576,7.84082141022722,-0.982524480455326,0.199528759427862,0.0906369256838741
-0.106846233834065,0.0744385113911398,4.75972176543027,8.92552605625348,3.1654860449357,4.8976868432794,7.83874445620273,-0.934600359279933,0.196854761967193,0.0903671740936798
-0.103723887984079,0.0726551235780109,4.75680050726856,8.95687873870094,3.21259992444303,4.9158868249316,7.84153149811142,-0.888055186171952,0.193445020210635,0.0908780722888161
-0.100512890685472,0.070570746497349,4.75044210355014,8.9893991378229,3.26090079095166,4.93436159841477,7.84685360192686,-0.842668040577469,0.18972993047225,0.0916172600976885
-0.0972372123750236,0.0681909295465788,4.74279856214355,9.0199215298037,3.30804678201268,4.95021744641642,7.85210095810978,-0.798489593701643,0.18606295898575,0.0923712226098837
-0.0938978329840328,0.0655620385690138,4.73563677130531,9.045528055133,3.35198508304583,4.96143371661154,7.85472374365411,-0.755783308701223,0.18226984749383,0.0930881947224362
-0.090566065589401,0.0628189108378595,4.73031035600253,9.06362403637137,3.3911654711632,4.96691300302993,7.85256736543245,-0.714913063773808,0.176936690365842,0.0934271709480917
-0.0873336412293961,0.06012611929722,4.72777817413384,9.07189677609352,3.42456329071647,4.96610181536695,7.84414110241335,-0.676234061769318,0.170592043036337,0.0943056398189681
-0.08430598094331,0.0576423638184749,4.72549905109047,9.06828488786192,3.45160009574943,4.9585457134588,7.82875043592097,-0.639979760029584,0.160679686178047,0.0969545775877924
-0.0814333295013809,0.0554008520739955,4.72716993889967,9.05106672185517,3.47207796244163,4.94377601204975,7.80646349857649,-0.606224785255062,0.148578307974856,0.100611370774817
-0.078614654127457,0.0533632275840558,4.7350088143555,9.01905566395148,3.4861794856716,4.92162806949978,7.77794095465856,-0.574888875833421,0.140422672369561,0.100967031957173
-0.07544585271145,0.0512610441512946,4.74896265898235,8.97179252765747,3.49449116762631,4.89272380004894,7.74419772386099,-0.545796116618393,0.134134683483449,0.0999481499418939
-0.0721474810996787,0.0492045707130846,4.76827714747731,8.90964760970614,3.49797380055317,4.85872672911033,7.70637310087513,-0.518709690575824,0.128206314072436,0.098934292213039
-0.0690789876635221,0.0473821463570626,4.79365064977979,8.83383570121025,3.49785085688704,4.82216299124886,7.66556998639018,-0.493351307524832,0.122600130387308,0.0979209771326911
-0.0659059258670014,0.0455298306162273,4.82362146930786,8.74641019826887,3.4954664358692,4.78593524457871,7.62279443736805,-0.469402997055595,0.117258482745066,0.0969021469970844
-0.0627991547015458,0.0437136548273835,4.85717131572821,8.65030256877418,3.49221024285414,4.75288440757293,7.57900229361401,-0.446507821815748,0.112081664345238,0.0958953562699111
-0.059852092938354,0.0419601564875225,4.89401396203324,8.54940873509013,3.48956344950109,4.72566245851077,7.53524465453328,-0.424287978862467,0.106975551576322,0.0948911606941912
-0.0570187086215713,0.040220574767918,4.93477748900396,8.44861205427807,3.48920147500318,4.7068305920463,7.49287208447874,-0.402374755434473,0.101802362002518,0.0939212240400965
-0.0543617536846189,0.0385302576201141,4.97832036357403,8.35355522624556,3.49300055057874,4.69884148888743,7.45369882148986,-0.380439292623906,0.0965088576414205,0.092979536619005
-0.051889298745793,0.0369036212899274,5.02443838991989,8.27002938895249,3.50282523036164,4.70365704660823,7.41998901124607,-0.358224867070839,0.0910480681773894,0.0920975946395115
-0.0495810490008755,0.0353443871938796,5.07096023924454,8.20303773092758,3.5201043872289,4.7220709582445,7.39416901211431,-0.335591464948692,0.0853048280182484,0.0912803296374937
-0.0456992584247288,0.0328307421533525,5.18137818864427,8.17127282673415,3.60052891201969,4.81685934865681,7.38886840930416,-0.308307939356607,0.0782581663835767,0.0904079334052311
-0.0471439068035933,0.0335320702649187,5.11104969227186,8.1184781909989,3.52129927469538,4.72732936927034,7.36438825995409,-0.294593360338832,0.0743594807645886,0.0901997849024308
-0.0429700488326173,0.0308488235752114,5.22612916040805,8.11658571001494,3.61172547571053,4.83554894084224,7.37708766963838,-0.268129556888723,0.0671811638110031,0.0896675926184398
-0.0408004923613107,0.0294044698183441,5.28478311924445,8.12701827825232,3.65260623678029,4.87857640116713,7.39405604973014,-0.246076799908824,0.060936366928682,0.0895554017253022
-0.0386528158408571,0.027992665429259,5.3431289269697,8.1431994783845,3.68895980780258,4.91059423436002,7.41576324472037,-0.226093310507469,0.0550711943225789,0.0896945511911238
-0.0367027612392657,0.0267171996169851,5.40055201086618,8.16288230165201,3.71838525835251,4.92588306795343,7.44047346924138,-0.208600286511392,0.0498419027962873,0.0900462029151478
-0.0351040406784049,0.0256652700326741,5.45483687731245,8.18130537542393,3.73741174156695,4.9190743317007,7.46517025050922,-0.194015594436438,0.0453735368269774,0.0906384763213529
-0.0338027828492071,0.0247922226784152,5.50433554525303,8.19454135715185,3.74375815906217,4.88733283977732,7.48732519104435,-0.182458132827618,0.0418641273570801,0.0913032557774698
-0.0238500636096805,0.0191297837658998,5.55963407060104,8.4721599569618,3.71725403132575,4.74586028083654,7.62180863678055,-0.167067157338877,0.0363187334306135,0.0931442405769856
-0.0407483527667616,0.0284668866833418,5.61085156984398,7.89157727742464,3.75728404005902,4.88740671724782,7.38962926985794,-0.171818231218376,0.0392015189433804,0.0917170106181752
-0.0328164700306098,0.0238999027483911,5.57249100210236,8.20534321775807,3.66345675677804,4.63697168465068,7.52902628686847,-0.164177321355806,0.0359101864192516,0.0936860838347991
-0.0303089699088999,0.0222913300570826,5.62795721971481,8.18390425944878,3.65526309260887,4.58490162261988,7.53508522467282,-0.159844035371695,0.0346493571687371,0.0944390317726881
-0.0288241317064254,0.021309477767011,5.64414022232989,8.18181311584256,3.62536754232633,4.50809742874976,7.54485561099264,-0.157856006384492,0.0339386387470453,0.095289245698257
-0.02684532921866,0.0200402246763138,5.65392947056643,8.17587405658861,3.60047865335362,4.45625554489012,7.55099814284654,-0.156928338187558,0.033396437645487,0.0959738276413864
-0.0246146703330445,0.0186460046452758,5.65845233411721,8.17632430300197,3.58121155555614,4.42851712635342,7.55826997141758,-0.15670327656501,0.0329440670875317,0.0965149986881701
-0.0223921471045475,0.0172819001965006,5.65845750575794,8.18372267013399,3.56823123718919,4.4246078759583,7.56700119222205,-0.15701064505855,0.0325140482086477,0.0969283131271488
-0.0204677026746791,0.0161129092756341,5.65426526466741,8.19707385009758,3.56004879288513,4.43892916170023,7.57691070205908,-0.157739138084854,0.0321039962211563,0.0972014498684803
-0.0190653223148978,0.0152602881059408,5.64632089068768,8.21403877285075,3.55434534929401,4.46353329408291,7.5872186524386,-0.158796516269333,0.0317265723927403,0.0973313279037679
-0.0183280567531699,0.0147997967505897,5.63523905169646,8.2319426643929,3.54878250455232,4.49023603270553,7.59707344792983,-0.160106285557767,0.0314064353938859,0.0973110510632795
-0.0182355056681468,0.014713471565571,5.62236881796519,8.24839350465997,3.54162693316817,4.51238882647698,7.60576950418975,-0.161614279374776,0.0311727981791766,0.0971342416327529
-0.0186285723730191,0.0149058909724523,5.61088253639401,8.26160921297883,3.53202767335478,4.52580830128286,7.61282007205133,-0.163292307567902,0.0310333125389662,0.09682260739915
-0.0193133700431264,0.0152645801370591,5.60121089044909,8.27048677306736,3.51999713346938,4.52892035146095,7.61792511768911,-0.165133829750412,0.0309972710179526,0.0963880735962096
-0.0202468218338428,0.0157722963973453,5.58971539954122,8.27451613276014,3.50619416836778,4.52232784150708,7.62091031854834,-0.167141293021144,0.0310373785539697,0.0958792259306934
-0.0210014874638648,0.0161607479826136,5.57941780233522,8.27364786829957,3.49161932295858,4.5080724956423,7.62170016601756,-0.169309583290631,0.0311059466070452,0.0953553541249365
-0.021081916059576,0.0161091770049019,5.57499708324769,8.26819232157237,3.47732064967153,4.48885655262911,7.62034444682871,-0.171613623329207,0.0314562018163859,0.0944803971754846
-0.0203331974139753,0.0155074346576295,5.57701298184259,8.258776076155,3.46417846437212,4.46741648190325,7.6170722095867,-0.174006481477878,0.0316512621053296,0.0938052119874579
-0.018801724129493,0.0143752069936033,5.58509468295378,8.24633254368287,3.45279173974935,4.44611781192635,7.61232857876503,-0.176435113105568,0.0318750205322022,0.0930801640390835
-0.0167057170733967,0.012852758968896,5.59801170495748,8.23206668476937,3.44344137894427,4.42672142089944,7.60675791080457,-0.178864464631623,0.0321121439041031,0.0922707688502147
-0.0144200981233898,0.0111977567024686,5.61366897070546,8.21733447658179,3.43608396077734,4.41022307041742,7.60112236002718,-0.181301456422593,0.0321550379535243,0.0916593377113053
-0.0124865062030131,0.00978892532691189,5.62693401316533,8.20342497780451,3.43035109252087,4.39672565455948,7.59617111413172,-0.183805082878543,0.0322506261651548,0.0907775874087475
-0.01075320974359,0.00856406362032264,5.64054538200212,8.19130855784112,3.42557530524306,4.38542083000189,7.59249236000153,-0.186478478660762,0.0320197134116864,0.0899556570221311
-0.00933425267974369,0.00761700318716024,5.65449393381492,8.18147219943676,3.42088691492489,4.37481107300935,7.59039164145865,-0.189450387252271,0.0318891638761416,0.0890499066619956
-0.00816076417595496,0.00689903243499945,5.66750636387873,8.17393330610283,3.41539019460104,4.36319157802845,7.58983754826625,-0.192857354814395,0.0318800202052655,0.0881397957225509
-0.00719046962737624,0.00635815544224849,5.67915459801335,8.1684061851076,3.40835387500191,4.34919930139187,7.59048596618058,-0.196826161945188,0.0322752495737178,0.0869105991489647
-0.00637805002908776,0.00593467730313452,5.6903033696204,8.1644954049951,3.39931849873042,4.33214328750764,7.59175839680772,-0.201455735089145,0.0323408068056639,0.0862726031017174
-0.00566785846344903,0.00557138147295028,5.70043800338806,8.1618022057268,3.38807342441665,4.31196596831002,7.59294164065853,-0.206798001914756,0.032826916790994,0.0852885641521854
-0.00522895806027313,0.00537333778592991,5.70817553289941,8.15993092962761,3.37454346688093,4.28892611925678,7.59329266647588,-0.212841670734961,0.0334933053322563,0.0842719472245785
-0.00518972939810386,0.0054345222239103,5.71260969254605,8.15847341743401,3.35868055710514,4.26325697617946,7.59214741121744,-0.219504970318844,0.0343221415388921,0.0832094439957515
-0.0056463156411673,0.00583085132944561,5.71317282473333,8.1570540442819,3.34044818016399,4.23503703939232,7.58903230191169,-0.226640606901367,0.0352908629447032,0.0820988128893691
-0.00661986233973882,0.00657750077833377,5.709857580327,8.15543347451076,3.31992310018046,4.2043321880279,7.58376326593313,-0.234049680202405,0.036353507851422,0.0809388943418977
-0.00820841720522586,0.00771733112738499,5.70148364396583,8.15358174654529,3.29745992819775,4.17146731769903,7.57650216325453,-0.241497074839277,0.0375179268919621,0.079647659574303
-0.0104616876027357,0.00924284273140058,5.68458396309245,8.151642050228,3.27382800485616,4.13724177035238,7.5677422616326,-0.248725005395116,0.0384563595558655,0.0785499319533122
-0.0125478185449962,0.010576144037137,5.66896474094596,8.14981045564364,3.25025688572956,4.1030222879991,7.5582161107936,-0.255469571649002,0.0393959857801979,0.0773741259347128
-0.0141479870671736,0.0114764705261212,5.65750117707772,8.14824378287848,3.22837502709132,4.07074973087689,7.54875336603129,-0.261486658683152,0.0401945614700169,0.0762068190872947
-0.0166575555684556,0.0128235906691092,5.63221262501631,8.14708624081179,3.21005497097442,4.04287465355419,7.54014265287282,-0.266585379550842,0.0408547393434018,0.0750251084222082
-0.0163817835620437,0.0122638696183326,5.6242971082958,8.14660000228718,3.19719055086819,4.02217704385628,7.53304685003572,-0.270658412824649,0.0412134042363156,0.0740444592408162
-0.0133805107381726,0.00988978402422114,5.63288628535079,8.1473026153441,3.19144495052639,4.01143508041767,7.52799209996404,-0.273698659530699,0.0414370528669403,0.0731052161909164
-0.0080956006030613,0.00607166717907032,5.65622684660162,8.15002434884893,3.19402415509186,4.01299029398311,7.52542506310907,-0.275799054260391,0.04170200333633,0.0720833004017696
-0.00423301782656033,0.00328768056194367,5.66036851471529,8.15587918355805,3.20553856645864,4.02834950294499,7.52582175182317,-0.277138345250918,0.0417236952529959,0.0713295817552411
-0.000480692846868136,0.000778758298499549,5.6637194027801,8.16621467918866,3.2260011947675,4.05799144425283,7.5298252669438,-0.277955637710952,0.0417409497335204,0.0706634884438687
0.00253905500156354,-0.00102399107649645,5.66152832292491,8.18258993371152,3.25495571249082,4.10143796132048,7.53837526087909,-0.278512586286167,0.0418178366401636,0.070107454757168
0.00446377086613653,-0.00192094334425957,5.65080241926951,8.20673172778456,3.29164094587586,4.15741793677433,7.55277511485046,-0.27904138325372,0.0419774634139499,0.0697004519750179
0.00536564516792015,-0.00204322026313278,5.63722006918738,8.24034410514421,3.33505087886978,4.22380049671646,7.57464734422084,-0.279683316482575,0.0422482127840904,0.0694573098259417
0.00520535648560644,-0.00147236701138087,5.62166374964427,8.28471181673992,3.3838205337631,4.2971472756421,7.60576516868152,-0.280434110946445,0.0425505362327429,0.0694390477028609
0.00402289896499042,-0.00032803301120729,5.60503499125193,8.34016621136075,3.43603775579775,4.37221828271987,7.64776728226698,-0.281130742881013,0.0428369303647377,0.0696394905392506
0.00207001153641179,0.00117034660206877,5.59130729553175,8.40575752670719,3.48916980902331,4.44191447859385,7.70187877599053,-0.281474019802228,0.0430034260408753,0.0700521785052236
-0.000364012261743318,0.00282108902614658,5.58159580967125,8.47924375120861,3.54029843135818,4.49815102708797,7.76862264965008,-0.281124820996426,0.042930007743141,0.0706630868600103
-0.00302865293025312,0.00448409985647291,5.57663423881777,8.55744766109813,3.58661401602133,4.53357252842416,7.84762106716562,-0.279810406318976,0.0425358895978716,0.0714463702000209
-0.00564474575803942,0.00602437303696801,5.57683991073502,8.63690567956184,3.62602331534441,4.54346624976785,7.93749173246486,-0.277422258135184,0.0417739183999759,0.0723960212415665
-0.00789865966962666,0.0072928694184371,5.58206115185069,8.71451041563218,3.65762912718498,4.52727222244204,8.03580443101742,-0.274064506005752,0.0406742561517898,0.0735242732070179
-0.00956351298796426,0.00819088611237226,5.59252930335975,8.78804240934935,3.6819301811995,4.48913996661127,8.13910172737213,-0.270037125415819,0.0393312231304164,0.0748247310930961
-0.0105163748003071,0.00867089594663784,5.60692426714007,8.85652522444335,3.70072135191874,4.43742176797086,8.24300263037094,-0.265765298552928,0.0376029734720322,0.0765882690270523
-0.0110094685021759,0.00890754514169309,5.62502794692552,8.92035314801847,3.71678474814174,4.38337231213987,8.34242408765971,-0.261706050495588,0.0362459708692195,0.0781438994870379
-0.0111230888275478,0.00894656516972953,5.64729392182829,8.9811141747596,3.73347416830396,4.33945613962841,8.43194193198001,-0.258265314501828,0.0350985470882509,0.079742272589873
-0.0110771320588823,0.00891057718428881,5.67456984136638,9.04104823744736,3.75421276678287,4.31745660306371,8.50627685750224,-0.255745435504187,0.0342945271769337,0.0813465096861489
-0.0110209072492349,0.0088702345618413,5.7055883408055,9.10220494902527,3.78187007938885,4.32637032290632,8.5608475804716,-0.254327332629461,0.0342346865837266,0.0825140439083325
-0.0111748045450731,0.00894203261599966,5.73503809567048,9.16555949820641,3.81808177416906,4.37030050045616,8.59229525693395,-0.254083394875126,0.0343333727333636,0.0838255880952261
-0.0115905571989112,0.00914202389020605,5.76286464411432,9.23044860228946,3.86275461921171,4.4470826678582,8.59885351201098,-0.255010852653792,0.0346334033371074,0.0852030674378019
-0.0123563236592449,0.00952052681718363,5.79000684900323,9.29457939614422,3.91403881443347,4.54848926966557,8.58043317493217,-0.257067196623002,0.0356616410571135,0.0859325553912454
-0.0133424179456565,0.0099988271515026,5.81586144347054,9.3545882451857,3.96883444454627,4.6621840329617,8.53835144571907,-0.260186455767765,0.0369087910337385,0.0864584561464764
-0.0144837432176074,0.0105501596201952,5.84004384964415,9.40684543760474,4.02358398951055,4.77463074729099,8.47477341295609,-0.264267591045874,0.0383061102041521,0.086730391567825
-0.0157375130373417,0.0111691143548726,5.86124069425821,9.44812030673474,4.07497794973475,4.8737769611204,8.39207538182402,-0.269147383694236,0.0398122912423936,0.0866879160286995
-0.0170449144803165,0.0118432456734321,5.87795231719638,9.4759290324273,4.12036403527535,4.95077649950803,8.29237493352823,-0.274581630711659,0.0413347772284305,0.0863349022204371
-0.0183399323565158,0.0125548041241544,5.88849782666772,9.48867569906362,4.15789663147304,5.00070942930123,8.17737027879781,-0.28025182895068,0.0427874487468009,0.0856566163720245
-0.0195812282110838,0.0132976691097194,5.89100584113612,9.4857535834614,4.18655242921724,5.02261062111413,8.04846309570447,-0.285800528762972,0.043960713577747,0.0847684361651936
-0.0207710631781409,0.0140864939282516,5.88361548464839,9.46759249552891,4.20606371946255,5.01906715673958,7.90701162717871,-0.290888099694365,0.0450154013411688,0.0837076321798544
-0.0219654627571131,0.0149607759657592,5.86474641947584,9.43550906446533,4.21674144893633,4.99542883050888,7.75455315562211,-0.295255530452897,0.0457222524332652,0.0826876578483822
-0.0232268427037908,0.0159524564769015,5.83333861950029,9.39130810794168,4.21917513625971,4.95852279733424,7.59293401828891,-0.298763616916316,0.0463697556626797,0.0814194458703197
-0.0245969677239737,0.0170673445494641,5.78924737768083,9.33676545056863,4.21388126398453,4.91486759407484,7.42437225410296,-0.301386488759729,0.0468915619871212,0.0800261554940927
-0.0264742715050649,0.0187929690076667,5.78021804178676,9.12877329160042,4.10844984880213,4.85536401070249,7.20717200788009,-0.307995202904622,0.0495296803120044,0.0781653937351086
-0.0292549465486612,0.0201744615103292,5.60117163563841,9.33499174537013,4.25882485109321,4.80640734606432,7.11740300399321,-0.302253025800337,0.0462749863754543,0.0772845510451626
-0.0288747955847103,0.0204839966152461,5.60482212127858,9.12341768050929,4.1535100517292,4.76820232567554,6.90677907670206,-0.305021564975808,0.0474504346411345,0.0756613523908619
-0.0305602798322924,0.021632825361355,5.51482412446046,9.0330902201968,4.11685652583588,4.71221791100894,6.73561419880902,-0.304528175232739,0.0469704000579918,0.0744890129129768
-0.0320273951086144,0.0225576152965997,5.42855593399438,8.93834267785148,4.07507985124347,4.64843376420587,6.57173895612765,-0.303016618630933,0.0468794103997523,0.0729484957017046
-0.0409602994666961,0.0282624726505767,5.32209776176112,8.8378623180287,4.02866085085548,4.57533630170802,6.41435559231232,-0.300808802204144,0.0465058540259269,0.0718416547777172
-0.0501405847888242,0.0342238957029898,5.26613645404304,8.73321124803661,3.97970810266112,4.49406331242865,6.26360741913647,-0.298044232789365,0.0465273834345337,0.0704461795313025
-0.0542437262693928,0.0370880859428615,5.22939117501771,8.62647730710713,3.93066321271458,4.40757498651972,6.11923797233115,-0.294892404240259,0.0463870279737491,0.0693854878328711
-0.0575948979022372,0.0396787924462376,5.22037227324899,8.51988104382945,3.88402517757158,4.32024719740019,5.98078163135488,-0.291551973646706,0.0465325235178947,0.0683454594632164
-0.0629804333607125,0.0437519673213124,5.23695346900435,8.41552063127162,3.84217085165874,4.23747070634121,5.84779522339511,-0.288235040669888,0.0470205676777079,0.0671323193275342
-0.0713056044864215,0.049771598356993,5.24812134306181,8.31523017860806,3.80718015454225,4.16512106819209,5.72001385126502,-0.285142557975982,0.0471923414061544,0.066456454425843
-0.0786142277305043,0.0550585335913951,5.26074397311516,8.22051859779657,3.78062975026281,4.10873386942663,5.59742666645364,-0.282437738240133,0.0479170661984427,0.0654572228138033
-0.0834802695656732,0.058575265596983,5.26994749735736,8.13254198389054,3.76339120233666,4.07238670779793,5.48032485040818,-0.280218435234633,0.0487564704026472,0.064689002743695
-0.0855786797599529,0.0600553618018969,5.27318404481692,8.05212428875796,3.75553076199957,4.05752033014307,5.36939472607607,-0.278498954756891,0.049828467131378,0.0639745649267101
-0.0852437511987706,0.0597312200352401,5.27041609476214,7.97985087049591,3.756390032347,4.06208961741901,5.26587365044023,-0.277202031681321,0.0512729783989053,0.0634294529369816
-0.0832936094157389,0.0582001061927018,5.26350227672586,7.91619435533641,3.76484652128448,4.08049423138097,5.17167622042332,-0.276174023651885,0.052344304713868,0.0628545005414631
-0.0808205716278292,0.0562533874454577,5.25499127622449,7.86159532331347,3.77967123058939,4.10461124257546,5.08933059878728,-0.275202266106476,0.0534901352699175,0.0624631549069325
-0.0786910055592809,0.0545251971633113,5.247709006864,7.81647494212608,3.79986327694082,4.12582142496549,5.02163043349186,-0.274066577699013,0.054747238858239,0.0622999154322241
-0.0775014906954945,0.0534496869389227,5.24412535657154,7.78122928802503,3.82486853590478,4.13735949725103,4.97107835351631,-0.272583198562766,0.0561475852460011,0.0623759782462074
-0.0773473928281145,0.0531115869446647,5.24665298691768,7.75623965273625,3.85465628223917,4.13609028489009,4.93931913346506,-0.270632156054255,0.0577774981693259,0.0627071810456844
-0.0779602399045003,0.0533412815290209,5.25730674056689,7.74186034228356,3.88968091694696,4.12313456674196,4.92673552235523,-0.268156429592859,0.059484423756643,0.0632922843057739
-0.0790046039486884,0.0539145449366273,5.27707564983062,7.7383246761211,3.93076252236102,4.10330387413595,4.93229165113912,-0.265139376471098,0.0602148657305667,0.0639465683297124
-0.0800836301454351,0.0545641226934713,5.30606971826894,7.74556338127157,3.97889813268175,4.08365230846593,4.95366540592585,-0.261575752099238,0.0604457635418484,0.064780765900041
-0.0808115642795799,0.0550316766461013,5.34366029246286,7.76301479707845,4.03501663086498,4.07161484145711,4.98767468160483,-0.257468128170295,0.0606257822639023,0.0657677759727526
-0.0808865145043054,0.0551168236937296,5.38868388207239,7.78959377735969,4.0997439702657,4.0732865262116,5.03091055422787,-0.25283750834396,0.0607371600950729,0.0669409823713386
-0.0801344083058503,0.05470499156726,5.43970523511493,7.82397868787528,4.17329228177395,4.09230014418745,5.08039305840192,-0.247735830848604,0.0608824610699717,0.0682716631717618
-0.0785200740270067,0.0537725090615614,5.4955327047109,7.86516704251327,4.25552848580116,4.12942892723532,5.13404393243684,-0.242245877595519,0.0612637410191567,0.0695121115736074
-0.0754408774437796,0.0519303245438615,5.55681125146613,7.91296040152131,4.34613180541207,4.1827129683111,5.19084215245417,-0.236459099423008,0.0627141736891166,0.0710211682179655
-0.0604496291482962,0.0424960971331569,5.70351200186141,7.96798730140413,4.44467256872806,4.24785009001091,5.25065638153399,-0.230470616767889,0.0648201254513341,0.0730384910072002
-0.0605112736852306,0.0427297685334982,5.79664500092823,8.03118258383827,4.55054285253469,4.31880286490457,5.31386853497887,-0.224371430530632,0.0669671362270859,0.0752609839164303
-0.0609496628698516,0.043205447063853,5.88474233768937,8.10302516308027,4.66283366375686,4.3887804831004,5.38094540370965,-0.218242647846689,0.069528522113367,0.0770994069206066
-0.0612304410372507,0.0435653110509299,5.96715128705547,8.18293399590463,4.7802886337837,4.45163933260483,5.45207301885673,-0.212151742626973,0.0718395730856606,0.0792534737182585
-0.0613809278398906,0.043812400234486,6.04182394473308,8.26903522973569,4.90135579812889,4.50331830800575,5.52690819290501,-0.206137823675168,0.0741395662915298,0.0813648517059843
-0.0634460364804451,0.0456955925901014,6.03993812968189,8.32903237333944,5.01634675923708,4.54381078555723,5.5446903628861,-0.208866028601281,0.0791945151336224,0.0821490543307364
-0.0620838036535986,0.0440268077303662,6.24279594955628,8.48085692968991,5.16062888415256,4.57196432101587,5.7443991982897,-0.18591742254276,0.0762438138331412,0.0865209174750801
-0.0614499345114531,0.0440242365378175,6.22396466302289,8.52771487618116,5.26731602453475,4.59234882129967,5.76040855477542,-0.189212935049885,0.0810499219169966,0.0875154510447373
-0.0607365301323446,0.0435022125609998,6.27683909666212,8.6065514495901,5.38586490801959,4.60849760912093,5.83706929208767,-0.183492585390876,0.0836796379202417,0.0894016910487315
-0.0599687507353547,0.0428740004260234,6.33244636281082,8.67293743142576,5.49736577078002,4.62377287378844,5.90892301484562,-0.17805467837819,0.0865728097079917,0.091114435378516
-0.0590736847057625,0.042095704110246,6.39325758569484,8.72790531640439,5.60207483242145,4.64018350987108,5.97573539793398,-0.17296731839247,0.0898281291445988,0.0926382535840207
-0.0580310300070404,0.0411630169821812,6.4661241925204,8.77139772832328,5.69922487182632,4.6589463701617,6.0369526071255,-0.168415684624983,0.0934000180914871,0.0939123374567712
-0.0574139441459123,0.0404558586363516,6.54501421469406,8.80385329345252,5.78829382678187,4.68013589946507,6.09238009760334,-0.16461708341102,0.0972897219116036,0.0948728798116679
-0.057313039653419,0.0400536180269314,6.63071664371412,8.82582742036434,5.86896080040135,4.70284689448413,6.14211520896437,-0.161780297706237,0.101565625854938,0.0955629803131068
-0.0575318153072569,0.0398538320583839,6.7217404659141,8.83773133042594,5.9410629663041,4.72559259310316,6.18643740419265,-0.160061941305442,0.106603510168879,0.0958007783978553
-0.0580597286725971,0.0398738316699399,6.81739885552388,8.83984090276553,6.00462473841383,4.74676341458505,6.22572335861789,-0.159525085318928,0.112219170601912,0.0957498593337874
-0.0589167881495179,0.0401466347845934,6.91616351727037,8.83247673764714,6.05991944773769,4.76491313987017,6.26042242843598,-0.160120938406317,0.118207655732987,0.0956005659510268
-0.0600366907468203,0.0406433765200584,7.01530358575966,8.81620320506553,6.10751965966508,4.77879539955069,6.29109827745042,-0.161690280477429,0.124629673384791,0.0950870693176717
-0.0613486361785149,0.0413273090911698,7.11706601685824,8.79193276491356,6.14830436005187,4.78725035863812,6.31849421765879,-0.163981692486504,0.131143620698729,0.0944487980168075
-0.0629273313658304,0.042245527506945,7.21641308117606,8.76090398044659,6.18340617681058,4.78910586847469,6.34356383135419,-0.166685806030808,0.137513264887265,0.0937912055352292
-0.0648240501264296,0.0434241129099952,7.30876755709292,8.72457835984454,6.2141093497668,4.78326589211293,6.36741791073628,-0.169480133813008,0.143460410025723,0.0932126940221755
-0.06694433170937,0.0447920902080817,7.39282812494797,8.68453059839212,6.24174032038032,4.76911488148031,6.39115437834568,-0.172076302895876,0.148622119826303,0.0929417511781093
-0.0692311833313802,0.0463007300715657,7.46923146060979,8.64238400159492,6.26759765031091,4.74715862485206,6.41559382403866,-0.174256455184396,0.153158034908591,0.0927292510183817
-0.0718006619568442,0.0480102332952468,7.53480456586827,8.59979642033802,6.29293340529779,4.71954438840833,6.44103627899846,-0.175889827122124,0.156815172613894,0.0927891891230485
-0.0871777736961931,0.0572709479709739,7.55117441170834,8.5831422765619,6.3326230157874,4.63930406720536,6.51765315653471,-0.170853818962387,0.155178447119863,0.0952653002062283
-0.0930789072052651,0.0631230273749441,7.52513358027707,8.46984280955661,6.31626262259629,4.76629482884205,6.39175147713438,-0.188631097620774,0.169040776065419,0.0901179236360782
-0.104745893680861,0.0679980190351513,7.62224090065573,8.54191482605783,6.4103251501664,4.53691768222441,6.61911315197413,-0.165650151386057,0.154099565538693,0.0987011017809034
-0.0933821255462896,0.0633596727987827,7.59252255637193,8.40678158577007,6.37868245604712,4.75019441000615,6.44530272530965,-0.18753649769596,0.172519459510397,0.0912821203883527
-0.143531494583353,0.0885232946966691,7.20306871595799,8.74757958198096,6.69933953641003,5.16922160348076,6.70586143869333,-0.138962296035569,0.163163517202441,0.100296514995693
-0.235917304471953,0.158143389922477,8.28555050377922,8.16075252399322,6.24864360931166,4.05305451514167,6.52159425633597,-0.213984245854359,0.169048797530449,0.0917898582531915
-0.093474259252361,0.0626247456222555,7.69096105264143,8.42453730345673,6.52053054950367,4.71341285384771,6.57431110234643,-0.185104024554058,0.175427665041777,0.0934264556506154
-0.10760212479957,0.0711122756582559,7.69056353489687,8.48591673460145,6.61472636506647,4.71481335438444,6.65323261952448,-0.183862254995487,0.175485432627715,0.0952962827177617
-0.113904112005376,0.0750080809972749,7.68848210423417,8.50371385107646,6.6734283199277,4.77492746994286,6.68164249953881,-0.185638661969209,0.178509825094087,0.0956826696331521
-0.118969405324872,0.0782100656571295,7.71021605206834,8.5439953630973,6.74638798881843,4.81758271764025,6.72156724746999,-0.188612918959797,0.181287187037946,0.0962892992417874
-0.123354697851777,0.0810215325699248,7.73933181713931,8.59236774682172,6.82387879750398,4.86371374537885,6.76432645923679,-0.19233400933372,0.184256544736407,0.096889700020432
-0.127315014506061,0.0836058270242193,7.77759567212524,8.64992051753206,6.90599377475587,4.90878551864793,6.8105498172323,-0.196819841619997,0.187112064900443,0.0974150348013323
-0.130881631693616,0.0859861182748221,7.82401638502647,8.71433181301358,6.99047561491068,4.95362071879775,6.8579702050502,-0.20204496367731,0.190203241451529,0.0979774251340367
-0.134130778417466,0.088212522954226,7.87893845987079,8.78465436413897,7.07571326541291,4.99768567503652,6.90503306644676,-0.207993124439513,0.193366643708733,0.0986062384565693
-0.137137595170446,0.0903297815472526,7.94059946939279,8.85988187318119,7.159927362697,5.04042555024024,6.95039938826835,-0.214631643063939,0.196656700158434,0.0992622100236962
-0.139980146286682,0.0923797981986932,8.00660715457708,8.9391481432653,7.24146644297247,5.08100336862733,6.99329877841465,-0.22189317648658,0.200496072811281,0.0998307179112639
-0.142684227818871,0.0943681519636427,8.07899457368968,9.02175070427877,7.31903461654451,5.11878559059044,7.03360182568475,-0.22965404213274,0.203748020271317,0.100562941338561
-0.145292556242349,0.0963044541108706,8.15301803677909,9.10731057409211,7.39196723662706,5.1538129368357,7.07183623425102,-0.237726815606974,0.206749438597982,0.101337273161924
-0.147808701117287,0.0981719110947464,8.22384795861303,9.19583674588873,7.46034639055215,5.18703034561135,7.10906209396679,-0.245871626049917,0.209683967861596,0.102109270050711
-0.150710408019441,0.100260696807777,8.28583188832881,9.28763268564207,7.52488355010567,5.22005240849373,7.14662731612925,-0.253829386949876,0.212131249364276,0.102914050742318
-0.155349415436531,0.103426407523138,8.32924987403922,9.38304402387621,7.5865962101792,5.25460276296896,7.18585950751852,-0.261365662849797,0.215115174029405,0.103679031252435
-0.157125007156742,0.10470954164007,8.3612424815292,9.48212824107205,7.64640920924783,5.29193629325603,7.22778330862272,-0.26831074386925,0.218175239148793,0.104511917521034
-0.157329835776123,0.104944682197693,8.38273792403767,9.58435946324727,7.70483508869921,5.33247778935334,7.27292779024314,-0.274569188709122,0.221026089906365,0.105361137761641
-0.15753454062891,0.105154154436402,8.40436903060776,9.68848609132182,7.76184762765437,5.3757477270872,7.32123984758035,-0.280096701476755,0.224218161089146,0.106339517674709
-0.160829373651326,0.107331701170126,8.41899187532473,9.79261796451299,7.81698374763679,5.42053169336938,7.37209248195122,-0.284867517187313,0.227131428788888,0.107279968113119
-0.17014291374904,0.113359092919095,8.40085222246342,9.89452736542188,7.86961711801358,5.46518849826222,7.4243784815244,-0.28884271915234,0.230172639981096,0.10831777389101
-0.17732140910739,0.118017115737936,8.3820023602397,9.99206339573351,7.91928618723109,5.50797870041541,7.4766836278197,-0.291971029157226,0.233178055952334,0.109311720801701
-0.180188221591441,0.119913383033001,8.36051581210884,10.083552558367,7.9659560516808,5.54734049341037,7.52752519480022,-0.2942139764821,0.235930926375527,0.110371771793179
-0.182272017242837,0.121327910814144,8.34506001485602,10.1680830602967,8.01013561560974,5.58212123794314,7.57562745354879,-0.295582959938382,0.238120930385307,0.111240475032011
-0.184324087060368,0.122742744894606,8.33370670721293,10.2456286932501,8.05283616318164,5.61181197897306,7.62019739285612,-0.296184373389342,0.240066708801715,0.112186728942624
-0.184950638414295,0.123259776618884,8.33680159894381,10.3170423078931,8.09542339185815,5.63678445892611,7.66116435369452,-0.296252547845725,0.241844909998884,0.112998489529495
-0.184938866064131,0.123373473772321,8.35236648835738,10.383997852368,8.13945448502574,5.65844845741239,7.69935326932565,-0.296172954759339,0.24343069703962,0.113746133720796
-0.184619299559813,0.123283733078776,8.38060681227372,10.448929248307,8.18657145509159,5.67922227199402,7.73655643150118,-0.29647242120933,0.244956433729019,0.114453120353632
-0.184286280972019,0.123167482135526,8.42054936370049,10.514903770282,8.23844082421926,5.70227146164808,7.77543844690856,-0.297779520325965,0.246620121417204,0.115168232531015
-0.184034504500233,0.123075024649843,8.46924257604132,10.585267463696,8.29663978761804,5.73103094075904,7.81918082196872,-0.300741363977689,0.248600287743862,0.11592473157195
-0.183958177199073,0.123060747409834,8.52479432503566,10.6629216606283,8.36236125465055,5.76850773981393,7.8708036058782,-0.305899314907279,0.251093320639117,0.11677851351413
-0.184088821136711,0.123143346558791,8.58581349586373,10.7492474619593,8.43587942418867,5.81636919306237,7.93220722924399,-0.313540927608451,0.254210302290618,0.117761742675198
-0.184377587609855,0.123294291875858,8.65119630690578,10.8428785454684,8.5158435228046,5.87395942391517,8.00310242258749,-0.323557115909382,0.257940179453169,0.118879370015516
-0.184666421006508,0.123418077941862,8.71914109589727,10.9386355276189,8.59858009414219,5.93754322139874,8.08008414023513,-0.335338386914022,0.2620825067103,0.120075021950489
-0.184727792240652,0.123376664857396,8.78714445455679,11.0269818236219,8.67765103968821,6.00008785067656,8.1561466062171,-0.347743982905113,0.266236201166003,0.121230130491773
-0.184026845509381,0.122835981352741,8.85343457924843,11.0943657972757,8.74393779852898,6.05178456559404,8.22093075657471,-0.35917419842212,0.26990999779703,0.122240334538466
-0.182556051630334,0.121799700472218,8.91212542143299,11.1247436925388,8.78649185235217,6.08138285911023,8.26192093277482,-0.367764563625903,0.272410574383524,0.122876136586495
-0.180884984667173,0.120640151202261,8.95350902206627,11.1023381765839,8.7942481207723,6.07823955091667,8.2666122477871,-0.371691480271332,0.27314110646572,0.122977096135566
-0.178327668239339,0.118923423331939,8.97699275890283,11.0152028044284,8.75837518726617,6.03470336703615,8.22530343888511,-0.369534756142813,0.271618107152348,0.12241330275713
-0.174998470706708,0.116726551841731,8.98252591095746,10.8585708393781,8.67461199103565,5.94815104909009,8.13372521708927,-0.360593879867193,0.267570958028045,0.121084047719679
-0.170383585916616,0.113714425620627,8.96481920060772,10.636703959534,8.54470902170914,5.82193489052199,7.99451255836564,-0.345048109870407,0.261081542592126,0.118988131996829
-0.163627508547552,0.109325977180751,8.91685139890276,10.3624318377337,8.37635464650752,5.66486708119439,7.81688391747827,-0.323904729070633,0.252940224032732,0.116419836691978
-0.159552472045574,0.106655368695157,8.8421946372342,10.0546177765949,8.18165014393617,5.48944712876624,7.61468460700884,-0.298773772042539,0.243232337568386,0.113545403402762
-0.156639049921521,0.104717897108355,8.74862056832381,9.73463944543715,7.97480802212195,5.30946396895062,7.40362704768049,-0.271544144524813,0.232959279846882,0.110422016141923
-0.155178877107765,0.103696862461916,8.64146027981677,9.4230736606083,7.76987925159226,5.13771058606843,7.19868184121699,-0.244091948180484,0.222345563468158,0.107491887723032
-0.155122165049771,0.103562492175445,8.52675658533377,9.13730701994501,7.57904225116578,4.98436753662101,7.01223675652501,-0.218054973924167,0.210457845838495,0.1048413289118
-0.156117789138563,0.10409791217389,8.41097102803909,8.89028807004608,7.41164417732669,4.8562445495341,6.8532168242959,-0.194716709881488,0.197688016023815,0.103019341957678
-0.157703754331303,0.10501958825174,8.30052875190626,8.69033889650104,7.27395930034014,4.75671765947758,6.72706616609903,-0.174986589357581,0.186716852319623,0.102068706487183
-0.160683251848771,0.106855223839189,8.19241160506499,8.5417911902484,7.16950786533363,4.68608127545516,6.63633680900251,-0.159450279363627,0.178059125110399,0.100997532938469
-0.161452991289614,0.107303684891725,8.10006947971019,8.4461224400916,7.09972029857909,4.64215167499228,6.58157357063312,-0.148471277482334,0.173597486768955,0.100089664032771
-0.161151805608253,0.107106470214853,8.02518945500421,8.40323443574631,7.06472429661929,4.62108776244835,6.56221295736425,-0.14230108705819,0.171829081844223,0.0997452767844103
-0.160421740898417,0.106681378412934,7.97103985613384,8.41253635017063,7.06405582995528,4.61835382434229,6.57729862272318,-0.141170828985549,0.172493509187883,0.100289959953519
-0.1596419506477,0.10627031341871,7.93939694600521,8.47356231689348,7.0971305002773,4.62961366708663,6.62590360953796,-0.145325590651553,0.175645339457817,0.101695476549874
-0.159266070530551,0.106156779928257,7.93239552286982,8.58596789431365,7.16336783280758,4.65134590069246,6.70720539128592,-0.154983346776642,0.181734450718045,0.103659400998187
-0.159723006979216,0.106603432622288,7.95345580529396,8.74890419637991,7.26195316341457,4.68114282166543,6.82020523549688,-0.170220822220288,0.192479097996738,0.105505242222851
-0.161211922523804,0.107723293141412,8.00825977319947,8.95994823948589,7.39133906933944,4.71778668767016,6.96316389214937,-0.190807308778247,0.205557399444561,0.107027783791095
-0.164194842586261,0.1097947318482,8.09292556890538,9.21392072824901,7.54867914205927,4.76117008036219,7.13291920198681,-0.216046832468932,0.217807589078247,0.109190080076761
-0.168936412735804,0.112974282972661,8.20515523736724,9.50196501385998,7.72939167249969,4.81206117890709,7.32428054195805,-0.244574815917274,0.228685910970949,0.111847598217539
-0.175297083472826,0.117163289061637,8.33915817648986,9.81118561119765,7.92697640572922,4.87170480994471,7.52965731279909,-0.274318037976977,0.238437498566859,0.114656067472303
-0.182840514590176,0.122078640787894,8.48781157548258,10.1250407938758,8.13312870651329,4.94124507418894,7.73905852803625,-0.302556594870389,0.247009920789624,0.117413612300493
-0.190782415798268,0.127219421353631,8.64346801513923,10.4245956685011,8.33816074686477,5.02096464079718,7.94061631999459,-0.326160708368458,0.254505563242526,0.120095906822323
-0.198925610413099,0.132465460513158,8.79502483379384,10.6906009518539,8.53172009013253,5.10945517872681,8.12173486144881,-0.34203918001897,0.260423354666316,0.122582303169831
-0.206314445122912,0.137212958673806,8.9360743460518,10.9060884106905,8.70372781671661,5.20300860461599,8.27075258160841,-0.347743038282207,0.264176018847899,0.12471975804147
-0.212313694857494,0.141063911084616,9.05980767613428,11.0588275071264,8.84533031392189,5.29554879506767,8.37868878082663,-0.342076748312258,0.265390945476353,0.126404268251556
-0.216556979635107,0.143791826774276,9.16125545513554,11.1428583648787,8.94959639552339,5.37921885156678,8.44047755100688,-0.325514465997638,0.263757878020774,0.12753271915983
-0.218839334436046,0.145270675153968,9.23710267047055,11.1586899487207,9.01185583913429,5.44546050557878,8.45531602233534,-0.300253719037297,0.257665889896662,0.127796888522626
-0.219175444575172,0.145510757133284,9.28530572536355,11.112450490169,9.02988996011129,5.48632213064986,8.42626058087755,-0.269855043533894,0.24531465219455,0.127639461221649
-0.21786223513748,0.144698206006054,9.30489291481476,11.0146932662299,9.00430896783639,5.49583381654084,8.35954006681346,-0.238545495091464,0.22917113121752,0.127748510994522
-0.215285009119613,0.143071287084597,9.29704056175661,10.8793163757226,8.9391531213723,5.47134095378023,8.26390683795751,-0.21036358722807,0.215894487816328,0.125719646686701
-0.211889782284256,0.140904589114621,9.26501273291755,10.7224435882288,8.84224752790853,5.41451657475941,8.14991632042285,-0.188382517268008,0.20639337147724,0.12232164905792
-0.208148250296923,0.138489470449258,9.2137304984541,10.560809867373,8.72464865712816,5.33156443841373,8.02882155041613,-0.174233539179769,0.199012340110567,0.119503988717867
-0.204487225660263,0.136091932672995,9.14909257815432,10.4095414221916,8.59893961540603,5.23225499404184,7.91104182992164,-0.168039492052662,0.193982371339025,0.11744981944537
-0.201181121332923,0.133886107338565,9.07724339685855,10.2798612936194,8.47685784031066,5.12796818018378,7.80462605377351,-0.1687115109185,0.191190113993406,0.11616459196775
-0.198323600710472,0.131936931958975,9.00348152176961,10.1775634205605,8.36716475292952,5.02942751927071,7.71429284748699,-0.174448972733833,0.190317467182998,0.115585737771128
-0.195854336175116,0.130216795519407,8.93131835505428,10.1028259949287,8.27457054133873,4.94494691146711,7.6414222066003,-0.183252125193855,0.190890283724786,0.115573370219392
-0.193639578946776,0.128654441315685,8.86195421706273,10.0513790281625,8.1998401483228,4.8795101722216,7.58477707712212,-0.193316921005721,0.192451295336844,0.11595406044679
-0.191477806698986,0.127136277533105,8.79515683489912,10.016510479524,8.14092670921708,4.83481510814206,7.54167129280792,-0.203245173565437,0.19475193770744,0.116454387312463
-0.189141898378935,0.125531054801754,8.73047251667029,9.99122695844403,8.09447569596002,4.809902640511,7.50907110947111,-0.21210635592597,0.197816276529126,0.116589987057895
-0.186578604643287,0.123816155061502,8.66737719328292,9.96996783075138,8.0571961755212,4.80206507569596,7.48437843468661,-0.219394180451055,0.201411417200313,0.116336651191242
-0.18389179850783,0.122065989620224,8.60603810836299,9.94950259645884,8.02672912575143,4.80775908621967,7.46577726059412,-0.224934144853965,0.204826915794401,0.116054657328136
-0.181247027122431,0.120390321704052,8.54785576718103,9.92893924377781,8.00189662231355,4.82336824573179,7.45217557645216,-0.228781375895915,0.20770536461751,0.115922832746358
-0.178811999212251,0.118895908848168,8.4959391107202,9.909080443802,7.98246260430937,4.84572572620118,7.44290580553748,-0.23112771092301,0.210010465542456,0.115949696953066
-0.176853598848055,0.117748373214943,8.45396427187153,9.89156038270244,7.9686908848261,4.87235082576681,7.43741709192608,-0.232223452552196,0.211806147332608,0.116092783989492
-0.175676997713708,0.117133628867926,8.42570705028559,9.87816458987577,7.96098409113042,4.90146440171585,7.43514128444545,-0.232314714235122,0.213190891513638,0.116316162811774
-0.175557695853139,0.117215890808226,8.41443288631662,9.87051420098331,7.95975102757062,4.93196778892943,7.43556908577256,-0.231599238515126,0.214243767461356,0.116590772153586
-0.176678948163969,0.118099814376718,8.42236287121461,9.87004765916468,7.96547047378282,4.96351907647294,7.43843770736605,-0.230204922408659,0.215031807379351,0.116901129665836
-0.179090164413272,0.119805790186859,8.45020561100805,9.87810138019352,7.97879547756355,4.99661944913318,7.4438846962457,-0.228191856937589,0.215604490307076,0.117244434288102
-0.182701084080592,0.122267385010262,8.49678291791556,9.89591228536302,8.00053502695668,5.03247069678925,7.45246957746147,-0.225572089042503,0.215961539397028,0.117623001677353
-0.187297467128841,0.125342085451546,8.55922243399496,9.92448419421432,8.03145457027796,5.07248373243775,7.46505935777361,-0.222337514895925,0.216146495741847,0.118054009614652
-0.19257517560281,0.12883341939188,8.63335965782531,9.96438591743447,8.0719772507499,5.11761336001488,7.48265493328235,-0.218488282388283,0.216158171765342,0.118554077865225
-0.198183875439607,0.132518587237037,8.71407484815654,10.0156082970457,8.12194398801106,5.16786232079799,7.50626053058991,-0.214057694258695,0.216071924702289,0.119171981330886
-0.203752841239893,0.136163869239188,8.7961597899343,10.0775809425612,8.18055629240771,5.22217265347483,7.53685972082737,-0.209130668337071,0.215813345139532,0.119888227255716
-0.208992474575881,0.139587782005438,8.87480041080823,10.1493668678166,8.24652054074662,5.27864993478915,7.57548774185475,-0.203851960227563,0.215404726112197,0.12072449757533
-0.213981075435367,0.142842671204771,8.94424936617519,10.2299679608314,8.31831748761432,5.33488948909668,7.62334029840646,-0.198417904915451,0.214866205437377,0.121676073262286
-0.21881092316384,0.145988796693719,9.00029586943912,10.318613308038,8.39448011241457,5.38820989338345,7.68175841871238,-0.193071216020361,0.21433260867379,0.122722167900383
-0.223542371153394,0.149065379811758,9.04097657519747,10.4148826870544,8.47375925509917,5.43575228234308,7.75214448977221,-0.188049336390855,0.213980639002547,0.123765087712548
-0.228186247649354,0.152081666257082,9.06612599501738,10.5185287231666,8.55510605037443,5.47461530006523,7.835580853963,-0.183564904828753,0.214082142262139,0.124635790214527
-0.232631086517881,0.154969967105885,9.07701862057039,10.6290112136568,8.6374839315093,5.50217885395177,7.93234199038044,-0.179772141930429,0.21481334853214,0.125232001703987
-0.236650416339062,0.157588579808126,9.07590100340139,10.7449128578915,8.7196215295706,5.51664037132751,8.04141276121408,-0.176741828245327,0.216042758770743,0.12561629897293
-0.239966547059146,0.159760414292096,9.06546059327816,10.8634690968145,8.79981953481797,5.51757436644469,8.16019674632678,-0.174442260626084,0.217528958776358,0.125919766751353
-0.242319298774213,0.161315616741787,9.04832638950368,10.9803739000096,8.87585613445303,5.50625348662218,8.28450768692974,-0.172732602250853,0.219106189580228,0.126190379532045
-0.24351077149482,0.162120260650912,9.02669957852401,11.0899212501064,8.9449858313879,5.48557502103736,8.40883544558074,-0.171377769915809,0.220649650976629,0.126414548823312
-0.243508137761557,0.162143414638509,9.00167498629268,11.1854836398884,9.00403384130233,5.45958861155041,8.52682873912826,-0.170088819721196,0.22204772168169,0.12656080791963
-0.242580695695124,0.161547027369885,8.97250592084932,11.2602792323297,9.04959825452086,5.43270945195906,8.6319233011484,-0.168583154112515,0.223218353835084,0.126609997365066
-0.240614428759391,0.160250376893011,8.94142823870076,11.3082955592025,9.07834272081904,5.40875741912859,8.71802095224414,-0.166651160985173,0.224085854892809,0.126543013452798
-0.237066018726854,0.157902291234397,8.91213261323438,11.3251570065575,9.0873213981919,5.39004844477481,8.78009898697988,-0.164213656557897,0.224458429994757,0.126287821532162
-0.233115738749889,0.155266337847224,8.88664414694069,11.3087134730292,9.07426257916889,5.37683498509281,8.81463602943006,-0.161357290258435,0.224701338500549,0.126009445202523
-0.228817754995911,0.152385314168709,8.8629144151489,11.2592119026655,9.0377508878437,5.3673155704724,8.81979312576635,-0.158340139108632,0.224562667372333,0.12554209314063
-0.224433659941363,0.149442611012918,8.84239734939391,11.1790522841273,8.97728207152831,5.35818350740657,8.79536851700041,-0.155563806380012,0.223809056560369,0.124898560755603
-0.218750040441013,0.14566649866522,8.8138160160646,11.0722525054138,8.89320862326151,5.34544118711258,8.74260901587379,-0.153511538510898,0.222806459858217,0.124171552976945
-0.218031066068034,0.145096995989634,8.76677641745462,10.9437904285389,8.78662094277778,5.32516699380487,8.66396538554664,-0.152666317578129,0.22145489506954,0.123350416746114
-0.220540576229982,0.146647080764854,8.72547301441006,10.7989524185332,8.65919960245823,5.29407902235113,8.5628257343407,-0.153428842170719,0.220272250244451,0.122497121104388
-0.223562706386244,0.148584313102513,8.69654099316969,10.6427628463073,8.51305954307093,5.24991000097915,8.443212235618,-0.156056815505426,0.218358927049097,0.121538148174899
-0.226797294660229,0.150716751058596,8.67339268832667,10.4795645863174,8.35062190439669,5.19165345672594,8.30943543280939,-0.16063668197148,0.217001444089667,0.120577554882637
-0.230044405038163,0.152915700613885,8.65559784403285,10.3128241391849,8.17455619477863,5.11969670040718,8.16574056286098,-0.167085853705566,0.215740683755558,0.119604854233288
-0.232749079776489,0.154812970732316,8.63575634292721,10.1451730824507,7.98778670342131,5.03581637885596,8.01599895867476,-0.175178316287853,0.214523951595451,0.118624868578407
-0.256950985061817,0.169988904697875,8.10118939992768,10.2893093451206,7.98918028829014,5.35533201479322,7.98689844576909,-0.161058641477265,0.215572486901744,0.119041544504463
-0.312925731493917,0.20720182160632,9.04405219417305,9.5453635997961,7.42158431031687,4.47443246351685,7.61154914321464,-0.222586066823264,0.213663609232257,0.114548796849112
-0.234791712536051,0.15671633367963,8.53406394084196,9.66872757683774,7.39011073063388,4.7230785827311,7.56420370207565,-0.213605143851734,0.214781442906301,0.11403805737992
-0.234897278797401,0.156910038515698,8.451508325182,9.50954864342493,7.19100342034424,4.65270379734274,7.41520611319294,-0.224070191324464,0.216543085541917,0.11094032065322
-0.235415591507497,0.15734986611565,8.38597581525028,9.36162884683348,6.99904106368741,4.56701749865288,7.27132117567472,-0.235007514174649,0.217582975571166,0.107958056547573
-0.241966221923991,0.161609043274303,8.29994104619155,9.2256831312827,6.81749936359486,4.49027857734896,7.13445468059736,-0.245456732893489,0.217835404537856,0.105215188381226
-0.244156273827518,0.163016479307626,8.21161390015508,9.1026147687719,6.64811765662627,4.42643896567726,7.00568512669802,-0.255149877827327,0.216326962147353,0.1027899847477
-0.245513175445334,0.163846056511747,8.11578827181034,8.99429645944935,6.49288192939625,4.37721639760873,6.88654044197248,-0.263810703354677,0.213409523214493,0.100452327306124
-0.246558191154122,0.164449759196434,8.01662130058248,8.90232838375547,6.35326544288066,4.34307002866134,6.77854276758696,-0.271153877134806,0.210334862730624,0.0983474316737666
-0.247158173936406,0.164756091018096,7.91213955388664,8.82753072226753,6.2298933241065,4.32314749127191,6.68295645727634,-0.276904743063252,0.207179384490017,0.096513609826762
-0.247295918378565,0.164770266869786,7.80275491772131,8.76961255616441,6.12233026517612,4.31533765678951,6.60056501921598,-0.280830321730852,0.204402342879648,0.0950939446416525
-0.233708917977247,0.15568740130678,7.66339776933313,8.74277764166236,6.03446113547377,4.20101322010422,6.57875370487615,-0.27727918949098,0.200048494064939,0.0944845393004757
-0.258124263939206,0.17210348726059,7.49123090117117,8.66561152592442,5.93376964607852,4.54926325882067,6.37934039880763,-0.291988729557105,0.19989182518155,0.0917687530002943
-0.23534151491249,0.156452929924526,7.44429043077302,8.70911969779247,5.88621393650622,4.11004911056056,6.52510027609454,-0.269450705588395,0.192038265661628,0.0936524985874538
-0.247866433071446,0.165355573495438,7.2879399348829,8.65022562573455,5.80451308227242,4.45662539818835,6.34278510799217,-0.28017810780224,0.192438314350528,0.0910372453794941
-0.241678213938767,0.161230253756433,7.21840689471411,8.66499488110885,5.75338174007686,4.35078079972307,6.36230476919661,-0.26883274893479,0.187751699709179,0.0910318429254888
-0.239774321405368,0.160129792217321,7.11925898084445,8.66328326190426,5.69819999241283,4.35956625319541,6.33430742346321,-0.26179982950703,0.183677450314761,0.090311723862023
-0.237699960513359,0.158939018785907,7.02624274293962,8.66899918470897,5.64823259168546,4.36496470386418,6.30869327484051,-0.253759452612598,0.178712854083438,0.0897836571281604
-0.235319802084957,0.157553938477209,6.94080871680175,8.68036716217988,5.60213974088534,4.36868735994582,6.28337596597811,-0.245166312190277,0.17287728888516,0.0894242150661164
-0.232547722252501,0.155901618088935,6.86228151929052,8.69722153323939,5.55955605108892,4.37105736127156,6.25766766178099,-0.236446022745887,0.165430729788449,0.0896178796594164
-0.230440273889062,0.154640630557647,6.78439622178975,8.71908249023164,5.52007432045454,4.37274537416822,6.2312659198632,-0.228020344567589,0.157859400610483,0.0899007568828426
-0.22791313460426,0.153065524106729,6.71224510253329,8.7451939289691,5.48330691834086,4.37504264581281,6.20397210437971,-0.220282011901864,0.149486850579674,0.0908127103251349
-0.224988094536152,0.151181183839736,6.64337510151865,8.77466835200271,5.44901301834295,4.38002170811497,6.17551371065035,-0.213558829559508,0.141457840564394,0.0917137662127741
-0.221733286426999,0.149028223266944,6.57547749416187,8.80658392965854,5.41715350475582,4.39034471471377,6.14552420943469,-0.208074738628076,0.133877644772036,0.0926307627945632
-0.218119678719205,0.146591818148616,6.50817821160074,8.84007514174871,5.38786630019387,4.40868762984413,6.11370830458136,-0.203917605362057,0.1275032560623,0.0928618296214065
-0.214115035001222,0.143859880846522,6.44130231414304,8.87449566661054,5.36140467392882,4.4369881714823,6.08013615327048,-0.201029627758548,0.122043806776565,0.0927954583047857
-0.209730835672231,0.14085176151874,6.37425195844675,8.90961289123747,5.33805233245379,4.47585014485581,6.04551097496067,-0.199226495405052,0.1173269736702,0.092467476731249
-0.20492149163413,0.137552397093311,6.30624936430972,8.9456649812844,5.31798924317835,4.52438396090467,6.01122179150747,-0.198247682653983,0.113182085282859,0.0920007593589592
-0.199633535823293,0.133942588064011,6.23652113748338,8.98313172619224,5.30109262754784,4.58052144636299,5.979093587917,-0.197828632013929,0.109415923888524,0.0915092807705138
-0.193836089324648,0.130016592084648,6.16399888628957,9.02225161717296,5.28671888899623,4.64154601507357,5.95093716847118,-0.197777330620952,0.105887090924119,0.0910642509285423
-0.187629558827779,0.125850784704397,6.08814868024582,9.06251388216518,5.2735697530257,4.70448025848813,5.92812649359264,-0.198031245820238,0.102523855137816,0.0906901863919304
-0.181575124059763,0.121813701952042,6.00909169203969,9.10238017277946,5.25973344408342,4.7661806428537,5.91137925249387,-0.198674153583173,0.0993085391437057,0.090413456552461
-0.174659239202139,0.117257318272157,5.93066689492509,9.1393367005424,5.24291120793102,4.8232848821084,5.90075986681079,-0.199906000981086,0.0963951388071909,0.0901390513641813
-0.166901094092853,0.112192410489559,5.85863661380402,9.17024608181618,5.2207747134672,4.87225654466542,5.89583405825363,-0.20198010690022,0.0932687974554496,0.089848493940911
-0.159434054017403,0.107333390012574,5.79020696054467,9.19196721595742,5.19139771915594,4.90965608916267,5.89592376727212,-0.205121104119219,0.0889300449454243,0.0891985683114546
-0.152502148025366,0.102821794736704,5.72693274307081,9.20219643825535,5.15371169820765,4.93260978417224,5.90042451799931,-0.209433799075267,0.0851396069968503,0.088558241554992
-0.144881674474271,0.0978566662009285,5.67412346587149,9.2003453806063,5.10790302240202,4.9393674613536,5.90908572341751,-0.214853348731677,0.0819465282735224,0.0879327665967088
-0.138637991880693,0.0937486143153407,5.62835595960951,9.18814493283752,5.05563581665466,4.92982831597986,5.92211598699554,-0.221086298724496,0.0803795681711205,0.0877421116394105
-0.13340828411141,0.0902554086703457,5.59116998404537,9.16971357820887,4.99999949448625,4.90590591039542,5.94005464999573,-0.227617942335093,0.0799176713998311,0.0874972090823965
-0.12982222720236,0.0877780592619942,5.56034881661569,9.15101048474731,4.94513193257086,4.87157016864,5.96347720935896,-0.23374142396347,0.0792684654548468,0.0876004428595823
-0.127488869269689,0.0860712194488636,5.53597219766043,9.13876003440276,4.89552512557393,4.83240039374678,5.99265633003205,-0.238656703483693,0.0783782619519381,0.0878405265334536
-0.125904972078569,0.0848242266889914,5.51657154164834,9.13903109485165,4.85508446628786,4.79458569907453,6.02728129602847,-0.241622919018056,0.076999140664621,0.0882105764154743
-0.124311701424683,0.0835679785117471,5.50030097526201,9.15573791415125,4.82611207710777,4.76353762079798,6.0662998186087,-0.242122641166349,0.0748002180512218,0.0888477621171011
-0.122395316047088,0.0821225111601311,5.48485480814369,9.18942801380789,4.80849699872724,4.74253915275234,6.10790571597018,-0.239996382679628,0.0719793326493223,0.0894274861767227
-0.120063320331148,0.0804491804359805,5.46772126562293,9.2367765033204,4.79943942925155,4.73196216117714,6.14967325276098,-0.235504438236489,0.0684783912295839,0.0900224440973423
-0.117612789074806,0.0787548303901704,5.44613958255399,9.29110751857487,4.79392888302257,4.72941441535759,6.18884754411299,-0.229290569284093,0.0644701087122687,0.0906272413493977
-0.115232213854228,0.0771686156358943,5.41783977258795,9.34395369074366,4.78592436358869,4.73077015099478,6.22279057118499,-0.222250317266308,0.06026782256037,0.0911790657172881
-0.113098963818061,0.075803126247298,5.38105755988472,9.38723504500722,4.76986281282112,4.73161947836827,6.24950154912565,-0.215341284082225,0.0561684335842721,0.0916691952482632
-0.111340537822163,0.0747299758294103,5.33474070529323,9.41531929181472,4.74195832972419,4.72853531710312,6.26802911798153,-0.209393900856302,0.0524637587649995,0.0920677924073067
-0.110023078619861,0.0739745064546485,5.27872387971755,9.42624266393012,4.70087971930872,4.71977750682459,6.27859293320988,-0.20497545346607,0.0494509964485548,0.0923513115874132
-0.11182181486424,0.0755298448521723,5.15608998022969,9.42946712267105,4.68069416558196,4.74021866006464,6.25143389116555,-0.205447785804001,0.0476250711850001,0.0921455364603407
-0.101131392253754,0.0678813579663756,5.26964573753192,9.39357477446542,4.52157476552081,4.61718774336625,6.34432783805193,-0.19594264046363,0.0446106016741761,0.0935863440733861
-0.111704431887465,0.0759012280373302,4.9479068476107,9.38644322737458,4.57700855158956,4.73405732070353,6.21022113253353,-0.208755932783663,0.0457345652120061,0.0914894440078329
-0.0890997277958267,0.0605520727836143,5.07960592134267,9.3705068649772,4.42504767446916,4.61729229918425,6.30463928563547,-0.20063006888524,0.043115482070952,0.0929024110272424
-0.0982363202523359,0.0666527864946438,4.92547854739678,9.339837698688,4.38174767569548,4.63724927973853,6.25975854406494,-0.206605953056185,0.0433449351437509,0.092313972559476
-0.0961866487131494,0.0652611938911684,4.8551660369758,9.33224732174268,4.32524056416558,4.63500597110567,6.25198074818533,-0.208701490454648,0.0429558681861415,0.091975059863206
-0.0941913198399887,0.0638424537821814,4.78946889746234,9.32417536740467,4.27310529010953,4.64299713389229,6.24219622721851,-0.210875947488411,0.042526950527067,0.0915152743845922
-0.0923930622208944,0.0625130510981139,4.72862236604884,9.3177561603369,4.22805793115946,4.66225194507327,6.23132443648256,-0.212935539030042,0.0420450724837373,0.0910315522050115
-0.0908116082632873,0.061306289260058,4.67306967178528,9.31169021695756,4.18961275858554,4.69116860668721,6.22005771174803,-0.214882273053593,0.0415344437012402,0.090531225820499
-0.0894629287908884,0.0602541265743273,4.62292966685363,9.30405220240413,4.15615432291291,4.72636717051223,6.20911258610492,-0.216845009522682,0.0410823225967341,0.0899958630473786
-0.0883379402841141,0.0593709627218633,4.5782387927826,9.29317412966217,4.12559686107399,4.76320041921234,6.19937191423204,-0.2189956986908,0.0407618029196243,0.0894576193962365
-0.0873942407369457,0.058647022492187,4.53905471486686,9.2779717386074,4.09586787538002,4.79645157206149,6.1918267707638,-0.221475460047363,0.0406531340274385,0.0889249660223257
-0.0869136097952433,0.0582773903703975,4.50457128700227,9.25812162494819,4.06531806832503,4.82112758656906,6.18747225554769,-0.224331868737086,0.0407892545951222,0.088455812136376
-0.0865043304242203,0.0580210543626654,4.47605703713555,9.23410213327485,4.03298916168377,4.83321865453175,6.18719046337794,-0.227482573584388,0.041047616640324,0.0880839706293872
-0.0861021897306034,0.0578406714176455,4.45294734569218,9.2070814266956,3.99869436953866,4.83029044706489,6.19165209543643,-0.230716135306797,0.0410458099156524,0.0876668270789421
-0.0856926736604219,0.0577226352069209,4.43430725195454,9.17870193382164,3.96292563575793,4.81178373018786,6.20128744443153,-0.233724491883873,0.0412667513639104,0.0873220014645691
-0.085186585252849,0.057596407605786,4.41940632670835,9.15085221271004,3.92664490209837,4.77891842260258,6.21636416644588,-0.236174731342638,0.0415155520638625,0.0870605260837324
-0.0847972636673346,0.0575758855300545,4.4033046525947,9.12546944907192,3.89103577871981,4.73422058237722,6.23713661298137,-0.237771574239032,0.0417385008974749,0.0867849846892163
-0.0839023088762588,0.05724508434356,4.40396344401304,9.10433811873646,3.85728467215288,4.68086658652721,6.26395860546952,-0.23830605351189,0.0416742688177812,0.0867587331171259
-0.0825356923233488,0.0565965646501387,4.41576791146661,9.08885078962428,3.8264215028273,4.62206924004077,6.29726768582771,-0.237680643069681,0.0414445150377475,0.0867526264314173
-0.0816681860979289,0.0562202458361127,4.41493389738063,9.07977005790437,3.79920770015087,4.56059718664861,6.33744394790031,-0.235910766968038,0.0409898240907785,0.0868480050575775
-0.0803259739001421,0.0554791278796109,4.41164373176746,9.07708450814802,3.7760587332221,4.49843548938848,6.38462639159268,-0.233102168303741,0.0403794309229574,0.0870516765533346
-0.0779719887408901,0.0540190685115294,4.40753217457849,9.08004555295187,3.75702411259461,4.4366407709852,6.43858248465145,-0.229408471776377,0.0396228329433895,0.0873784418367723
-0.0745701319490199,0.0518129655543288,4.40244979156869,9.08743811537939,3.74186802826158,4.37547060513885,6.49869427421401,-0.224980044963785,0.0386132459731207,0.0878305996484056
-0.070482194626764,0.0490941851077291,4.39647660721891,9.09807572811669,3.73026620455526,4.31478292832541,6.56407305132927,-0.219917325180559,0.037652284445917,0.0883219391278342
-0.0665969641993564,0.0464404100946333,4.39369935092755,9.1113766253442,3.72206920842791,4.25457983798563,6.63375523282796,-0.214250369866486,0.0365501146446803,0.0889433398583203
-0.0636143476138884,0.0443048548575542,4.38443881246804,9.12773777758603,3.71751455066243,4.19548955779061,6.70688907843961,-0.207939274713885,0.0353639553344249,0.0895551953839543
-0.060597474712854,0.0421063315358665,4.39311852535457,9.14847225632638,3.71725350948714,4.13896794581095,6.78282276955346,-0.200901122160747,0.0339331281691079,0.0902998110831306
-0.0575899623956789,0.0398913672643776,4.42927322722932,9.17534729060339,3.72213550857976,4.08709293326252,6.86105565619417,-0.193048368587083,0.0323127182061416,0.0910206070861798
-0.0548753668746802,0.0378470315708685,4.46123873841286,9.21000091946382,3.73282978435374,4.04202350284252,6.94108906488274,-0.184325200469537,0.0304210717043123,0.0917588419572766
-0.0699024770951364,0.047318662914952,4.64443102964726,9.27255483621468,3.70019583718731,4.02583766586957,7.00383842219987,-0.171177722107339,0.026796422698883,0.0920203636913852
-0.0301581948117635,0.0212946530961567,4.53191922477031,9.31884512779373,3.83936895630697,3.96266696282516,7.13675347732564,-0.167439226535913,0.027194274382053,0.0936616026159637
-0.0480947455240204,0.0327059109644326,4.57621268120952,9.3432275734631,3.79407703039366,3.96607603411452,7.17599387886673,-0.1554924282998,0.0237651703168755,0.0939483754655182
-0.0456604686617475,0.0309721891391155,4.61943084245604,9.4259696903477,3.82346478041999,3.94600426867737,7.26066753405171,-0.1439404802487,0.0207758553559961,0.0947246685449163
-0.0442898203446361,0.0299562188445026,4.65669119461084,9.4953578480365,3.85183640414907,3.94364941045353,7.3335704822836,-0.132459759089843,0.0178697226856164,0.0951874289245374
-0.0431030041391798,0.0291059481427386,4.69010865154163,9.56059439338823,3.87608492640152,3.94468782135052,7.40034503444146,-0.121292929696578,0.0148732096598528,0.0957811519029323
-0.0421111536416228,0.0284233642657032,4.71675596979335,9.61480576316382,3.89507258969389,3.9492443302485,7.45826105375103,-0.11069786552658,0.0120416256310578,0.0962592616617263
-0.0412796632149898,0.0278784297417447,4.73617815360149,9.65241740300555,3.90703305564757,3.95497453400207,7.5058595516695,-0.100888534624369,0.00946524303109641,0.0966102390125449
-0.0405837739881291,0.0274456344820494,4.74783695524062,9.66819031738678,3.91103380231654,3.96014843115683,7.5418237804682,-0.0919860528730614,0.00698268748194501,0.0971117953456492
-0.0398783513161587,0.0270224204101549,4.75291065940485,9.65903983333811,3.90703476047601,3.96343619871626,7.56574248251836,-0.0839987157804918,0.0052567779197796,0.0969003086645495
-0.0394245982014849,0.0267680184103036,4.7504724731433,9.6250709125931,3.89601208039581,3.96410176254099,7.57861205096195,-0.0768124812807656,0.0036378274874901,0.0968030622344491
-0.0390614201055901,0.0265728470497323,4.74290606052617,9.57023114792259,3.87986998438372,3.961965325324,7.58326549019829,-0.0702079842959278,0.00202535473511562,0.0968735890288955
-0.0385974765277316,0.0263103770063587,4.73391345967958,9.50211266252389,3.86119602077355,3.95737137512446,7.58439728250664,-0.063921745474263,0.000814294253419938,0.0964872880392163
-0.0381702329451521,0.0260670737002236,4.72542784782534,9.43078105184793,3.84286704540075,3.95118078496794,7.58801531925835,-0.0577537312882118,-0.000334126959039237,0.0960593579286424
-0.0378262878481541,0.0258725761114703,4.7201597580002,9.36685069096612,3.82754514059031,3.94471743128934,7.60035412660793,-0.051698592775268,-0.00143721171407313,0.0956282749996168
-0.0376268246072832,0.0257662493076754,4.72039459039129,9.3192939065539,3.81713539786907,3.93957038951464,7.62648974275146,-0.046059748220514,-0.00229483298770244,0.0950742633655932
-0.0376190517508395,0.0257777079814722,4.7277060657007,9.29351771774961,3.81230775789313,3.93720953166562,7.66899533170129,-0.0415009921268163,-0.00303877873348709,0.0948253225334231
-0.0377085101983205,0.0258439069699868,4.74292586648193,9.29012287104977,3.81218877382478,3.93844810452211,7.72697453333393,-0.0390008772961435,-0.00322683206303692,0.0946702134451131
-0.0378857195408479,0.0259547792619478,4.7659958113913,9.30460103782325,3.81430265903587,3.94283455633442,7.79574702847901,-0.0396971436448108,-0.00256404543956015,0.0945911986636956
-0.0379955861873895,0.026005263672418,4.79541621592817,9.32810820110825,3.81482565991825,3.9481541243108,7.86736247502031,-0.0446384049822396,-0.000767834728904949,0.0945510011004831
-0.0381831362951615,0.0260829953218023,4.82685789996161,9.34930743367117,3.80923826038319,3.95043937626917,7.93197234617434,-0.0544936650808857,0.00234357639498627,0.0944947839547365
-0.0383864272291076,0.0261453409309967,4.8594771945625,9.35698821747542,3.79341978436213,3.94496382472631,7.97986188889133,-0.0692976538757824,0.00681964293967326,0.0942717736961169
-0.0383844748641675,0.0260504295769784,4.89098540279692,9.34281924370896,3.76501027296923,3.92823145746512,8.00366846060891,-0.0883195126455099,0.0114264344127705,0.0936386903361225
-0.0372140347195264,0.0251853613012068,4.9286707584448,9.30343633007328,3.72456891110106,3.90015906473039,8.00014020444008,-0.1100983944712,0.0162491279011669,0.0927726869979846
-0.0352342344852141,0.0237900715068092,4.97327003044135,9.24125387025451,3.6759666007567,3.8652030315645,7.9708870864354,-0.132667677026132,0.0212383452441853,0.0916804133106897
-0.0338177925452028,0.0227560657871342,5.01385951111506,9.16378142344622,3.62568800565537,3.83154101345718,7.92192521648888,-0.153889564434101,0.025966435927799,0.0903596147942689
-0.0326606454510353,0.0218984069429668,5.04750840721928,9.08162675472326,3.58115973798982,3.80837345354634,7.8621981856662,-0.171796890468175,0.0298747659323234,0.0890246616860422
-0.0315991770765854,0.0211224093594551,5.07595910198885,9.00574599289059,3.54865781900263,3.80243558991699,7.8015052084499,-0.18487336083784,0.0325385781577828,0.0878324216799914
-0.0307248327190399,0.0204950442773636,5.10250090566105,8.94480456945189,3.53156472218221,3.81531046756488,7.74837893185639,-0.192237324400357,0.0340720841473717,0.0864665590722621
-0.0300779343208189,0.020045811874291,5.12828906134681,8.90347418178948,3.52959088179417,3.84273124770547,7.70845694568732,-0.193733267414847,0.034407002139433,0.0849730276862826
-0.0297007858238138,0.0198001725780948,5.15155080526863,8.88202180426033,3.53913822545541,3.87603815725888,7.68373467359146,-0.189934412087127,0.0332812116621868,0.0837849423840495
-0.0296853713223436,0.0198121088654802,5.1746012089445,8.87700590416698,3.55455122909317,3.90501901485399,7.67280396962101,-0.182042399723463,0.0311143041825193,0.0826293168106272
-0.0300008027403994,0.0200527561131973,5.19760395140923,8.88265614437791,3.56976069572308,3.92093334994342,7.67190423163289,-0.171670870041612,0.0282457094125624,0.0814957579491469
-0.0305865277744339,0.0204726071578449,5.22136424324318,8.89253163291358,3.57978541115347,3.91863617804875,7.67641144825405,-0.1605374440039,0.0248301045556645,0.0806879480092137
-0.0313153796695441,0.0209793794163434,5.24699180296417,8.90107350535696,3.5816833066231,3.89727602903985,7.68226503336558,-0.150143612405515,0.0219554703775216,0.0793791867373099
-0.0320867730379012,0.0214995081867499,5.27559831567637,8.90466023793542,3.57478519177198,3.85972170712085,7.68686165292431,-0.14154369367273,0.0191427539450922,0.0785548171520654
-0.0327661327023623,0.0219403687949619,5.30779030899155,8.90192389815919,3.56030080296216,3.81125535313105,7.68921571018924,-0.135263103108668,0.0169932103688875,0.0776273749248405
-0.0328747400323741,0.021992508481281,5.34844893430624,8.8933996349724,3.54055924012125,3.7580676069368,7.68956233427464,-0.131352536567204,0.0154599807017431,0.0768579323930267
-0.0324714240733811,0.0216951133536821,5.3924465629932,8.88081733811699,3.51818883276926,3.70593274966047,7.68877967208952,-0.129521950397352,0.0145316615541195,0.0762807117308513
-0.0317505397589004,0.0211792823812091,5.43399177144867,8.86634684643936,3.49547305376452,3.65929874555772,7.68792466472748,-0.129291416507505,0.0139467237865371,0.076126091141204
-0.030597257460187,0.0203815871781407,5.46966538028472,8.85195149035135,3.47399356883563,3.6208957461209,7.68795962055067,-0.130118281963716,0.013964286322686,0.075977485370085
-0.0291150776704412,0.0193813636820824,5.49629172327083,8.83886178487203,3.45454975547904,3.59182351328723,7.68959830087594,-0.131483051284568,0.0142924343817714,0.0760800495156484
-0.0273993520261774,0.0182523646456396,5.51085635097276,8.82716221977191,3.43727469820744,3.57197433973993,7.69319254695537,-0.132935693944825,0.0148554641310204,0.0764220216205875
-0.0255971335119351,0.0170984753498967,5.51054553143955,8.81555537471874,3.42185772772497,3.56062225366886,7.69864753581325,-0.134117107131003,0.0155690231556919,0.0769912841307408
-0.0238392426460927,0.0160078455266739,5.49376604833522,8.80141318381235,3.40780035386258,3.55702285391159,7.70539920799561,-0.134771713605127,0.0164428520669828,0.0776827686136378
-0.0222214174149359,0.0150396525333439,5.46060940430678,8.78117359314182,3.39465703213258,3.56090002685088,7.71247731786352,-0.134758609157164,0.0172143230288977,0.0787207287122722
-0.0211091019823492,0.0144199663867508,5.40794880846954,8.75100309693482,3.3822420850418,3.57276264388326,7.71863812568947,-0.134057632200798,0.0180840636284324,0.0798549887550133
-0.0194671164935819,0.013470703939453,5.35325320442437,8.70751713928234,3.37079631359791,3.59404502826573,7.72252845364027,-0.132762466645106,0.0188351651724057,0.0812998205238933
-0.0180086822186165,0.0126337428590572,5.29050643965002,8.64835827795035,3.36108474321904,3.62702882415298,7.72286592753068,-0.13105893364393,0.0196488628455106,0.0827687981770648
-0.0166614873935936,0.0118460289777838,5.22230428768755,8.5725821896408,3.354370382654,3.67443712978386,7.71866411996939,-0.129192883401672,0.0205542386126271,0.0842261104438845
-0.0157938326190377,0.0113294677203386,5.14829318652033,8.48093654850143,3.35222380567124,3.73863662905917,7.70953594397265,-0.127451107912622,0.021601611714632,0.0857304491949968
-0.0148764373307696,0.0107320697438,5.07602598175189,8.37608863774274,3.35619172763476,3.82058283365067,7.69604110702413,-0.126167912213706,0.0230158352373085,0.0871399158680048
-0.0113095907770904,0.00837636888414305,5.0509441591007,8.26269313856673,3.36742310052507,3.91887970287818,7.67993963427612,-0.125761510821251,0.0244477050147107,0.0884062201038896
-0.00596979029342844,0.00482246536191265,5.05807375739547,8.14707844803623,3.38639270281685,4.02942264407097,7.66416191835001,-0.126782230942053,0.0250984664215036,0.089465118078356
-0.00259379606097528,0.00247599839285372,5.05620767331189,8.03642434782483,3.41283312020542,4.14592261303695,7.65237877708875,-0.129945179165532,0.0261758259919229,0.0905413276054195
-0.00117535179216882,0.0013442283458167,5.03960706580933,7.93756670847662,3.4458817021081,4.26118538826511,7.64823996582134,-0.13614524804891,0.0283813343921829,0.0911175933441687
0.000133369276924547,0.000417982599113555,5.12658934020742,8.29871755976138,3.51051950418964,4.29721330008797,7.82305385917673,-0.140714368146034,0.0280801546283443,0.0933874566185735
0.000469648789909502,-0.000399358025460206,4.96976052621343,7.44262111997484,3.49023858778813,4.48656141958718,7.54101607733665,-0.164075128609143,0.037475543191238,0.091396217068385
0.00150156592654666,-0.00111436644384368,5.01469778044823,7.73739948235354,3.6155534573702,4.60262551637876,7.69601612991275,-0.178446195045259,0.0397900202092712,0.0932095022995263
0.00334547073571713,-0.00248463450239952,5.05843114307288,7.74456668873032,3.57231608873897,4.54584527370505,7.74317707927616,-0.213444238084064,0.0495422619218712,0.0945427463158729
0.00431846395033947,-0.00316295078974047,5.06822973897383,7.72624352342893,3.65768493829884,4.64101746781634,7.78707794606988,-0.249250871559487,0.0590156007570805,0.0955598332452919
0.00537268773474986,-0.00384708317573608,5.09465654138993,7.72681483854966,3.69828179120939,4.66450750373264,7.83592480423982,-0.297867602330907,0.069295608651141,0.0962148327032022
0.00629829369335452,-0.00438158300940875,5.12404324256043,7.73177000220283,3.73273262352732,4.66828015032004,7.88482572705185,-0.357835811006822,0.0812866155582378,0.0967980007436775
0.00715074231910756,-0.0048185320123357,5.15507031172313,7.73835512927707,3.75917540499114,4.65200301692029,7.93156671720046,-0.429797365136159,0.0954930101064304,0.0974203000206159
0.00796673588794997,-0.00520571351741902,5.18633499763091,7.74355949591664,3.77601853869459,4.61615491127021,7.97380905373448,-0.514105484870445,0.112199242488005,0.0976862591697747
0.00878693383440443,-0.00559512519872689,5.21920414741728,7.74541803981032,3.78246141462203,4.56223413340305,8.00973988147486,-0.610727414117118,0.144943444583362,0.0853784482304309
0.00947296150193599,-0.00591924217478317,5.25163794373616,7.74324613923673,3.77871511333201,4.49283434222715,8.0383553761227,-0.719243439768072,0.160560775501542,0.0809608778440652
0.00987029342457585,-0.00608976178853676,5.2805147281796,7.73767539102176,3.76608969881815,4.4114872837865,8.05967107472787,-0.838941971626538,0.171354283827784,0.0786329079658478
0.00972449281144422,-0.00594031341225545,5.30327909230812,7.73040713652365,3.74688779502042,4.32231343941794,8.07468838560017,-0.968866946160065,0.179639601643828,0.077439562813259
0.00905496484024523,-0.00546813198174183,5.31829384921712,7.72368727275254,3.72406585382361,4.22954453641669,8.08507560088036,-1.10788041844307,0.181736030368018,0.0789863180676152
0.00786587506922573,-0.00465369629941338,5.32358374208411,7.71964754313495,3.7007162578881,4.13702732343958,8.09270013031261,-1.25461099895565,0.184596608496853,0.0808279486859242
0.00617233324107758,-0.00348537260099886,5.31845695384577,7.71974133793929,3.67953835648188,4.04787462285821,8.09922153857426,-1.40778713565203,0.187949277845121,0.0830514864383918
0.00418695929024918,-0.00208682838246978,5.30197616499104,7.72444463253082,3.66248794417871,3.96438790948398,8.10586962503998,-1.56624962396723,0.214076368280548,0.0582428087466698
0.00199263264947316,-0.000510406208811431,5.27404434081635,7.73323364697468,3.65067784334178,3.8882135246174,8.11337901950989,-1.72904333810053,0.264505714369359,0.0352451680490588
-0.00090122143365623,0.00154681060104683,5.22862507913037,7.74474257856795,3.64445459966739,3.82054768149465,8.12197637878219,-1.89543705211208,0.325374831163015,0.0175741982879963
-0.00409467581741024,0.00380546474920643,5.17089170738366,7.75702270462462,3.64353378245809,3.76221738902544,8.13136307021084,-2.06493971299985,0.388357031686858,-0.00103256046500383
-0.006757947488858,0.00570476713618694,5.11231519105547,7.76789017693863,3.64713860357246,3.71360601977414,8.14072917005413,-2.23724478072888,0.453821014148236,-0.0213132746763653
-0.00883589748282401,0.00718107800806636,5.05560840096573,7.77535810178466,3.65414530093515,3.67450963421406,8.1488739645414,-2.41213908739546,0.521162795189108,-0.0426047985255284
-0.0109932864676837,0.00863835120769628,4.99394174592763,7.77807739041513,3.66322984842702,3.64402282624171,8.1544534764566,-2.58944100846218,0.590764857833502,-0.0656028376050706
-0.0129614164727981,0.0098949448580811,4.93270917184377,7.77564212788886,3.67297961248575,3.62052281366004,8.15627736139936,-2.76897605163981,0.661890469577747,-0.0893677945295258
-0.0147881948366603,0.0109893764882714,4.87412334202299,7.76864599690819,3.6819463233107,3.60181130075029,8.15352994115364,-2.95058648706343,0.734922776962975,-0.114605387485214
-0.0165699224962541,0.0120075520524799,4.81892039030314,7.75849024699958,3.6886561248245,3.58543237567946,8.14583113818604,-3.13415669670234,0.807044281749194,-0.139207515668516
-0.0184024165852424,0.013045509038184,4.76762357130165,7.74702845775149,3.69160673852435,3.56907431124365,8.1331412695856,-3.31962653338634,0.87210790209038,-0.159229945433003
-0.0208231720181188,0.0144826120403242,4.71709568376196,7.73614885289166,3.68928642797401,3.55090179792284,8.11558535619087,-3.50698566577543,0.9376717582344,-0.178833134285897
-0.0236156005988205,0.016206891286763,4.67397523324133,7.72740282132427,3.68027694863608,3.52975500212765,8.09328503324943,-3.69614302147614,1.00377576362886,-0.197661292150128
-0.0268142802758422,0.0182510971936169,4.63660653199135,7.7218067509434,3.66350230669813,3.50527221026665,8.06626106229767,-3.88679190571158,1.07054784823494,-0.21573148548286
-0.0300983315184204,0.0204069060022181,4.60487490560101,7.71991184996462,3.63859105637374,3.47795586386851,8.0344627712447,-4.07830058535984,1.13066685040552,-0.229298053352957
-0.0332016293640507,0.0224963603320793,4.58488785875306,7.72211421353947,3.60618973444349,3.44906262279896,7.99798416853317,-4.26973772209667,1.18510793592468,-0.23875760919738
-0.0365504971573293,0.024779179603744,4.57122624581028,7.72902687096641,3.56803248336875,3.42019043511961,7.95745306248452,-4.45998138731597,1.23824688266664,-0.246557432560189
-0.0399672789957682,0.0271261799952458,4.55957088033465,7.74166875044554,3.52668193601875,3.39263403229237,7.91442750214961,-4.64783762951634,1.28935183502937,-0.252217076913586
-0.0434660435151281,0.0295353965489438,4.55063744882397,7.76131242016371,3.48502445539361,3.36680485279237,7.87153880726706,-4.83210558396798,1.33697088164766,-0.255442459757195
-0.0485464778852456,0.0329547917068135,4.52892838641176,7.78903730801722,3.44571809943471,3.3420560312249,7.8321958815696,-5.01155537643553,1.38134534414715,-0.256406731470076
-0.05389183414847,0.036539825924891,4.51127314111693,7.82520027154768,3.41079971924915,3.31708137764594,7.79985362138648,-5.18494063996152,1.42252402142699,-0.255238106837714
-0.0582914687005006,0.039513969308258,4.50529931344507,7.86902582763632,3.3815508190518,3.29075528172503,7.77703496762924,-5.35110435751049,1.46037562422807,-0.252086833842897
-0.0622995771098993,0.0422300734931137,4.5002263999049,7.91841813313559,3.35854708470964,3.26297962175459,7.76446624252914,-5.50916362777053,1.49476558008091,-0.247027370123964
-0.0656082214965543,0.0444947411160826,4.49624540288124,7.9700740875214,3.34171152380561,3.23502863014282,7.76076422406796,-5.6586643376542,1.52486335041185,-0.240049404392074
-0.0697098726254826,0.0472614734277942,4.4738583799353,8.01997650788057,3.33026929816527,3.20918313386322,7.76291165679159,-5.79965073414183,1.55081108638725,-0.231355506466182
-0.0763811053139106,0.0516818023672534,4.44078228419526,8.0642062195933,3.32268029119002,3.18789326677041,7.76732889069375,-5.93262110637129,1.57398237826184,-0.221214153110224
-0.0804274746970813,0.0544383757241522,4.44044322009282,8.09980090062831,3.31671538470066,3.17292596357995,7.77104167686338,-6.05839384916491,1.59528468824138,-0.210431210336401
-0.0844617807976788,0.0571826295020269,4.43506761029839,8.12533891944433,3.30977849703504,3.1648596529441,7.77246929844195,-6.17794290996636,1.61467356596401,-0.198317940359026
-0.0876548700326697,0.059369292326727,4.4226132420884,8.14108537475898,3.29943234197674,3.16304268198363,7.77161975066942,-6.29221313035963,1.63294679601083,-0.185585921997661
-0.0904732276070393,0.0612928584779297,4.40967753154392,8.14873691556596,3.28395743367838,3.16589414231471,7.76977493655026,-6.40194885207324,1.65039341849493,-0.172244037170262
-0.0930560935899535,0.0630389992282599,4.40267566465956,8.15090513345011,3.26273329366013,3.17133194322469,7.76890349293063,-6.50760556650709,1.66701067048387,-0.158086681257189
-0.095536920778157,0.064684448129216,4.39526637148783,8.15049011420638,3.23630528549955,3.17719607180059,7.77100776426353,-6.60924327983791,1.68201331276166,-0.144337036136642
-0.0977638195422589,0.0661348306384839,4.39081000357843,8.15007538438041,3.20614300893332,3.18164815263869,7.7775204615701,-6.70657457597447,1.69630387624508,-0.130406827754042
-0.0997143828050893,0.0673841400821909,4.39121949527788,8.15146030180073,3.1742167638186,3.1835211705187,7.78885735886191,-6.79910007278396,1.70993024680222,-0.116775687132655
-0.101381497038592,0.0684412718803309,4.39758934485103,8.15543458320522,3.14255301874681,3.18251296421228,7.8042807102803,-6.88625335240324,1.72535424108587,-0.103890800521623
-0.102784822980704,0.0693364515305749,4.4099788436001,8.16186031237507,3.11288268743615,3.17912092267147,7.82218566001978,-6.96757816715646,1.73782413192728,-0.0916052876481969
-0.103970417541301,0.0701194597243614,4.42735323328611,8.17002818701273,3.08642276579308,3.17433101266905,7.84073669786416,-7.04273556555115,1.74639283481797,-0.0800832402576629
-0.105009329253632,0.0708562404018269,4.44784429035975,8.17912255355471,3.06378394337511,3.16918883491219,7.85858177891817,-7.11158078094078,1.7540076809605,-0.0696509290939284
-0.105991804360631,0.071621692012716,4.46916638551638,8.18857222212036,3.04498443981194,3.16441752264004,7.87532030202266,-7.17414028034209,1.76116575013491,-0.0603642503772332
-0.10701626468294,0.0724890365883291,4.4890308914575,8.19816296511991,3.02955085276724,3.16021960196041,7.89153563608541,-7.23052030398364,1.7678339602962,-0.0521876402846488
-0.112181123000238,0.076443653160261,4.47835773000143,8.18462183307388,2.93556866583865,3.17621267596593,7.88023828690397,-7.28606546892418,1.77244364122984,-0.0451124109046946
-0.105874023392635,0.072035257824993,4.54084436730821,8.23633466840297,3.09501699504394,3.13464023990543,7.95547179022904,-7.31971215473585,1.77659662448057,-0.0391894061942417
-0.111540656014486,0.0764076933431646,4.53020747052461,8.23271656578697,2.99671743439422,3.14307422371481,7.9524541760971,-7.36359889830899,1.78186622332992,-0.0336426997562701
-0.11371294905481,0.0782245553238383,4.53377927884121,8.23996631627795,2.98371141265871,3.14105353236418,7.9743305301241,-7.39829800146967,1.78573439674482,-0.0283678588200082
-0.115791697813358,0.0799498051159489,4.53349746537932,8.25284318224611,2.97130976031244,3.13441641613924,8.00183817673657,-7.42868412819764,1.78857729934601,-0.0233341561890456
-0.117899881009736,0.0816442347570371,4.53019185483841,8.26723176541206,2.95685121128217,3.12649336236892,8.03162026289534,-7.456103877973,1.79066684084043,-0.0183916841834423
-0.130420513040721,0.090706159988321,4.54717192943475,7.91317602876294,2.98899935516665,3.39545325051059,7.90151203820625,-7.49418170432625,1.80532039209707,-0.014129708877318
-0.111855987370967,0.0774807558316419,4.5925152179248,8.67959025195276,2.80219560497277,2.81569209872055,8.24889172139002,-7.49766064191259,1.78074220337587,-0.00584888574752249
-0.11962431906811,0.0830554852745804,4.52585415763763,8.30850751505112,2.94226867853594,3.09123948432785,8.12686275673765,-7.52677297049861,1.79390902125515,-0.00171885026519913
-0.124080422871967,0.0860843972511055,4.50840005845059,8.32137825139727,2.86549612440526,3.07784081013425,8.14954325838913,-7.55010948122661,1.79449205688359,0.00374983100050902
-0.125792804957467,0.0871253883597598,4.50083778703065,8.31184997277901,2.83630973928123,3.07654627974053,8.16257675551545,-7.57146006826178,1.79432055846412,0.00945604859466037
-0.126794912027884,0.0875863825009574,4.49613101746696,8.30358489227442,2.79812887930565,3.07143092619566,8.17116642293127,-7.59254458681641,1.79371439806745,0.015404418497851
-0.127201744075178,0.0875655307706503,4.49198980238351,8.28712867864759,2.75891635616373,3.07031236695604,8.16880149423077,-7.61466755278639,1.79353748124824,0.0214030113580531
-0.127080557808533,0.0871202465490661,4.48866682423,8.26216317028819,2.71903946709454,3.07554362897017,8.15310631911239,-7.639019316152,1.79438366375678,0.0273109549947483
-0.126517298558744,0.0863270048932183,4.48709210397967,8.22913519505738,2.680152102728,3.08863143175316,8.12333909389082,-7.66641962237488,1.79650943778676,0.0330116273672214
-0.12567979869524,0.0853281621980027,4.48877746211161,8.18956497621212,2.64345392345733,3.10941371621145,8.08125419270986,-7.69701555307839,1.79997630192393,0.0384376600806589
-0.124789153167567,0.0843126126174262,4.49554697683475,8.14565886133229,2.60978475478926,3.13595191315088,8.0313225872361,-7.73015592001592,1.80448827784215,0.0436822911023639
-0.124072887884447,0.0834766732008255,4.50935098333612,8.10000884882542,2.57979120553668,3.1649495954445,7.98021796265357,-7.76456569471828,1.80971124523082,0.0486300348854257
-0.123708416137395,0.0829734531406213,4.53215021940062,8.05519879244745,2.55432207102496,3.19271264419333,7.93561339796032,-7.79874972304101,1.81509099248033,0.0533564457139687
-0.123785433059713,0.0828766185409678,4.56588287677555,8.01347385464216,2.53482172888571,3.21616436304147,7.90480906093301,-7.83140360071275,1.82007871873842,0.0579604332250189
-0.124315079814199,0.0831825997522979,4.6124321164186,7.97660851335265,2.52351352860447,3.23344998370878,7.89367317784205,-7.86164286055389,1.82436321336777,0.0625228282822442
-0.125243828506437,0.0838247036783701,4.67346573606736,7.94598206437448,2.52323318992817,3.24398981413389,7.90602694910407,-7.88901649417037,1.8278223781507,0.0670265343441748
-0.126526478699722,0.0847331774467072,4.7536121706498,7.92273842330997,2.536865858083,3.24813803864836,7.94332130307892,-7.91338686549193,1.83054966162861,0.0712928105402962
-0.128153523653992,0.0858610618911529,4.85542261960806,7.90785739851045,2.56643162042902,3.24669679019809,8.00441558646269,-7.93477520635172,1.8325646652079,0.0753497164298191
-0.130138071474315,0.0871813721372119,4.97260914721102,7.90200901757587,2.61197533697118,3.2404877226853,8.08538726293104,-7.95322485162982,1.83409020910744,0.0789579025089378
-0.132255689619987,0.0885440477136183,5.11598682234178,7.90518802615354,2.67054978322461,3.23011729059124,8.17945090760431,-7.96871092109091,1.83530174547454,0.0819215794080007
-0.133775608524265,0.0894739295760238,5.26907759932063,7.91629231930111,2.73569735743168,3.21601561518059,8.27719230755376,-7.98115113704615,1.83606142666173,0.0843945071606996
-0.1343803292409,0.089770546807743,5.40087825976652,7.9329210326778,2.79787511424959,3.19871718513466,8.36741936034599,-7.99054432535614,1.8366318285035,0.0860965908743664
-0.133957841088301,0.0893814033555899,5.48748893145069,7.95162843247819,2.84616923384851,3.17918359182957,8.43892246316053,-7.99715972347885,1.83714382900849,0.0871204419275802
-0.129097029267907,0.0861617448812065,5.40383439966998,7.96660446898836,2.82089235389473,3.15502353111495,8.43894267586512,-8.00137873469663,1.83733855186608,0.0868115353371879
-0.124981380865022,0.0834551096316516,5.32007152889379,7.9744367471328,2.78807041233084,3.13538129526282,8.42458202343363,-8.00540473717531,1.83794974629658,0.0862683394192917
-0.114347175199782,0.0766962375167061,5.07301023331135,7.96299170758617,2.65245343565729,3.11717396887171,8.31318941711855,-8.01075474563384,1.83931331993315,0.0845387443590464
