-0.442107974927694,0.2925170236107,6.43480826352075,12.3932008960655,3.72388350412573,5.36099978118702,9.14190400635967,-8.54981326227502,1.78111376002939,0.591581345471768
-0.449233712298471,0.297051103084703,6.47974997391719,12.5766088478735,3.68500908975312,5.23361539839387,9.27334082712692,-8.50401897725752,1.77831708586082,0.574206822983703
-0.464591679970101,0.307380624649208,6.56339674513688,12.7057347427549,3.68481986654735,5.12644818508154,9.38346057171678,-8.4516814798388,1.77519554500928,0.55671360482746
-0.482352976718327,0.319107125516899,6.66655429112665,13.0489526225223,3.63637178602759,4.91020365707842,9.5918136384569,-8.39513790984711,1.76657334209444,0.537344647234174
-0.478028430076867,0.315818268634104,6.65617046629068,13.2632710502817,3.6018202631811,4.84829889822594,9.75136367322923,-8.33802541598626,1.76297853467141,0.517774844992577
-0.507203110444951,0.336075926740731,6.77905048945602,13.4091269717181,3.67780376463864,4.75260993819763,9.85890721602273,-8.25366384473905,1.75421959158898,0.495662605563817
-0.505965309031019,0.334784959242864,6.75181676216955,13.6392571313171,3.65571316223403,4.70329166736123,10.0194032060758,-8.178244542684,1.74412826455349,0.47161588092944
-0.51600984182142,0.341344853990256,6.76097448934869,13.8141043223108,3.69186763546897,4.67919513133156,10.1478072900968,-8.08817063838505,1.72774046498918,0.444882817469562
-0.52658199901815,0.348242541298251,6.76102342798891,13.968791493793,3.73973470406977,4.67615025334624,10.2608722929091,-7.98996824604792,1.71073807992793,0.417632354364317
-0.536195996577401,0.354500847390314,6.76023579298633,14.1023856159494,3.7924527678409,4.68822341175761,10.3556086685142,-7.88457633659775,1.69176960588867,0.390163356761867
-0.544981962464399,0.360204964540706,6.75759805338502,14.2149435157879,3.84262739095189,4.70931590495496,10.4303044819786,-7.77297733350484,1.6714006862084,0.363276570046747
-0.553605960387947,0.365790213708715,6.75064036870656,14.3073078433588,3.88301228719414,4.73378294027319,10.4844507912994,-7.65604587854358,1.65356075203219,0.338450229638743
-0.561989389361353,0.371215003870119,6.74026383533967,14.3809036365,3.90738452016839,4.75698848547912,10.5186580645764,-7.53442808891143,1.63141846106358,0.314613210750835
-0.569854806124908,0.376309256556686,6.72715172117893,14.4375514392919,3.9111611225042,4.77566370452383,10.5344634120534,-7.40848247948265,1.60746816387774,0.29279564917615
-0.576725037862226,0.380774485197219,6.71400022123823,14.4792859018762,3.89172181931649,4.78808465963281,10.534076192931,-7.27830448258092,1.58146527629037,0.273338646347911
-0.582191330809943,0.384353545248755,6.70302106297693,14.5081858092925,3.84845776712354,4.79408394012724,10.5201147758057,-7.1437881417514,1.55327979444419,0.256434929103366
-0.586661395835944,0.387307636422139,6.68959628774419,14.5262208235686,3.78259246669142,4.79491566843682,10.4953660434495,-7.00471527237772,1.523084007539,0.242171800884347
-0.590079424267429,0.389598752789295,6.67388573989318,14.5351271521939,3.6968322823482,4.79298825378151,10.4625842460865,-6.86084890066457,1.49095863974481,0.230458311249757
-0.592410656003166,0.391199341905398,6.65629033436096,14.5363303009152,3.59491150715451,4.7914811880316,10.4243386414356,-6.71201529841565,1.45707361646468,0.221098891129165
-0.593699568657367,0.392130866641659,6.63732971473155,14.5309197177621,3.48110492704784,4.79389279650248,10.3829055833537,-6.55816465867751,1.42147811716249,0.213812261507261
-0.59403085721242,0.392439813239699,6.61756523708656,14.5196738235712,3.35978115628071,4.80358464643813,10.3401999670133,-6.39940699484013,1.3840866509513,0.208479418255422
-0.593186304232111,0.391977727412671,6.59839575999658,14.5031316509129,3.2350554698002,4.82338143955866,10.2977482452397,-6.23602205784979,1.34506065198558,0.204654339413319
-0.591070627193754,0.390674198672856,6.57811468587999,14.4816920733375,3.11057463516811,4.85528282637668,10.2566972249273,-6.068446299339,1.30475526075394,0.201938125242882
-0.577979833414178,0.382237039408429,6.55733252058316,14.4557142941699,2.98943191881388,4.90032197048664,10.217846577478,-5.89724192404155,1.26333850595439,0.200296154260891
-0.561127805564582,0.371350304194081,6.54443908834937,14.4256007039131,2.87417758702366,4.95856338508367,10.1816948432479,-5.72305639051944,1.22122564941134,0.199210551422347
-0.546608898552038,0.361941037469853,6.51740942485656,14.391848696976,2.76687496927566,5.02921291768439,10.1484849734436,-5.54658282028211,1.17875311718161,0.198818155941054
-0.535699473099676,0.354836663273056,6.47246769039487,14.3550625951608,2.66915737435364,5.11080385971814,10.1182378954238,-5.36853075520411,1.13603656386607,0.198957857389986
-0.532226008271598,0.35256845133445,6.44993328422306,14.3159288487205,2.58225757876847,5.20141362324958,10.090773524615,-5.18961028986997,1.09339701002454,0.199012495014106
-0.532001960260873,0.352412962024871,6.43570611427795,14.2751730437031,2.50700287182001,5.29886932247205,10.065727026839,-5.01052895662233,1.05097032846138,0.199003079555025
-0.53040798924026,0.351368716725981,6.41895330660009,14.2335211948326,2.44379082827498,5.40091327147027,10.0425747161741,-4.8319959052554,1.00892003588067,0.199069161699088
-0.527472863907302,0.349456848590077,6.39992024674164,14.1916775734624,2.39257655674764,5.50532318141422,10.0206832876977,-4.65472548084364,0.967373182441801,0.199078276900956
-0.523481115087515,0.346863209750976,6.38023117354956,14.150322146961,2.35290258679245,5.61000139316622,9.9993868463484,-4.47943239466458,0.926556863198299,0.19887658058985
-0.518597282314281,0.343691861803887,6.36007811647948,14.1101273434216,2.32398734207223,5.71304396057201,9.97808718697853,-4.30681348849293,0.886910691207392,0.197903795706325
-0.512610374426864,0.339800702355082,6.33874882751785,14.0717841900289,2.30486610090439,5.81280050633844,9.95636161501242,-4.13751504791792,0.840872731873509,0.2009237657961
-0.504035694454624,0.33421804928188,6.31252580344293,14.0360196327953,2.29455743413905,5.90793959482766,9.93405262589588,-3.97210326304053,0.795884676177663,0.203174547022707
-0.49314216735202,0.327114210911333,6.28269169268385,14.0035901202131,2.29221470804126,5.99751775860834,9.91131594512182,-3.81102562187282,0.752236308256481,0.205051046269799
-0.48204309099878,0.319860056863164,6.25476658144168,13.9752435663205,2.29722297363688,6.08102831997098,9.88861441330678,-3.65459160091463,0.710951931745005,0.206654184069438
-0.470867932606286,0.312536581454896,6.22905713371913,13.9516523849282,2.30921660283849,6.1584020767606,9.86665927135497,-3.50297208916607,0.670156358064075,0.207761801025649
-0.459691320049695,0.305190553135589,6.20544146209869,13.9333243993292,2.3280167671969,6.22994578205508,9.84630536774397,-3.35620952825522,0.630790639942981,0.208433497151536
-0.448523730267633,0.29782862445238,6.18347819290627,13.9204937603211,2.35351072503659,6.29621850545766,9.82841000528576,-3.21424549867162,0.592782371637233,0.20871115158806
-0.437556169868042,0.290578836030873,6.16561774702122,13.9130079060639,2.38550796011969,6.35785557901744,9.81367816498555,-3.07694995389992,0.556180119184166,0.208734782670132
-0.426789750246393,0.283445147555229,6.15231708032881,13.9102458715764,2.42361158863292,6.41537136634653,9.80252425613605,-2.94415261178491,0.52082020772969,0.20840592227522
-0.415502771194038,0.275959667040098,6.13985612045985,13.9110973000216,2.46713885449409,6.46899750347707,9.79497190156017,-2.81567299437023,0.486572719392459,0.207735403246866
-0.403787689297733,0.268183685717077,6.12573815746924,13.9140200527215,2.51511173370161,6.51861309511141,9.79060565049926,-2.69134553856666,0.453355091087629,0.206766519618788
-0.392055055585151,0.260384812122853,6.10762885739133,13.9171876508746,2.56632144080596,6.563796025461,9.78858607658078,-2.57103836602903,0.421129654413532,0.205470263836006
-0.380284377314504,0.25255261696656,6.08482826148689,13.918712915323,2.61945429535992,6.60399332150304,9.78772794960207,-2.45466420061736,0.389927672105178,0.203899698708945
-0.367764806993716,0.244227378663259,6.05486855146491,13.9169071450213,2.67325391944467,6.63877932810157,9.7866274692649,-2.34218215910925,0.359819929430896,0.202006717832579
-0.354479795485944,0.235401924585649,6.01865099438691,13.9105266794548,2.72668843486438,6.66813915634955,9.78382059161649,-2.23359143684966,0.330877708447312,0.19983806168192
-0.339612903024843,0.225553147574161,5.98086249079343,13.8989616382789,2.77909201050724,6.69269616316511,9.77795226643812,-2.12892015040618,0.3111021727388,0.196197031868788
-0.323776250334805,0.215078518837851,5.94128325902486,13.8823371100173,2.83025657205293,6.71381858381078,9.76793540015475,-2.02820628729554,0.30742538727216,0.194026294009298
-0.305589905136522,0.203091353630739,5.90953649347898,13.8615236956844,2.88045872428345,6.73357374758125,9.75308423943545,-1.93147534690536,0.303579018951104,0.192125344155989
-0.286030702932367,0.190216317283494,5.87721563963381,13.8380767436058,2.93041426774784,6.75451193357081,9.73321522666071,-1.83873651087023,0.300161307987714,0.18922112441621
-0.264768502521205,0.176237542225359,5.84494735102799,13.8141271824134,2.98115973845285,6.77928066509665,9.70871123356001,-1.74997212008128,0.296243934819039,0.187305623550676
-0.242005639441827,0.16128217194612,5.81165281118606,13.7922400594587,3.03387143941557,6.81011539508501,9.68054206873033,-1.66513703664323,0.292735162242372,0.184552182483053
-0.20092149280268,0.130872972052637,5.81131359509222,14.5246185468642,2.91878408533073,6.06526426924233,9.85759549369057,-1.58524909654985,0.290280054664706,0.183239837097548
-0.230542719350451,0.156619307506086,5.9375804187685,13.0291827338439,3.32434976703191,7.70933548910442,9.44900588322618,-1.50077840562689,0.284282212019852,0.179795792530873
-0.182415558864584,0.122491456152376,5.73089538179014,13.742815849924,3.19129742383987,6.92260571922433,9.55474649643952,-1.43091456878648,0.280686276542592,0.177160542319899
-0.142631923763797,0.0961063910155652,5.68622948519188,13.7921959876689,3.27400092360669,6.99948663406073,9.56716058012779,-1.36011617129648,0.278352628097428,0.175279712448446
-0.0967647818077572,0.0660618098995288,5.68071873707208,13.82549388082,3.34539118552603,7.04949262976121,9.55147566835955,-1.29376384981854,0.27548527037868,0.173026978998049
-0.0557071576416202,0.0391985337774177,5.68974313134724,13.8717152268641,3.41820924010574,7.09430107721185,9.5422264062123,-1.2310247376569,0.272970144530205,0.170860253957768
-0.0436024803305116,0.031103810408355,5.69229874683391,13.9335926336636,3.49103550561437,7.12858894820733,9.54141484800686,-1.17174275031489,0.270027853965219,0.169580406283184
-0.033282943273781,0.0241745474909844,5.6987020795271,14.0102277544677,3.56212721942412,7.14990084768571,9.54893401691785,-1.11586203112217,0.262530936865572,0.171458218259159
-0.0274648031416115,0.0201758056653231,5.70408670198348,14.0990052554785,3.62970066349497,7.15775976708638,9.56337828749176,-1.06333606452111,0.25505104522397,0.172863399639047
-0.0225453480446238,0.0167831673245292,5.70918004772047,14.1956585377011,3.69204914777557,7.15367866856813,9.58221169046167,-1.01414813931924,0.248004159984278,0.174468595202172
-0.0181517494872925,0.0137648566215995,5.71356699344106,14.2943422049216,3.74757819749489,7.14066869571463,9.60197587261029,-0.968306637036566,0.241534675127312,0.176117506887524
-0.0139727434621293,0.0109289832550067,5.71908393954953,14.3879412353389,3.7948051983865,7.12234379430854,9.61865679585587,-0.925839912008657,0.235297889508318,0.177992936824487
-0.00927216610537799,0.00780508235209364,5.72639466857527,14.4686577115235,3.8323556184911,7.10182481141321,9.62818542163924,-0.886781731489798,0.226076979141035,0.182694733101611
-0.00431220091862911,0.00456463841591544,5.73254354614583,14.5288407967748,3.85898415954179,7.08070726175769,9.62700758709924,-0.851151568347504,0.21315193364026,0.190266151661608
0.00131597948325975,0.00094248660986395,5.73647640292703,14.5619611274066,3.87363999665737,7.05835312960131,9.61263539708093,-0.81892999613046,0.200322338193108,0.198127680951018
-0.0123555507300675,0.00987544290086544,5.73246077797268,14.5635857705558,3.87558133155623,7.0317061099651,9.58408755945704,-0.790034144132373,0.192526275927795,0.201801078719426
-0.0419597550699154,0.0291808931503475,5.72734749443755,14.5321919572052,3.86452608249601,6.99571026005373,9.54214074711746,-0.764303539185804,0.186733611122956,0.203936017838926
-0.0408776481506962,0.0286423389883257,5.73194954505139,14.469662937431,3.8408062295534,6.94426238946287,9.48934161718436,-0.741495604242978,0.181732792211028,0.205658211678058
-0.042650869345994,0.0299856674294032,5.73457876742599,14.3813358366061,3.80548060090731,6.87150360567666,9.42976198781173,-0.721295277924249,0.177704940946399,0.206788486878842
-0.0435881792127241,0.030808816137875,5.73353023244184,14.2755291576488,3.76036003306154,6.77317787473316,9.36851786319844,-0.703337017547089,0.174833901117025,0.207183640478639
-0.0413578565084368,0.0295906602397574,5.727830730231,14.1625681552334,3.70791357572733,6.64776921083866,9.31111167598354,-0.687236797302405,0.172390189910701,0.207889161217121
-0.0370255068929205,0.0270127194525678,5.71813499099113,14.0534267150066,3.65105472508215,6.49719801014991,9.26268732213144,-0.67262863106653,0.17047589241733,0.208645186784078
-0.0318488424770951,0.0238812035775068,5.70523499269549,13.958195460805,3.592843881852,6.32698370567307,9.22730713103152,-0.659197547263119,0.168931995560149,0.209633722012181
-0.0259327386062364,0.020255369972983,5.68942413713745,13.8846501807942,3.53617261842317,6.14590060437823,9.20737004628262,-0.646699644465386,0.167641988832076,0.210926249537052
-0.0195783426439248,0.0163230405891037,5.67161162278827,13.837201937004,3.48350392699519,5.96523288607055,9.20328302027261,-0.634962211611671,0.16651570744105,0.212547924226208
-0.0136765074289592,0.0126565762472712,5.65444440015326,13.8164343555921,3.43672578456149,5.79777115884379,9.21345612203913,-0.623862338479497,0.16554099550754,0.214431674017326
-0.00804699343404457,0.00913289607943859,5.63603062593956,13.8192970912774,3.39713837708696,5.65668274876326,9.23462279492414,-0.613289141838362,0.164544789087045,0.216502614236843
-0.00267479141345127,0.00573996940555331,5.61860155907956,13.8398797689752,3.36555197509948,5.55435160134307,9.26241750592065,-0.603100645714922,0.163325396568179,0.218739688470909
0.00187632181039296,0.00285030597901537,5.61733108349452,13.8705772728384,3.34243978063396,5.50126471578874,9.2920908537137,-0.593090432286663,0.161725302587022,0.220789729025294
0.00724999459360789,-0.000600625146051373,5.63357388802146,13.9034050649361,3.32807747491905,5.50501620994785,9.31921987254612,-0.582976904189871,0.159662106755983,0.222735231815509
0.0118760797588038,-0.00360123840896311,5.65381935587206,13.9312262546469,3.32260914448205,5.56949187484449,9.3402827172295,-0.57242295350476,0.157698358503385,0.224396221925748
0.0127060794654285,-0.00416951407028759,5.68145083157078,13.9486901580529,3.32600640504918,5.69429751865399,9.35300422781913,-0.561085249042408,0.15506158160365,0.226075406803294
0.0102752264891371,-0.00264494895930271,5.71862562362325,13.9527540836948,3.33792841826478,5.8744945803843,9.35643596168799,-0.548681207454377,0.151820594447249,0.227363946317842
0.00788876572338801,-0.00116736636065608,5.75676635175461,13.9427534779201,3.35753210594825,6.10068907750715,9.3507993885085,-0.535057701249262,0.148908604102539,0.228266788195138
-3.83875473676243e-05,0.00392744524984061,5.72218472902482,13.5904898980277,3.42745069446374,6.71955500277986,9.20862952953389,-0.521467044301798,0.147343961090759,0.224799136813294
0.0696726253994213,-0.0412280402552148,6.18833667807634,14.2143398965605,3.37395159290885,6.2821358161017,9.44176244411839,-0.50628763403878,0.14035788605058,0.233914768191649
-0.00158290813451407,0.00471410672296164,5.85058064575754,13.8497779316875,3.4446337021377,6.89398131557137,9.2942342508728,-0.491527268843805,0.137918767762084,0.230710663974336
-0.00394204799337822,0.00619454497713913,5.88148941425558,13.8109518954177,3.47432845165942,7.1491206072584,9.26754338397905,-0.475054051397571,0.133078284883711,0.232114029321724
-0.00582670519436636,0.00739768120062477,5.91188254835091,13.7752873371192,3.49873653410511,7.36360981937519,9.24026662063585,-0.458941880343301,0.128717903835157,0.232857952632084
-0.00736033222565745,0.00840483144767099,5.93624123716348,13.7452409226899,3.51599488140687,7.52765351950892,9.21322363347687,-0.443693206573574,0.124244026600355,0.233845751215618
-0.00859022839134209,0.00924776317916194,5.95241815568735,13.7246364471979,3.52460386229781,7.63258542258547,9.18807329955728,-0.429677738686734,0.12007223292949,0.234615167587881
0.0526987197332278,-0.029997301269255,6.24209381101584,13.9512106127499,3.49734676515578,7.44096140750863,9.27495846426208,-0.41485091221896,0.114399542939816,0.239403083027771
-0.0124405615827616,0.011718787487165,5.8524710670118,13.4553649923146,3.55369591086869,7.97524390328823,9.02574378690492,-0.405735355950862,0.113684887110105,0.231803983062821
-0.0148352103141328,0.0135134886884884,5.89678264029674,13.7563595827095,3.48678442598949,7.54115674331618,9.141170673296,-0.395566049657676,0.108965397683457,0.236781285397431
-0.0122837775691207,0.0120424901041152,5.8877255593358,13.785655903995,3.47489945859232,7.4790806653804,9.13310370999556,-0.387257516647745,0.105863974469889,0.237495360316736
-0.0117288925633137,0.0118253635875353,5.84989241515364,13.8380117827593,3.45011590712348,7.33513752198968,9.13628754311614,-0.380455020439414,0.103044869043331,0.238447964238383
-0.00963831249774143,0.0106174702488831,5.81430167870665,13.8941277549787,3.42601139671432,7.18520360450241,9.14225120454901,-0.374587170972674,0.100266610270471,0.239745637796128
-0.00737743710663298,0.00928903699416904,5.77457659846132,13.9516574590033,3.40366695816168,7.03512055887522,9.1510393751837,-0.369488328579249,0.0981307942735855,0.240250649279132
-0.00491938856039681,0.00781433079405974,5.73304177650743,14.0049592472073,3.38496005777832,6.89660296586511,9.16058601046974,-0.365050014592434,0.0961247084765836,0.240923061915581
-0.00224147852389937,0.00617130470944825,5.69273798105231,14.0492331122081,3.37108697040727,6.77756014539047,9.16896419525811,-0.361219154529794,0.0946871247251686,0.240775475104191
0.000115262986364467,0.00470511936027834,5.65661842818193,14.0806849926088,3.36270046737579,6.68300599951998,9.17438879039871,-0.357992116838889,0.0932129558406154,0.241000433442481
0.00157087508064598,0.00378746644492951,5.62580915589116,14.0968775606032,3.35990469226706,6.61506860438752,9.17541706104193,-0.355404499894858,0.0920241346048013,0.24094299074095
0.0015479729622789,0.00379185288785344,5.60193132860189,14.0968037894148,3.36232276945985,6.5734091766155,9.17104776957123,-0.353517532802665,0.0911603498392114,0.240543657412582
0.00144611850430373,0.00381095987459903,5.58268442823772,14.0807703122488,3.36919959439307,6.55577224420266,9.16075498440188,-0.352402672279164,0.0905066296743424,0.239852778261637
0.000795082513759746,0.00415539591851191,5.56929606478146,14.0501477133158,3.37953299511353,6.55859855585334,9.1444699756567,-0.352125354647454,0.0900381169774509,0.238885061081665
-0.00131766539740541,0.00542552304650207,5.56297799538631,14.0070691169347,3.39222325448652,6.57763588402796,9.12254133318211,-0.352728852260951,0.0899015300704031,0.237626193867802
-0.00431814535814033,0.00725818027278381,5.56184898922248,13.9541547767421,3.40622925766935,6.60849989713883,9.09570534490368,-0.354219793683483,0.0900931780618462,0.236097334534068
-0.00786365393328892,0.00944187055904046,5.56468991876525,13.8943178577445,3.42071521751667,6.6471403192882,9.06508631617485,-0.35655743362559,0.0906044331257454,0.23431986895313
-0.011844931820322,0.0119171079961696,5.57101625337167,13.830666259397,3.43516899570673,6.69018333256007,9.03222450109925,-0.359649758936713,0.0913958576880228,0.232364300179551
-0.0159919995034162,0.0145181911125199,5.57898003928241,13.7664805549135,3.44947454326606,6.73514320788968,8.99911308637936,-0.363359078147511,0.0924049827645805,0.230335859477206
-0.020014976912577,0.0170648189387395,5.58730473988022,13.7052305244453,3.46392658237669,6.78050379680275,8.96821786115559,-0.367518518433564,0.093574108576919,0.228350934838546
-0.0236554652672001,0.019394652813391,5.59541503948175,13.6505827600342,3.4791838549261,6.82567161647793,8.94244957816581,-0.371957789932299,0.0948677319018953,0.226498377890434
-0.026417671655439,0.0211901488629758,5.60557465200868,13.6063524535792,3.49616823144323,6.87081383430688,8.92506248409741,-0.376532968650206,0.0961646597447178,0.225061136765549
-0.0282978437211062,0.022446636137327,5.61682256771531,13.5763693041373,3.5159270887899,6.91660254915097,8.91946798939306,-0.381152702978839,0.0975731849850094,0.223900731553177
-0.029443542181116,0.0232537825652214,5.62768673344296,13.5642487177893,3.53948147203316,6.96389062673294,8.92897202647724,-0.385793007352369,0.0990822261291956,0.223137682769462
-0.0299453625669723,0.0236636804813863,5.63914100481792,13.573085787456,3.56768423775432,7.01336517818562,8.95646013946969,-0.390494718837071,0.10068429804767,0.222899457379486
-0.0302273910138265,0.0239443551536071,5.65359550746485,13.6051221395679,3.60111147834731,7.06525139707335,9.00406913478737,-0.395341965559885,0.102403332992481,0.22324474590107
-0.0300418244808546,0.0239262530840788,5.67098096165831,13.6614547922533,3.64000449975156,7.11914396204744,9.07289469127773,-0.400425266427933,0.104268278108646,0.224182406547954
-0.0292387086841233,0.0235049550426588,5.69188011451995,13.7418503009305,3.68426797292222,7.1740141567167,9.16277963508272,-0.405797044538411,0.106186594228413,0.225888773461883
-0.0279969002897208,0.0227919404240799,5.71753769125634,13.8447003725409,3.73351625008636,7.22838831997475,9.272209442974,-0.411429306742061,0.108278640716296,0.228039570038935
-0.0267897987719417,0.022091021089326,5.74743630802974,13.9671193308485,3.78714960136556,7.28064185537898,9.3983218672487,-0.417182911656772,0.110476897966992,0.230565131515374
-0.0257933732941508,0.0215154605484337,5.78030476530628,14.1051546597165,3.84443881074094,7.32932625137502,9.53702343316334,-0.422795657591379,0.112590150979393,0.233531725454129
-0.0250905538309658,0.021120555029217,5.81477835461938,14.254071572888,3.90460202557393,7.3734602329622,9.68319917349653,-0.427892909429943,0.114532948826321,0.236707154843969
-0.0251470740954584,0.0212128393799069,5.85135901673857,14.4086831674844,3.96686779360814,7.4127465472391,9.83100201941808,-0.432020437460119,0.116108051639506,0.240005861296413
-0.025887449612426,0.0217466417495168,5.88828297527609,14.563704552215,4.03052383400478,7.44768977625402,9.9742077360308,-0.43469523508535,0.117098125383701,0.243359413065735
-0.0270235518205582,0.0225372469464351,5.92313393156817,14.7141044626381,4.09495140323837,7.47959905473461,10.106615393795,-0.435467205044103,0.1173367650373,0.246611998599622
-0.0284943022056239,0.0235467787590575,5.95499579476041,14.8554285077318,4.15964304233546,7.51046479747509,10.2224619658593,-0.433982840528619,0.11668507639783,0.24964132049038
-0.0301580750009918,0.0246832330422076,5.9831648145614,14.984064130503,4.22419759703194,7.54269840413614,10.3168065997232,-0.43004184139489,0.11505905603322,0.252321791094013
-0.0318532991103782,0.0258390214309262,6.00630766512947,15.0974076378247,4.28828578679459,7.57874368742419,10.3858351270857,-0.423638763559311,0.112421365780422,0.254595741166306
-0.0334378975817304,0.0269180202712824,6.02370028425768,15.1939011442327,4.35158607623551,7.62060961951502,10.4270432039199,-0.414983738683801,0.10886046165758,0.256309382658692
-0.0347949504838101,0.0278398448136022,6.03492495732287,15.2729325780316,4.4136993364459,7.66940098158239,10.4392758586753,-0.404498701866689,0.1045217097747,0.257363240035062
-0.035836347108715,0.0285431862637935,6.0397489836842,15.3346225824615,4.47405753251038,7.72492543274463,10.4226289762847,-0.39278872261705,0.0996296618247642,0.257711451511971
-0.0365063818612389,0.0289891965903492,6.03811769268624,15.3795462356492,4.53184596537806,7.78544984918366,10.3782443395241,-0.380591444284339,0.0944667041543965,0.257306542124108
-0.036787605820223,0.0291661001341335,6.03015647551971,15.4084442629822,4.5859582248637,7.84766214756774,10.3080433855572,-0.368710470674681,0.0893355567066374,0.256126772988087
-0.0367035751652567,0.0290913827749811,6.01617559518024,15.4219620739153,4.63499544012656,7.90685563851006,10.2144424151776,-0.357940423318761,0.0845562934789997,0.254148838918316
-0.0363153931344418,0.0288094691937983,5.99666984100006,15.4204301209232,4.67731114917437,7.95730692173408,10.1000815735234,-0.348992199945683,0.080416330467273,0.251377678021762
-0.0357129386130778,0.028385487077004,5.97230409910277,15.403688086826,4.71109624900995,7.99278016183223,9.9675910381822,-0.342426833847908,0.0771754970065021,0.247811079329226
-0.035009434516103,0.0279008339937305,5.94387904908742,15.3709566948041,4.73449569005013,8.00707268217325,9.81941078294439,-0.338605156869157,0.0750293953673346,0.243466617252858
-0.0344938134963908,0.0275508425508428,5.91228015034647,15.3207664238341,4.74574963180165,7.99454133026575,9.65766921432337,-0.337657922056798,0.0737270364445071,0.23929624267026
-0.0340944777978396,0.0272964157003745,5.87872010225178,15.2509722404232,4.74335514121486,7.9505955591655,9.48411892725749,-0.339478016276094,0.0739370888246129,0.233752532482266
-0.0344276430104944,0.0275440791355119,5.84610023097153,15.1589149544654,4.72624556040612,7.87216902062173,9.30013420963733,-0.343735736646113,0.0755858050912916,0.226950228634897
-0.0900640866246858,0.0639965140831318,5.81744695582104,14.7812881164494,4.55984963099214,7.57684767178471,9.03318257337425,-0.355103469015546,0.0805359611010276,0.218450346740298
0.070180166198456,-0.0400052922065985,6.31682361569316,15.1230254902401,4.76504637068917,7.74278399432608,8.97024616138332,-0.353746905206694,0.0787705555080495,0.216845864699934
-0.0369464811918148,0.0294744604376929,5.76465745699657,14.7147973561932,4.58890250897774,7.4356409793471,8.6923835132703,-0.365849277087969,0.0850763263951955,0.207219859628788
-0.0381560970560408,0.030407459906519,5.74110004180969,14.5150637364715,4.51719494793923,7.23643167366033,8.47594126331763,-0.373673369326076,0.0893951401899478,0.200155009889865
-0.0396411573034648,0.0315301514725512,5.71923271880633,14.2952469818708,4.43825290964491,7.02597871207358,8.25523569056001,-0.380745452382828,0.0941844600762597,0.192447598695587
-0.0414495739856978,0.0328697700841447,5.6983325092089,14.0624438920688,4.35585226633521,6.81756939770067,8.03138255863329,-0.386703428027157,0.100844685121052,0.183291499500146
-0.0436485198361455,0.0344605706520672,5.67506339646906,13.8290429993113,4.27478311387664,6.6276788749409,7.80643470603765,-0.39131543836328,0.110166816159061,0.172126824708482
-0.045484740581969,0.0358137645569379,5.65296693151382,13.6106314943923,4.2000545964832,6.47403270898344,7.58271159810278,-0.394533117826955,0.119364146251746,0.160715913108592
-0.0474448228035088,0.0372404843349348,5.6308652615559,13.4241140204946,4.13639205512722,6.37369111752837,7.36257711195247,-0.396446781261436,0.128028467792184,0.149976804299681
-0.0494961783206387,0.0387176125056494,5.60852400022687,13.2847210877146,4.08764601092391,6.34050969752925,7.14822055703005,-0.397214346969434,0.136232410188179,0.13975907747353
-0.051688994830177,0.0402783112738608,5.5873069158526,13.2022221206258,4.05616339863737,6.38204705495549,6.9416440984501,-0.396989005377816,0.144304097780257,0.129388859235911
-0.0539671361416785,0.041885495335173,5.56702435802312,13.1771222404883,4.04223633179725,6.49625086529415,6.74508657803729,-0.395878592124417,0.151694056891641,0.120636928537646
-0.0563708123905744,0.0435662972907062,5.54891980651841,13.1980524379535,4.04381097936785,6.66872489675771,6.56192173903245,-0.393955260479754,0.157451276378461,0.11384596080462
-0.0583595662007113,0.0449744470885518,5.53658637107115,13.2417543941934,4.05666804281871,6.87195658105199,6.39761878585401,-0.391310683277136,0.159003163952183,0.110021778699976
-0.059686397779402,0.0459559677088383,5.53500081141897,13.2767488773676,4.07522269446578,7.06817111318406,6.25985953431042,-0.388090106703502,0.160033994270524,0.107967963500758
-0.0618081207851454,0.0474475263674486,5.53694709738427,13.2707715298294,4.09390874706197,7.21685132779537,6.15689773403235,-0.38447249752966,0.161896397139603,0.106932604065965
-0.0646140957562562,0.0493799692296506,5.54314361281659,13.2003921326013,4.10883741844513,7.28590341211817,6.09423339023035,-0.380564930490758,0.164924869053243,0.10770110439583
-0.0674584955177109,0.0513370941296657,5.55355133666924,13.0593294129221,4.11914135577946,7.2624040918252,6.07133070639614,-0.376308558370207,0.1692408980173,0.107594103036626
-0.0693241608381179,0.052665327279677,5.57080800512985,12.8611740033141,4.12733115418932,7.15714684929198,6.08087921523047,-0.371516407880602,0.174377763113092,0.109326202120017
-0.071592928848225,0.0542516576584632,5.58610170013442,12.6343493985206,4.13836287936578,6.99970432505847,6.11158589687669,-0.366026349905763,0.180169370503047,0.111788965393743
-0.074606553238561,0.0563133107870155,5.59554047746907,12.4117353559372,4.15785384973413,6.82675153150861,6.15270496975919,-0.359851005231549,0.187877716904544,0.114415250575269
-0.0763146812752042,0.0575224144526795,5.60154017599402,12.2205762749418,4.1903810705326,6.67051619771462,6.19734730663464,-0.353203878372814,0.195232088736242,0.117103940302181
-0.0771843754540568,0.0581764293569862,5.60353702440381,12.0770510730673,4.23857852282861,6.55254213123232,6.24311877398589,-0.346372703172835,0.200989048718848,0.12007644392528
-0.0778114424160226,0.0586551381535503,5.60209456278821,11.9860147509126,4.30310965463196,6.48315981513688,6.29079035627972,-0.33957583707024,0.207230324723488,0.123258548639881
-0.0785126632942983,0.0591567093546815,5.59854624664894,11.9438127356063,4.38315914195283,6.46408397624031,6.34247509110967,-0.332894346005459,0.214128156408704,0.126703325598443
-0.0800064027466642,0.0601412938953148,5.59620105206647,11.9419069742328,4.47706311456754,6.49160387444086,6.40027445991645,-0.326275269291731,0.221641721332937,0.130541021649392
-0.084266650033577,0.062889182677569,5.60339283370972,11.9699984139814,4.58285561956732,6.55909044944086,6.46561724766569,-0.319592650306536,0.229516712906487,0.134980844226375
-0.0895563127264377,0.0662614973120589,5.61346515380564,12.0181730504297,4.6986475382704,6.65855694954689,6.53910915786436,-0.312725356300977,0.238378942319427,0.139254706165428
-0.0954527225805613,0.0699816314421566,5.62578685665795,12.0780784435851,4.82283424331827,6.78150026090813,6.62063458135464,-0.305624897424357,0.247356389043529,0.143912835912361
-0.102021499173322,0.0740940918661549,5.64003698503852,12.1433570553216,4.95416998794607,6.91936339061422,6.709534243251,-0.298352614941909,0.255756909533946,0.150262960356295
-0.1087903677323,0.0783009338677887,5.65758639060701,12.2096145591557,5.09176115605264,7.06387254856137,6.80478523382731,-0.291093395767344,0.265216317464924,0.156108771457472
-0.114344794341565,0.0817008778910988,5.6832801469295,12.274159694952,5.23502418589832,7.20737236127228,6.90516895222839,-0.284152061105979,0.273875837159979,0.160529258037742
-0.116829413650919,0.0831248262155386,5.73689629777264,12.3356785097857,5.38363775678238,7.34318304696252,7.00942711504109,-0.277909267505586,0.280183153479253,0.165526956639393
-0.119023979392558,0.0843655404018098,5.79704914282911,12.3939237255369,5.53749850002266,7.46594843641668,7.11639417001899,-0.272776830726566,0.284801039391509,0.171083100361244
-0.121138361790913,0.0855688027894387,5.86039994518355,12.4494295475914,5.69667160868046,7.5719309948812,7.22507867559075,-0.269151653366402,0.288914286549722,0.176892637923786
-0.122094264109645,0.0860904847851618,5.97003406411458,12.5032321860043,5.86132277022156,7.65922315387354,7.33467002332834,-0.267377576972687,0.29289127624779,0.182961175774999
-0.12224709072755,0.0861277044582209,6.0860186875246,12.5565833227692,6.03162628477403,7.72786199820543,7.44447234282084,-0.267711627855324,0.296944013973533,0.189738516145727
-0.122414162144632,0.0862053623215591,6.19943097197487,12.6106675614411,6.20765939643959,7.77982975181521,7.55379953087336,-0.270298889955952,0.301489363170935,0.195692549506378
-0.121900312185085,0.0858792981222262,6.31584767906374,12.6663613365214,6.38930829951235,7.81889266643655,7.6618869268707,-0.275167685870604,0.306483987827054,0.202401639572417
-0.121604452138181,0.085723204863357,6.42857334071903,12.7240752427128,6.57621499146869,7.85021366724086,7.76787000412305,-0.282232408480334,0.312100048721402,0.208776624680218
-0.122414135013491,0.0863070843075149,6.5367371303855,12.7837006121701,6.76778150971487,7.87970411740787,7.87084797667089,-0.291311016701207,0.318385899853756,0.215214639067262
-0.124139568191837,0.0875010513237468,6.63911645001695,12.8446552634669,6.96322826484309,7.91316384393584,7.97001218029326,-0.302146785376754,0.325209210744465,0.22173363782514
-0.126817895635599,0.0893198498842093,6.73290904561929,12.9060012599285,7.16168570983383,7.95536059631224,8.06479368456599,-0.314432845630197,0.332410275438479,0.228408594238028
-0.131386596675272,0.0923512851626128,6.80489547243805,12.966594590816,7.36229032690395,8.0092506344651,8.15497942673081,-0.327835624607583,0.340000346909439,0.234800542200711
-0.13815896168815,0.0967962248339253,6.86126143783889,13.0252314616628,7.5642606314966,8.07552198060064,8.24076132588819,-0.342016612493575,0.3478396771709,0.241315990104589
-0.147379599116781,0.102808664559275,6.90695618524922,13.0807727039929,7.76694295871723,8.15257193734533,8.322708833717,-0.356648677987374,0.355920060765013,0.247800317483358
-0.159226513002749,0.110494906638243,6.94300467050292,13.1322440177523,7.96983229110127,8.23691157199783,8.4016804118357,-0.371429760460747,0.364213397704921,0.254258417820804
-0.173759383930565,0.119883001302766,6.96902677636074,13.1789151611471,8.17258094329916,8.32386788234774,8.47870098162807,-0.386092274597512,0.372668767275219,0.260753923893346
-0.190400901638997,0.13058919976367,6.98509344388947,13.220351925828,8.37500237918011,8.40840359617764,8.55482852735259,-0.400412432087784,0.376467599163472,0.266847754061258
-0.208109905498906,0.141929802228083,6.99012942213851,13.2564263987486,8.57706793924098,8.48588867828153,8.63102725248278,-0.414192386833336,0.380384414367631,0.272081010610773
-0.228330944628606,0.154846710382254,6.99834420085054,13.2872768550509,8.77889035329311,8.55269546837277,8.70806180745454,-0.427266834786009,0.383590583079137,0.278892698742966
-0.244023656373958,0.164787869025746,7.02595795089929,13.3132197248065,8.98068731282402,8.60654447273025,8.78642106884341,-0.439480015275699,0.38659700387635,0.285213427294039
-0.260634878798323,0.175263924626354,7.0502194098459,13.334629325137,9.1827221755775,8.64658485292837,8.86627465447039,-0.450669050226195,0.387993254954075,0.292581137138061
-0.274340730499715,0.183827575029927,7.10641144718951,13.3518110691098,9.38522440243256,8.67323401050439,8.9474625264715,-0.460647142555336,0.385293644674984,0.303138318898294
-0.286319554736225,0.19123309110422,7.17626074130281,13.3648904214139,9.58829265210342,8.68782818929684,9.02951346766305,-0.469196224185744,0.380778296299513,0.313964393079491
-0.298713545985551,0.198872638297709,7.25490169280828,13.3737317686495,9.79178428502444,8.6921536593572,9.11168259301033,-0.476071250074684,0.376725382141266,0.324162743811256
-0.307749983857497,0.204312293546968,7.3429738903386,13.3778962302244,9.99520075197339,8.68794770443459,9.19299739214506,-0.481017402464037,0.375084960874004,0.331897116249805
-0.312042280246651,0.206668596044845,7.4449378374937,13.3766427835268,10.1975858751015,8.67648112918057,9.27230730023454,-0.483796513114131,0.373312065223239,0.33881605802866
-0.310939900012859,0.20553259614495,7.55959064176452,13.368976090842,10.3974630628885,8.65832881394147,9.34834042162669,-0.484220633186429,0.369790443059007,0.346385500432779
-0.307787573805615,0.203077924554283,7.67403182707997,13.3537440238843,10.5928420137523,8.63339100028492,9.4197775897101,-0.482180014049077,0.364350846071834,0.353887220285932
-0.30504466828685,0.200920066547709,7.79738733169471,13.3297786366675,10.7813155368359,8.60115753805867,9.48535077990067,-0.477662602154298,0.357570181299944,0.360767309550544
-0.302144889096147,0.198711166144944,7.93516243676032,13.2960595914126,10.9602444381384,8.56112863129154,9.5439605240181,-0.470761588268516,0.348516601877123,0.368085160109467
-0.300333930014974,0.197265189798313,8.07514018291978,13.251871057659,11.1270047629622,8.51325799771308,9.59479584299465,-0.461670439701329,0.337600504862763,0.375861451619336
-0.303062754158061,0.198832699157084,8.22221203207917,13.1969270459509,11.2792572630581,8.45828558405066,9.63743508326165,-0.450665446405268,0.326229763887155,0.382487635338656
-0.306207309810029,0.200739709941032,8.35989635886509,13.1314473231062,11.4151933803163,8.39786450038311,9.67190348840061,-0.438082560166148,0.314006491925877,0.388669362079965
-0.310023650268131,0.203161128922825,8.49972740256003,13.0561730624156,11.5337155027214,8.33445938873078,9.69866838614321,-0.424291947103878,0.301107385638567,0.394355567983192
-0.314679068185532,0.206202007123102,8.64200450310722,12.9723253266943,11.6345266023601,8.27106772982894,9.71856916478695,-0.409674399599734,0.287652839691418,0.399521169899312
-0.320371247960625,0.209980994846424,8.78570598964713,12.8815198964088,11.7181242021689,8.21084797222748,9.73269452457084,-0.394601970061846,0.273997410651609,0.404032720554431
-0.327009481667304,0.214424451674371,8.92775239996583,12.7856499452506,11.7857051823989,8.15674459626533,9.74222743697844,-0.379423598112154,0.260206602309664,0.407869980167523
-0.334468861290798,0.219433534893515,9.06469999130137,12.6867494613986,11.8390005844482,8.11118492234714,9.74828457878352,-0.364454567229397,0.246406418392262,0.411075555908185
-0.303452573726732,0.196422519017601,8.24969530667017,13.2262352828345,12.4140773173227,9.07038843006517,10.0087814329606,-0.337890709276889,0.223147232610418,0.426404890280907
-0.357151017215002,0.237449754525118,10.6433682552353,11.8595733134859,11.3602309861896,6.79785915263356,9.48074059469833,-0.359875409159656,0.229614408234094,0.396181931193864
-0.362022099615288,0.238336052508149,9.44217105545737,12.3711562285519,11.9118022468607,8.32595497001058,9.75080575446836,-0.324207334779931,0.199058242001841,0.412424115723146
-0.370289036061377,0.243390565075593,9.53405720264785,12.3093895883579,11.9448974660823,7.95971363359336,9.75231346031793,-0.317100786416923,0.191337231562079,0.412506150583198
-0.373738067318152,0.245643731944935,9.57385699279012,12.2235584819546,11.9596758282346,8.05845239825682,9.75044993606717,-0.305040285370471,0.179182971143235,0.412835865718988
-0.381014449732744,0.250409565554663,9.64408905027269,12.1427651773033,11.968852969601,8.04771216154369,9.74321228370654,-0.295512523413067,0.169562090433443,0.412345001011742
-0.387159206657524,0.254417098426816,9.69816632990965,12.0663710658136,11.9744671202245,8.0717333645297,9.73300743384158,-0.286799592080586,0.16084815793749,0.411460085689872
-0.392841019020827,0.258099640782319,9.74671156288271,11.9963865010684,11.97761146028,8.08818397428071,9.71876586859891,-0.279332805862233,0.153598287296738,0.410165180194879
-0.397924591576801,0.261377879298172,9.78905242710168,11.9329322797719,11.978765924094,8.10358476049695,9.70058774285872,-0.272976459666476,0.147840510889884,0.408500421040201
-0.402542504787297,0.264350431970111,9.82798133343108,11.8770835895188,11.9788776376758,8.11205264742275,9.6790402476364,-0.267737187017018,0.143712040776581,0.406532178958927
-0.406694009741909,0.267029372739704,9.86550721455525,11.8305259591261,11.9794752196825,8.1118478623344,9.65569769672678,-0.2636187454721,0.141261029754187,0.404381900415953
-0.410342878718081,0.269401651344513,9.90367414078167,11.7959238313002,11.9829184195712,8.10174797837848,9.63322319853389,-0.260692614523937,0.140535792976499,0.402209841559593
-0.41326138012401,0.271326481827559,9.94458338320464,11.7768622490738,11.9924085855593,8.08261524586862,9.61537560050598,-0.259113292155588,0.141571190609909,0.400211136374021
-0.415255986627205,0.27268042525735,9.98985655917183,11.7776455364936,12.0118224285933,8.05736994183112,9.60678061529826,-0.259136805974464,0.144372851931569,0.398625697635753
-0.416742310097011,0.273729033260594,10.0390520870339,11.8028492758059,12.0453278294069,8.03099521740267,9.61248209050219,-0.261117376690244,0.148995159154166,0.397630398171953
-0.417102769257563,0.274067535638874,10.0982073782146,11.8566813750283,12.0968190651781,8.01005953121623,9.63729611533222,-0.265478949914349,0.155472153653957,0.397373180624534
-0.41636418521872,0.273702827144219,10.1673960625413,11.9422102265044,12.1692321700941,8.00189400430784,9.68504122099401,-0.27265768163587,0.163800016284772,0.397914420039917
-0.415711227576113,0.273386928281258,10.2388439196626,12.0605607729962,12.2638359894462,8.01350782087677,9.75775343756109,-0.283019409241273,0.174014346445661,0.399202097172861
-0.415492731064634,0.273333331079758,10.3104825130658,12.2102004908176,12.3796122232561,8.05041678783985,9.85501531404497,-0.296763346197606,0.185975708052494,0.401035357234127
-0.416007431989265,0.273724798796675,10.3801994235582,12.3864462079814,12.5128402645293,8.11557462410754,9.9735258876499,-0.31382931141049,0.199417077150998,0.402555249938666
-0.417541260992855,0.27473875949472,10.4456889115597,12.5813128264279,12.6569888096657,8.20859559457012,10.1070169295115,-0.333828241247162,0.214035489561563,0.404011315164199
-0.42035075903131,0.276537551187904,10.5044613892989,12.7838002009299,12.8029890433014,8.32540519218488,10.2465832584933,-0.356013651956737,0.229297331184894,0.405236318827529
-0.424552962074356,0.279197860992275,10.5543329925027,12.9806658372107,12.9399210659002,8.45839833781504,10.3814407177334,-0.379305041308032,0.244754604447478,0.405823178032084
-0.430060853492216,0.282669131452709,10.5938250384102,13.1576540934598,13.0560837635461,8.59714361445075,10.5000568258804,-0.402364524771148,0.259327207888058,0.405590578723105
-0.436625638174544,0.286800413225052,10.6221462538461,13.3010640400247,13.1403475425278,8.72961021304965,10.5915283182509,-0.423718686940208,0.27243569660646,0.404241636907833
-0.443866124084652,0.291358300297102,10.6392549157691,13.3994616767828,13.1836234008964,8.84377753178663,10.6470177469188,-0.441910261385306,0.283416944119441,0.401597743434083
-0.451026516853743,0.295868698648357,10.6466677171473,13.4452912023306,13.1802308833529,8.92933224652199,10.6610204684355,-0.455660244112464,0.291719470686334,0.397635902400551
-0.456967386518799,0.299609101020938,10.6476246744677,13.4361175327902,13.1289218573688,8.97905534374315,10.6322316297343,-0.464018584687067,0.296952191664144,0.392552867537902
-0.462208456129693,0.302927930990149,10.6415437224029,13.375251491992,13.0333378381976,8.98954057914326,10.5638314151368,-0.466481091236349,0.299055835291959,0.386570059032369
-0.466689104193812,0.305794735402545,10.6303833365296,13.271590165897,12.9017657065692,8.96108758407068,10.4631073296841,-0.463052298482401,0.298194650297603,0.380073334716018
-0.468458386426297,0.306950792394636,10.6193350283503,13.1386350937257,12.7461899357124,8.89689914573717,10.3404627011907,-0.454240479913038,0.294714114069379,0.373411247715314
-0.463618317378511,0.303871943051612,10.6162730656421,12.9927982663711,12.5807757224605,8.80193386943663,10.2079794419335,-0.44098184844593,0.289016980247541,0.367138715845592
-0.464743762888195,0.304695443101794,10.6097104735973,12.8512440916693,12.4200254547799,8.68182127876682,10.0777803368183,-0.424505967633048,0.282686807018627,0.36093410452823
-0.466552777905339,0.305994818194736,10.6118967490085,12.7296140814917,12.2769084535175,8.54212532936466,9.96046229004605,-0.406169961742892,0.275036019847794,0.356797025120965
-0.467495010510392,0.306756814173026,10.6285968796555,12.640009186032,12.1612597100606,8.38803195880697,9.86384548744557,-0.387292537486643,0.267994499455036,0.353094505402708
-0.467640182464455,0.307016326523374,10.6629628280174,12.5895568305035,12.0786879598423,8.2243719942105,9.79221468544283,-0.369021029810856,0.262339671594301,0.349493381037066
-0.467901527749638,0.307353115826546,10.7122129114684,12.5797867836975,12.0301480559864,8.05582336346813,9.74614119423049,-0.35225095890937,0.256806915454916,0.347900072664765
-0.46697900970051,0.306917851331787,10.7816920461417,12.6068935235339,12.012221388255,7.88713590008644,9.72287670082399,-0.337601494210524,0.252418164796531,0.347022584512275
-0.465381723140147,0.306033212526315,10.8704735352781,12.6627912464343,12.018019669045,7.72326286766201,9.71720963300299,-0.325437457083283,0.248394000170681,0.347679133929548
-0.463072966414512,0.304670566202832,10.9771529162425,12.7367204863723,12.0385175769546,7.56934524717188,9.72259777751949,-0.315915741901206,0.24639354819733,0.347415071149395
-0.460234286364296,0.302944590212656,11.0988826928621,12.8170777934399,12.0640535690498,7.43054546166808,9.73235490604935,-0.309039355257243,0.245878442941788,0.346400353808491
-0.45788705059813,0.301515615503561,11.2310402054507,12.8931279993829,12.0857277687236,7.31175108717343,9.74067962727616,-0.304701977586862,0.2448687602397,0.346703470477514
-0.458905079578622,0.302244662032783,11.3653096133211,12.9563220687716,12.0964746637495,7.21718359762167,9.74337002853573,-0.302718925064954,0.24499540645898,0.345676640884173
-0.464271576047552,0.305769258990378,11.4949236392783,13.0010581052965,12.0916798702296,7.14996507072145,9.73814965398102,-0.302846258686164,0.245311516675969,0.344371907759225
-0.471933529557951,0.310761875433852,11.6184989080877,13.0248589591987,12.069320705502,7.11170659237262,9.72461602564004,-0.304791918574972,0.245556387261868,0.343042962473582
-0.483525540815912,0.318285091288877,11.7349379497794,13.0280604607178,12.0297091087211,7.1021874158343,9.70389350389668,-0.308224299708432,0.246399480113633,0.340702947367627
-0.49674582883303,0.326852331236223,11.8481685623591,13.0131776472559,11.9749749441663,7.11920041317426,9.67811419924666,-0.312782248206352,0.247058961469413,0.338459619730352
-0.508867703624385,0.33469123328785,11.9347892088175,12.9841360253111,11.9084422304662,7.15862643731003,9.64985748307515,-0.318088224384517,0.247672235646449,0.336198415792776
-0.521803721310582,0.343048236730374,12.0024901011644,12.9455284511383,11.8340274913797,7.21476054271697,9.621655086246,-0.323765539838923,0.248261361181761,0.334015676333309
-0.53443108035748,0.35119850382353,12.0477490003948,12.9020001645696,11.7557407390701,7.2808697269373,9.59562865682284,-0.329458584047789,0.248763747348419,0.332094699356859
-0.546451811069191,0.358951533861656,12.0661186851819,12.8578007382024,11.6773174926715,7.34991805847745,9.57328373729709,-0.334853715465283,0.24940638241349,0.330431091598877
-0.557242251226889,0.365906847348331,12.0564819177853,12.816493444282,11.6019726358886,7.41535451903986,9.5554493973649,-0.33969901702902,0.24997703872882,0.329151798719013
-0.566053681887986,0.371582970611443,12.019312626651,12.7807840286644,11.5322459288229,7.47184031726521,9.54232924580509,-0.343818308200108,0.250335579794394,0.328277041397467
-0.571547502957083,0.375115967316684,11.9572109038943,12.7524278770574,11.4699081654904,7.51579786761394,9.53361908214895,-0.347117863046454,0.250527668563016,0.327729120523841
-0.574365558133484,0.376923399411675,11.8709885408909,12.7321967149345,11.4159160970586,7.54569557846272,9.52865297350725,-0.349584398716725,0.250523102700474,0.327504095353189
-0.574937244298215,0.377284379312193,11.7634793749649,12.7199115377764,11.3704249330882,7.56203579779674,9.52655402501468,-0.351273982244284,0.250304206079728,0.327577084301667
-0.573448209277207,0.376319355390233,11.6394075881662,12.7145604121898,11.3328750400006,7.56706612332656,9.52637699945854,-0.352293644185756,0.24988264377432,0.32788503105844
-0.57029437375542,0.374284315237288,11.504244234667,12.7145101527054,11.3021590070947,7.56427764510778,9.52723509324504,-0.352778488383795,0.249282186352762,0.328353897977066
-0.566091721884664,0.371577407861652,11.3633631077648,12.7177930010695,11.2768509077197,7.55778416054568,9.52840366753778,-0.35286772286052,0.248457557619033,0.329000782139517
-0.561260981261632,0.368469534650922,11.2198653784709,12.7224269995167,11.2554608427309,7.55168358783265,9.52939441644811,-0.352683128207465,0.247438458303731,0.329764132995858
-0.556041046289565,0.365114743236376,11.0768909112733,12.7267190594817,11.2366709534084,7.5494902178093,9.52999557804216,-0.352313121262486,0.24624051192596,0.330618406456721
-0.550702107507644,0.361689080001882,10.9380763808546,12.7294992258144,11.219511463129,7.55370827633302,9.5302754814288,-0.351804346895666,0.244860944169823,0.331520209994593
-0.545657376652279,0.358462374474597,10.8059107150182,12.7302470045067,11.2034487654988,7.56559210912271,9.53054823536885,-0.351161068326538,0.243311056169343,0.332497600073506
-0.541283869150233,0.355682047414558,10.6823232444489,12.7290927299769,11.188378042667,7.58510573494763,9.53130388346237,-0.350351125657292,0.241581082783851,0.333593676138009
-0.533477697522014,0.350691699161243,10.5682332625558,12.7267038347811,11.1745350145414,7.61106746767096,9.53311218205784,-0.34931645013625,0.239611067773117,0.334830703877586
-0.522494924252609,0.343660121380332,10.4640679902014,12.7240869769126,11.1623566847295,7.64144523547609,9.53651333249831,-0.34798574210495,0.237346345992703,0.336085827462808
-0.520274093721495,0.342326242450681,10.3707176903644,12.722348894637,11.1523275618479,7.67374732282812,9.54191076090336,-0.346286806156737,0.23555148531506,0.336918688534322
-0.520052413419931,0.342307488987489,10.2893734122501,12.722464091016,11.144848127997,7.70544503965048,9.54948436602748,-0.344156650077955,0.233219851744743,0.338590689680361
-0.520205447380793,0.342548373292283,10.2192369722469,12.7250917151671,11.1401537987936,7.73437127293376,9.55914273355394,-0.341547866165019,0.2317371790432,0.339590296105598
-0.520496083161327,0.342890843685336,10.1598169905547,12.7304737171026,11.1383007660501,7.75904164424938,9.57052748857055,-0.338431306660503,0.229688122218518,0.341510986545446
-0.520699678831868,0.343183352138673,10.109854916299,12.7384313331146,11.1392199650025,7.77885219418511,9.58307211129817,-0.334795406206842,0.227800843109817,0.343531972362844
-0.520623604820083,0.343294533861515,10.0676623257619,12.7484492931364,11.142817276058,7.79412425697527,9.59610090355378,-0.330643892029121,0.226162353352034,0.345543869368527
-0.520078018294954,0.343095610394252,10.0320451478491,12.7598086153328,11.1490773525033,7.80598485262427,9.60893811057975,-0.325993579795876,0.22478394384107,0.347443609238991
-0.518945674786321,0.342506405245009,10.0025173330435,12.7717160491373,11.1581237719598,7.81610193108527,9.62099256196685,-0.32087360877932,0.22363526235767,0.349281460650636
-0.517278359588838,0.34155807714054,9.97915640610656,12.7833872627667,11.1702034740748,7.82632760822798,9.63179330533433,-0.315328218813981,0.222733159980135,0.350833942416255
-0.51529223502756,0.340390057745354,9.9625998904278,12.7940668027216,11.1855917786783,7.83832083959508,9.64097138541242,-0.309422080925696,0.222054478988131,0.352042265711374
-0.513267170119268,0.339184517455591,9.95409072009143,12.802996348295,11.204442898773,7.85323403037611,9.64820506116589,-0.303248078371078,0.221581477326379,0.353112595065931
-0.511499634183631,0.33813518285214,9.95510079149446,12.8093656500968,11.2266328947094,7.87154573808775,9.65316168268951,-0.296935482236056,0.221272340225748,0.354040529374042
-0.510294864444899,0.337441512599218,9.96673327138042,12.812291208862,11.2516510956726,7.89308597258408,9.65547049425047,-0.290655712969345,0.221162587891976,0.354920478907174
-0.509938390285035,0.33728969306105,9.98921217582155,12.8108608110483,11.2785875805686,7.91724541003758,9.65475005106264,-0.284625252332305,0.21944390128071,0.355999932682254
-0.51067196295607,0.337836803640831,10.0215662793716,12.8042598499045,11.3062407143279,7.94330658269801,9.65069698365063,-0.279096885537025,0.218382065267017,0.356843953640325
-0.512668662354888,0.339194795324079,10.0615877047379,12.7919586920449,11.3333317958603,7.97081425398221,9.64322036593574,-0.274348860098991,0.217738691820438,0.357433286364862
-0.516000365112119,0.341409788956885,10.1061001803445,12.7739087816719,11.3587795171004,7.99990455224622,9.63258924695083,-0.270661509821845,0.217461593587508,0.357813037697721
-0.520587672165576,0.344430177090103,10.1515830519494,12.7506938298563,11.3819753277639,8.03150735023589,9.61955906718966,-0.268289739094736,0.216680151772566,0.358304573948262
-0.527988452251408,0.349264570762058,10.1927260649722,12.7235950004225,11.4030029062547,8.06735955146773,9.6054483529236,-0.267431620002124,0.217854585074946,0.358221071161076
-0.551359091958424,0.364444871437989,10.2355682741113,12.6945378527311,11.4227496179067,8.10982130037677,9.59214322423267,-0.268197637984617,0.218312173528154,0.358363138940438
-0.561072043496687,0.370763711184675,10.2616182284144,12.6659121707394,11.4428783125605,8.1615254011619,9.5820181996321,-0.270582589718136,0.219769084016097,0.358418955771977
-0.570526076245243,0.376911239992423,10.2795825385428,12.6402922044947,11.4656621017592,8.22491124696811,9.5777771020951,-0.274445401090801,0.221698854320362,0.358686756203547
-0.579506316587929,0.38274914518717,10.2886459330902,12.6201049202579,11.493709159733,8.30171256420785,9.58222781896963,-0.279499153485428,0.224082215503311,0.35931881792866
-0.587609586039782,0.388018289067543,10.2910072070349,12.6072988820043,11.5296180782258,8.39247627429446,9.59801061721459,-0.285314753425339,0.226707758956033,0.360434432008783
-0.594603899056774,0.392569009713172,10.2878775892745,12.6030700003745,11.5756157652851,8.49618097102225,9.62730721394446,-0.29134036392359,0.229355999827916,0.3621579030034
-0.60024388223509,0.396242634367782,10.2805918487899,12.6076929126124,11.6332324092953,8.61002084686284,9.67156366020947,-0.296937714434513,0.231798973671359,0.364560008504162
-0.604253798851025,0.398860637619656,10.27028251721,12.6204878865251,11.7030614496181,8.72941945494607,9.73126362115505,-0.30143404883764,0.233912607050735,0.367735551079529
-0.606501747054481,0.400337301608437,10.2572407232437,12.6399359498982,11.7846434606179,8.84829695614471,9.80578960804939,-0.304185870682551,0.235418280674032,0.371667352223694
-0.607007612651076,0.400684306961271,10.2401532032339,12.6639366539505,11.8764982530815,8.95956277968042,9.89340311162246,-0.304647561288468,0.236083243682315,0.376259944827003
-0.605676863060292,0.399838922928759,10.2172873574626,12.6901737961004,11.9763036720814,9.05578127555001,9.99135710580385,-0.302436034115166,0.235768776457496,0.381362486765932
-0.602537271489303,0.397817274081453,10.1867915835014,12.7165262818637,12.0811907014167,9.12993659466147,10.0961321976787,-0.297381633169261,0.234421213450161,0.386762120160995
-0.597674319978011,0.394672492421365,10.1471684617762,12.7414494761253,12.1881039903444,9.17620038277504,10.2037668915052,-0.289556126004242,0.232121883286488,0.39221141762709
-0.590966111258704,0.390323514067866,10.0982671685438,12.7642485416004,12.294160519012,9.19060773314688,10.3102308707471,-0.279271621414158,0.229013281906029,0.397427005431545
-0.581965017349809,0.384480641241496,10.0441262731004,12.7851711381462,12.3969305505926,9.17156779678696,10.4117758654924,-0.267048558661929,0.225307369515821,0.402125374912991
-0.568954045428976,0.376038660257696,9.99856386921104,12.8052794151219,12.4945795103227,9.12015354795388,10.5052040534363,-0.253556448250384,0.221255408451441,0.406055973585519
-0.554631185731341,0.366732867592805,9.94883015576359,12.8261142309828,12.5858443306894,9.04012852767535,10.5880150800745,-0.239536304145082,0.217202489692653,0.409043999489469
-0.539630501520593,0.356973337540003,9.8970450986582,12.8492159583735,12.6698582617218,8.93768815220292,10.6584206350345,-0.225717361713527,0.213423765828295,0.410966728930416
-0.524449510627106,0.347083630746294,9.84645190893655,12.8756071910276,12.7458783696702,8.82092719675037,10.7152482433097,-0.212741703114754,0.210436975996973,0.411772778468644
-0.509576078978304,0.337382199944826,9.80020904447222,12.9053635021664,12.8129996327817,8.69908093968654,10.7577833298317,-0.201110010883124,0.208566150503568,0.41148156598956
-0.495518892208207,0.328201030082037,9.76023855596401,12.9373820805534,12.8699408526492,8.5816102769152,10.7856061789459,-0.191155188016371,0.207549278578499,0.410164523296286
-0.482756633603693,0.319852357738639,9.72740891714082,12.9694121825453,12.9149650196681,8.47722277227504,10.7984730032853,-0.183044128997364,0.207400866914173,0.407921465901443
-0.471278688985479,0.312334409631159,9.70683980830081,12.9983465236876,12.9459564550785,8.39294444644266,10.7962709741035,-0.176805023310986,0.208302535882388,0.404857627644265
-0.461070535682048,0.305637851181198,9.69758128123045,13.0206994769853,12.9606244914803,8.33336245758425,10.7790453976754,-0.172371217434873,0.209563622682688,0.401083348873853
-0.452976517322249,0.300305603972571,9.69356826907838,13.0331489818118,12.9567661488732,8.30014460359584,10.7470700656744,-0.169626646633044,0.211428054172568,0.39669903393115
-0.447170282071612,0.296449077034346,9.69314332905348,13.0330077254463,12.932510003358,8.29191385959577,10.7009197818894,-0.168448975256033,0.21377051054548,0.391774945087407
-0.443803760549745,0.294165255661514,9.69339749686516,13.0185165202361,12.8864800189054,8.30450947727453,10.6415073346164,-0.168738826452778,0.216569965505135,0.386404870668744
-0.443021474824746,0.293547567732082,9.69113351800373,12.9889197117689,12.8178626656779,8.33160748650483,10.5700678790346,-0.170434063239137,0.219778167758014,0.380636446733668
-0.444559400410918,0.29442692546181,9.68318971174951,12.9443496326388,12.7264006112012,8.36561258289077,10.488094593683,-0.173508819778342,0.223375742196933,0.374507818255738
-0.447870213376077,0.296453740619202,9.66722262755806,12.8855889038287,12.6123516374682,8.39867396724947,10.3972401045268,-0.177959544041186,0.227337314549808,0.36803972989474
-0.45108565276308,0.298430959262406,9.64954079940096,12.8138000165757,12.4764514721294,8.42363880819913,10.2992039466257,-0.183781725018637,0.231769844282917,0.361304264883351
-0.454281924301868,0.300411042037126,9.6203488247313,12.7303001510951,12.3199017048536,8.43477061240894,10.1956229889705,-0.190942265267075,0.236609094802497,0.354305936269164
-0.456964619089824,0.302081441341313,9.57667066404333,12.6364260254413,12.1443809968761,8.4281343661686,10.0879756991729,-0.199353090498416,0.241856182884742,0.347089661578444
-0.459451856039209,0.303653106285734,9.51401168757876,12.5335049276474,11.9520687180923,8.40165120808365,9.97751502448837,-0.208852283595069,0.247441226617309,0.339690020635464
-0.461358104424407,0.304879810477556,9.43079853601643,12.4229177666797,11.7456636203579,8.35491205275839,9.86524702803888,-0.219197522087713,0.253264509702521,0.332149876748249
-0.462328849989602,0.305531554539636,9.32624241434107,12.3062111421833,11.5283729428353,8.28888676879136,9.75196372302417,-0.230073903528756,0.259201716782841,0.324523211522844
-0.462076435483226,0.305417425457813,9.20035334455807,12.1852095229647,11.3038527969797,8.20565364476254,9.6383254711221,-0.241114752106958,0.26510755177525,0.316898004289712
-0.460355723364012,0.304370423239461,9.05416264499503,12.0620892863744,11.0760918986404,8.10821252179159,9.52497386075403,-0.251931237966464,0.270781963140018,0.309270835249187
-0.352286390391786,0.231919086380706,8.45352377387914,12.2356063466385,11.1302540479035,9.07776159728974,9.53335615637814,-0.256322762135944,0.271043456132414,0.306411159003583
-0.497492550198261,0.331386488146882,9.72711736674996,11.5329893673975,10.3590012812514,6.89388838354846,9.18559462464387,-0.282232929797579,0.273631774097792,0.287568051685177
-0.444495513568286,0.294375040196613,8.51081380092138,11.7195563068592,10.4140245895137,7.72998438390751,9.19941862990592,-0.285475655774516,0.272410239379759,0.285394337097823
-0.43643309733488,0.289109299942649,8.30735087347975,11.6112779418692,10.2121191704123,7.66366986559199,9.09372464191048,-0.292088403729075,0.271122865905052,0.279286248907356
-0.433191210328675,0.287037178819856,8.14529504297984,11.5191397036648,10.0252256487209,7.56509495137478,8.99605462658551,-0.297348452876608,0.270472701733318,0.273202603346795
-0.426844461528417,0.282963420801132,8.02892077016782,11.4413757954966,9.85408973705444,7.47885161101516,8.90509791618327,-0.301041451263682,0.268762817376633,0.26822562616601
-0.416872515523007,0.276545832734525,7.95534544977916,11.3791526613107,9.6988473607322,7.41069603292659,8.82133149273581,-0.303164311312674,0.268339739968824,0.261830854308508
-0.404920953080583,0.268805986455386,7.86857139649003,11.3331250582747,9.55864188349997,7.36298073065085,8.74491317543174,-0.303755744770238,0.268796113944566,0.254510059720326
-0.393246676749556,0.261220929137828,7.78388600075558,11.3030530838076,9.43158318556672,7.33610304719747,8.6753944046064,-0.302879320487453,0.269569658847477,0.24699014501908
-0.382322177534338,0.254107048776464,7.71032634167805,11.2877438125671,9.3148737337382,7.32841913313487,8.61166416647327,-0.300615814065792,0.269909231856409,0.240135821496749
-0.371616936343275,0.247116929399977,7.64074157760767,11.2850639599959,9.20500231701869,7.33629696393776,8.55199125630961,-0.297063678479101,0.268877077838338,0.234763145154174
-0.357529988135698,0.237928466249141,7.58572148248697,11.2920377684281,9.09800888399587,7.35441231247907,8.49417249208408,-0.292344999481128,0.268496967511131,0.228330870297691
-0.346780440060311,0.230884698957929,7.53186239356524,11.3050519827263,8.9898207991489,7.37629509713879,8.43578028206391,-0.286619700788902,0.267214610030774,0.223153752311941
-0.337875379729305,0.22502219801492,7.4817820904473,11.3201724978557,8.87664208068854,7.39509443310595,8.37447564665482,-0.280095372130142,0.265964004796398,0.217791851992454
-0.331828450267123,0.220983921354911,7.41738574583494,11.3335547254202,8.75535589099454,7.40447531832252,8.30833244498201,-0.273034914309632,0.264520921009901,0.212559426777691
-0.326892878009892,0.217646672486904,7.34433295336505,11.3418988483031,8.62387956810798,7.39950596040745,8.23611039659412,-0.265753870873636,0.263122409056224,0.207079659561867
-0.322670769421547,0.214760400779652,7.26519810280499,11.3428784077926,8.48140587074504,7.3773746764211,8.1574253751588,-0.258607889488893,0.262064038856154,0.201187730285897
-0.318808356442544,0.212106230630433,7.18312949570792,11.3354698195913,8.32848171537806,7.33779668806915,8.07279207450473,-0.251972096341883,0.260789049288726,0.19553683669519
-0.315157277126626,0.209598559514872,7.09949603500669,11.3201282323427,8.16690932388934,7.28302957798565,7.98354467758431,-0.246213111266332,0.259316861005735,0.190016783613679
-0.311674060572846,0.20722081206382,7.01549124334224,11.2987783701478,7.99948873536422,7.21749142420954,7.89166390629868,-0.241662484406683,0.256896004715971,0.18593542428638
-0.308269455628139,0.20492629070775,6.93142459658453,11.2746044779871,7.82964135261634,7.14703860249048,7.79954579718208,-0.238588253692985,0.254995898201251,0.18096541071863
-0.305271978102904,0.20293862153012,6.84803017160536,11.251644620327,7.66096722902624,7.07802303420866,7.70974227525667,-0.237177112016571,0.252986454586401,0.176636517821362
-0.303004491795169,0.201474357109277,6.76461199339131,11.2342333359872,7.49679959300515,7.01630315328938,7.62469834987153,-0.237518421559238,0.251278823828122,0.172279873789641
-0.301996998310991,0.200880659696408,6.68026617708157,11.2263699874901,7.33981784086431,6.96639205359357,7.54650736079733,-0.239599951902534,0.249995873071825,0.167954644170909
-0.302393533115266,0.201254409300598,6.59836821073811,11.2311072496111,7.19176673227614,6.93089343671041,7.47670269205192,-0.243313041782929,0.249194803250634,0.164130276453524
-0.301595645314105,0.200915608608702,6.52727007597305,11.2500660929122,7.05331689501484,6.91030962639105,7.41610480439071,-0.248466654429875,0.248882572203774,0.160637364342138
-0.302629562890904,0.201799350102803,6.45228918491435,11.2831808540172,6.92408729589998,6.90321971599618,7.36474737872093,-0.254809323677865,0.248994351521011,0.157508847470903
-0.30276503329573,0.202144668269931,6.3961410344356,11.3287460615557,6.80282833088293,6.90675312412754,7.32190323655576,-0.262066195183013,0.245716644791705,0.153754977697535
-0.303256317331609,0.202735338682331,6.34932696846759,11.3837776818289,6.68773655234044,6.91723619911982,7.28621496010764,-0.269932316198269,0.241819573039021,0.151900391167536
-0.30397707849303,0.203460083839504,6.30357389662539,11.4446279197154,6.57684419129417,6.93087922467469,7.25591449845585,-0.278119195862232,0.238374202603989,0.148567365590538
-0.303765049836815,0.203553654088666,6.26569413575454,11.5077302924801,6.46841009428534,6.94439550858658,7.22910031813123,-0.28637009490287,0.234851825955425,0.146128174320139
-0.303165738577437,0.203352425032334,6.23416663401225,11.5703174713718,6.36123871312816,6.95547354864235,7.20403255141897,-0.294458489057451,0.231350694466611,0.143447819328584
-0.301212365603876,0.202214695993999,6.20349229645318,11.6309480556971,6.25486533666853,6.96305117002921,7.17940247618818,-0.302189175658411,0.227740937417341,0.141199158261176
-0.297606485619197,0.199945255376449,6.17397328351094,11.6897107685938,6.14957093777268,6.96735914437972,7.15453290620445,-0.309387843930897,0.22405191985257,0.138998852829344
-0.292809536425416,0.196850638865642,6.14803957132074,11.7480496572232,6.04622793314638,6.96971232447989,7.12947411187509,-0.315890694925736,0.220292712069989,0.136859916951168
-0.28530189356639,0.19195327563669,6.12243202035571,11.8082410063558,5.94601317708741,6.972061809489,7.10497137368319,-0.321535376371123,0.216493719161018,0.13480356946761
-0.275177303328824,0.185326820779325,6.0961914170511,11.8726322978312,5.85005096862423,6.97637934677023,7.08229792597893,-0.326159110005644,0.212711138500291,0.132876648692899
-0.261655259509372,0.176485882878885,6.07423458821124,11.942828670715,5.7590707130889,6.98399425454613,7.0629818890722,-0.329606615366022,0.209075029859344,0.131119523793234
-0.24569787552101,0.16606537028742,6.05489721784843,12.0190488013874,5.67316780784084,6.99503441259469,7.0484911047582,-0.331748906377446,0.205500999565075,0.129561379963293
-0.22911252976296,0.155242205708845,6.0343021699442,12.0998307314036,5.59172948805976,7.00812560237296,7.03994939400016,-0.332506382415282,0.201992550231461,0.128230064595185
-0.212558166252133,0.14444901679541,6.01199866467932,12.1821744010811,5.51354301966181,7.02045704509009,7.03794563658306,-0.331872407746062,0.198545272869623,0.127148408675883
-0.196588865544074,0.134046987347482,5.98801617560206,12.2620999735379,5.43705749574092,7.02824090058148,7.04247062289996,-0.329929091932279,0.195146226333501,0.126313366986244
-0.181735162877184,0.124378098500289,5.96183376658621,12.3354971289218,5.36073104510439,7.02750379174077,7.05298046852137,-0.326850271430628,0.191864459818917,0.125703675508246
-0.168371487290526,0.115681249900173,5.93314238047996,12.3990728699208,5.2833765440294,7.01505115050732,7.06856088564133,-0.32289180893842,0.188656536913707,0.125253699367027
-0.156522260107045,0.107967800583237,5.90166419716197,12.4511904984302,5.20442471775317,6.98938640577296,7.0881560528597,-0.318373913323654,0.183138863274569,0.125217132395357
-0.146082866724421,0.101166627678104,5.86769410546196,12.4924195085091,5.12404706925195,6.9513784539314,7.11081730182964,-0.313643412165455,0.174392594095758,0.127322119594476
-0.137093815324403,0.0953023130917896,5.83169619846315,12.5256747250186,5.04311635057895,6.90451365014842,7.13592603046311,-0.309054621918221,0.162850241569089,0.131834272961012
-0.129601579552496,0.0904068603211881,5.79549246582454,12.5559003483592,4.96301944359812,6.8546382642478,7.1633467905837,-0.304940095946335,0.15470679885546,0.135344762643486
-0.123431682282696,0.0863711184748428,5.7607396629144,12.5893372278506,4.88536698107106,6.8092003668601,7.19346907787556,-0.301598646311348,0.147088936233283,0.139582098137739
-0.119624247412352,0.0838683992295202,5.72322352488871,12.6324906131775,4.81166237072995,6.7761013384041,7.22711454855567,-0.299263084389782,0.140488954258135,0.142724356026326
-0.117378487903867,0.0823903389149121,5.6876691327755,12.6909754221323,4.74299665790022,6.76234153606914,7.26531917770681,-0.29809094900946,0.134726328323361,0.14553807520921
-0.115943489946217,0.0814601033884811,5.65761130742131,12.768450783051,4.67982652463058,6.77269660639316,7.30903504934381,-0.298151267002051,0.129758238549423,0.148219574087657
-0.114184375126513,0.0803536114963737,5.63827422710315,12.8658515992365,4.62187405901419,6.80868938133479,7.3588226600009,-0.299419056048903,0.125570023824578,0.150629691916172
-0.113042725200345,0.0796809900243642,5.62550883915961,12.9810683435997,4.56816173371008,6.86809940851553,7.41461149538766,-0.301777912998046,0.122074381041491,0.152894627049795
-0.112498754607797,0.0794323336782352,5.61921144081565,13.1091377471742,4.51717146858071,6.94516089011141,7.47559050625422,-0.305030888575059,0.119168441451729,0.155030835366771
-0.112733576273538,0.0797247736393191,5.61812538827816,13.242907024111,4.46709644873393,7.03145072616197,7.54025401518601,-0.308919863561639,0.116713207251847,0.157147087706334
-0.113824443188732,0.0806059914306097,5.62092202483226,13.3740388641512,4.41613914131379,7.11729158650579,7.60658721824634,-0.313150523899731,0.114615621134729,0.159127397210448
-0.11572675779567,0.0820423974237792,5.62617649278518,13.4941636022084,4.36280205557291,7.19335728774541,7.67234366516596,-0.31742025081376,0.112701096030128,0.161010143107899
-0.118359115323841,0.0839742937771572,5.63254330102647,13.5959707006499,4.30612118210457,7.25212336588705,7.73535079077253,-0.321444052288251,0.110913332821877,0.162812488730801
-0.121595646514364,0.0863108706169473,5.63883863328942,13.6740553909446,4.24580370682621,7.28885709183794,7.7937805433407,-0.32497584197665,0.109170112764639,0.164519806612035
-0.21009092273511,0.147608913508797,5.82377787970388,13.2224610169984,3.92409121433567,6.54973574698288,7.7854982987813,-0.347521019998882,0.121021248041001,0.15663406591838
0.0163216986163001,-0.00479507463176904,6.49130631095837,14.26643175143,4.39902644963437,8.14438666686301,7.93040294504662,-0.308243841402866,0.0904312729481909,0.177680679626571
-0.130427505826875,0.0921235283396465,5.67430828068998,13.7429794041844,4.04394215587252,7.19889014645418,7.96174588061662,-0.326763787537886,0.0994277764674987,0.172628504767345
-0.145542858115154,0.102558237821432,5.66265380354769,13.7148738179277,3.98989543826796,7.23329390160647,7.9638872718774,-0.328746038767678,0.0961264325507885,0.173564786161163
-0.153099376218488,0.107656405036195,5.66169382773544,13.6737909321763,3.92478114220695,7.1697707098928,7.9942058638847,-0.328409475205295,0.092309872972917,0.175842973642859
-0.157455786590839,0.110551618440286,5.65798973749257,13.6169892822504,3.86536948534868,7.11420133141123,8.01673406162632,-0.327046057995352,0.0882866362039776,0.17807668394911
-0.160209938913015,0.112323871946294,5.65146933387763,13.5510204236095,3.81052766754807,7.05446297389519,8.03631067311453,-0.324907608127876,0.084172094470405,0.180345909007052
-0.16138462057702,0.112996914384437,5.64271363552596,13.479113471131,3.76109333352058,6.9939493188799,8.05320691264517,-0.322090230920739,0.0800518213673229,0.182515606032412
-0.161158415996218,0.112691636730744,5.63253911555238,13.4046256675743,3.71713935095233,6.93269057280835,8.06836672424985,-0.318702924380899,0.0761009381186073,0.18446179150415
-0.159715311392037,0.111535792844527,5.62183266146906,13.3303588432686,3.67842402531083,6.87038588184553,8.08252425213609,-0.314854099235614,0.0725379459172888,0.185971258472732
-0.157262220647553,0.109675532700621,5.61142683531968,13.2588437573666,3.64446072825574,6.80664707351698,8.09633328785954,-0.310646088633262,0.0694075064417484,0.187025213180513
-0.154010226291587,0.107262135910649,5.60199930455487,13.1924605910035,3.61466013492538,6.74160458536353,8.11036704404445,-0.306167695917059,0.066566761505872,0.18780928123815
-0.150162370205612,0.104442597403128,5.5940075299148,13.1334815056662,3.5884478649934,6.67625085910465,8.12513140627202,-0.301489701960147,0.0638681426312473,0.188514816274996
-0.145911852030287,0.101356979457771,5.58765265550282,13.0839889499842,3.56534594589586,6.61248913426606,8.1410683432835,-0.296664374662364,0.0612306405716278,0.18924156196624
-0.141446739486386,0.0981402458480804,5.58288233646457,13.0456967642887,3.54500682472406,6.55286486356036,8.15855467528438,-0.291729446794757,0.0586175859870643,0.190035671649855
-0.136963177868796,0.0949298402133066,5.57925155443068,13.0197330837974,3.52720342912664,6.50006658334295,8.17789726256801,-0.286715287924313,0.0560150025142015,0.190911531752581
-0.132471247986838,0.0917385923597265,5.57507446715254,13.0064578915396,3.51178941877218,6.45634907749463,8.19932740781197,-0.281653403665934,0.0534129919093996,0.191878311069702
-0.128269015307839,0.0887661654830064,5.57156367647629,13.0053797187431,3.49864938361682,6.42304453482954,8.22299989800197,-0.276584367172252,0.0508295726808841,0.192911884861239
-0.124660356294121,0.0862116814878301,5.56811851550363,13.0152043644657,3.4876568378692,6.40029244975639,8.24899984900229,-0.271563683130244,0.0483521927003145,0.194067609533418
-0.12179406171861,0.0841719419114885,5.56432353579308,13.0340034346119,3.47864918253742,6.38703477254083,8.27735502464979,-0.266664811349647,0.0459497154853639,0.195388190923596
-0.119761763277758,0.0827054038643918,5.55989623738964,13.0594556721644,3.47141886380481,6.38123081635821,8.30804879744493,-0.261978475054238,0.0436687566511107,0.196687573843312
-0.118584045702298,0.0818237811951749,5.55475286883575,13.0891037302861,3.46571415383859,6.38020152296813,8.34102886551041,-0.257609461337253,0.0415480100751359,0.197997318200201
-0.118208476511131,0.0814912232887209,5.5490165407686,13.120577835032,3.46124073636573,6.38100198905735,8.3762073936347,-0.253671040475537,0.0396438481934859,0.199310316069931
-0.118513146378273,0.0816269290759127,5.54304070860353,13.1517520048083,3.45765566721092,6.38073288658982,8.41344946472228,-0.250278875582151,0.0380137354885724,0.200605681625942
-0.119318932976768,0.0821132202568457,5.53742434261084,13.180818239782,3.45455045996621,6.37674320192052,8.45255162697539,-0.2475460169517,0.0366994829441861,0.20191079683592
-0.120434712010477,0.0828243262802511,5.53254593217922,13.2062906646669,3.45142861648016,6.36672654704966,8.49321987236558,-0.24558000224176,0.0359606629630605,0.202549692738231
-0.121660773738781,0.0836287600410164,5.52896980454269,13.2269634068971,3.44768939144472,6.34875240307311,8.53505473794479,-0.244483476437404,0.0354249258494688,0.203774880478672
-0.122828371733778,0.0844140143624137,5.52677210044224,13.2418495455808,3.44263276842015,6.32129612444918,8.57754530332835,-0.244354330054567,0.0353420530832252,0.204902924336638
-0.123771173228082,0.0850684529548027,5.52625966985772,13.250140008138,3.43549924936195,6.28332304025348,8.62007631978088,-0.245287112946852,0.0357346822807737,0.2059280060532
-0.124354016682307,0.085499456585407,5.52760514610837,13.251217724357,3.42554967435394,6.23444710958954,8.6619552358318,-0.247370862608427,0.0366311658787089,0.206813113861804
-0.124467468340345,0.0856300777074208,5.53097319224069,13.2447425154433,3.41217974597851,6.17514758153113,8.70246382208823,-0.250681928493733,0.0380438390610061,0.207537328835542
-0.123957453201019,0.0853546123636778,5.53750248441194,13.2307984779772,3.39505502243764,6.10699654394855,8.74093491838346,-0.255268936363596,0.039976196570404,0.208056169098255
-0.122773691138388,0.0846334778153213,5.54723106570473,13.2100648627175,3.37424330790939,6.03281893212993,8.77684896065441,-0.261128371125251,0.0424028481241828,0.20836024094721
-0.120984347059591,0.0835034597260426,5.55913536508148,13.1839542957156,3.35031632754793,5.95669015908429,8.80994336712156,-0.268171789094702,0.0452479546136457,0.208482023304979
-0.118683862211288,0.0820197051046557,5.57232174804076,13.1546664892623,3.32439594005523,5.88370605295474,8.84032331383438,-0.27618888068009,0.0484114153004593,0.20842832243433
-0.11596068918724,0.0802356469387054,5.58638391426683,13.1251155046054,3.2981287585255,5.81952200691626,8.86854773322076,-0.284813443333386,0.0517379741572405,0.208245927626248
-0.112896495533218,0.0782026850771007,5.60126241874976,13.0987073068261,3.27358233411899,5.76971391410706,8.89565569985408,-0.293502326040996,0.0550081810090744,0.208036799937773
-0.109685441417805,0.0760470766408502,5.61662571862162,13.0789740626893,3.25306528044615,5.73905091771944,8.92310413856273,-0.301539259653609,0.0577047247215623,0.20859004995277
-0.106504851583463,0.0738864824286704,5.63250804294883,13.0691049775077,3.23888335091369,5.73078904026645,8.952601469853,-0.308073402787281,0.0600204221280991,0.208758482955869
-0.103561489075149,0.0718596241939714,5.64932932069144,13.0714406006419,3.23305210819938,5.74608801738093,8.98584236708517,-0.312197966461171,0.0614199498332923,0.209345113471431
-0.101057219687377,0.0701035647761331,5.66789860857366,13.0870117216026,3.23699455770561,5.78362872079637,9.02417730320836,-0.313063816142737,0.0616435486057869,0.210475781709468
-0.0991419546436051,0.0687227587748632,5.68949240642951,13.1152116638721,3.2512623083718,5.83948869881612,9.06827879299806,-0.310014944257247,0.0605145509270602,0.212222240595993
-0.0980641230888605,0.0678854307914109,5.71495732665834,13.1536844939703,3.27532864827237,5.90732151912871,9.117877947223,-0.302722229482704,0.0579651260033797,0.214616520075473
-0.097943015212358,0.0676768448561221,5.74639600901562,13.198475840579,3.30750325308023,5.97886941504693,9.17163289937994,-0.291287084560584,0.0543463777015094,0.216897309165337
-0.0988302524969577,0.0681385935089738,5.78701196732784,13.2444447573603,3.34500876974869,6.04481569161755,9.2271642649406,-0.276288523114961,0.0493618113757475,0.220320055579909
-0.101068228628044,0.0694975259884483,5.83687265062486,13.2858904828256,3.38423625984351,6.09593113860198,9.28126038756101,-0.258754731427402,0.0435985157706876,0.224089467463947
-0.104051921763484,0.0713639831316174,5.89437996141812,13.317302776553,3.42115767167186,6.12436813204073,9.3302229324264,-0.240056768792899,0.0375879233095062,0.227815805017237
-0.108291437741466,0.0740682974835885,5.95580289938798,13.3341155670954,3.45183278958253,6.1248572448027,9.37030289820204,-0.221736992290968,0.0318578982186023,0.231174100957809
-0.113101233817677,0.0771600359816463,6.01133426990875,13.3333452229309,3.47292258990257,6.09553676625726,9.39817016438566,-0.20530116283256,0.0265941817678108,0.234607926789666
-0.118265214688697,0.0804982912620531,6.0610612029512,13.3140144803614,3.4821162766929,6.03820934201166,9.41135903005692,-0.192012188906636,0.0226886200057355,0.236619624548363
-0.124171042277298,0.0843326614486765,6.10655218849467,13.2773002740465,3.4783968550123,5.95795108799262,9.40863430292614,-0.182725972156538,0.0203375852112249,0.237188109093264
-0.130356529842619,0.0883578580010749,6.14588118779854,13.2263857813253,3.46210533062365,5.86216661947256,9.39022028447785,-0.177799939941311,0.0191895576517207,0.237310761174713
-0.135741357249727,0.0918677115115741,6.17864238337192,13.1660296292239,3.43480399544849,5.75932070229963,9.35783664881441,-0.177088880367598,0.0193501826163512,0.236540113237209
-0.14021285464894,0.0947814236763045,6.20236745374608,13.1019089045999,3.39897587126275,5.65762982132634,9.31451200798344,-0.180023089034952,0.0205372989986948,0.235029255903936
-0.143506347893975,0.0969209841519249,6.2164592552618,13.0398399941339,3.35762454400319,5.56397295520331,9.26419063554632,-0.185745198572752,0.0224367565209543,0.232986472921011
-0.145594379002903,0.0982647213620031,6.22326108454773,12.9850057750231,3.31385094793795,5.48320632845063,9.21119373625022,-0.193273017924918,0.0248537772097169,0.230588538799764
-0.146438608395617,0.0987842242540996,6.22344020729799,12.9413170263306,3.27047939973158,5.41795941568602,9.15963716038646,-0.201655230832626,0.0275306461621238,0.227989975212313
-0.146126592830586,0.0985356100689138,6.21958853371317,12.9110051006173,3.22978603676065,5.36887234862209,9.11292354493409,-0.210093658050217,0.0301150881085491,0.225623887625409
-0.144921592836038,0.0976897323501304,6.21243187713713,12.894486359279,3.1933554957992,5.33514326826783,9.07340307816977,-0.21801847954554,0.0325395546860434,0.223412729450396
-0.143159197446141,0.0964659586545903,6.20225822966802,12.8904761560111,3.16206389441072,5.31520617656608,9.04224447556319,-0.2251135780453,0.0346777568259922,0.221530201686152
-0.141076526341322,0.0950221808897966,6.19078387890257,12.8962811071339,3.13616307429209,5.3073520121004,9.01950243511286,-0.231298345007284,0.0365268717497029,0.219983589733656
-0.138830685071571,0.0934657668235488,6.18023007517828,12.9081864671379,3.11542794063208,5.31014226958952,9.00433008174338,-0.236678178547945,0.0379388243114965,0.219186518294583
-0.136753749013811,0.0920165247324368,6.16994200598536,12.9218760122776,3.09932783976957,5.32255073604639,8.99526957455203,-0.241478210417466,0.0393790907592703,0.21813689503501
-0.13497865732696,0.0907662770236021,6.16074634591199,12.9328480695602,3.08718976249032,5.34387210750412,8.99055830639461,-0.245974817422506,0.0402598031745604,0.217576736541895
-0.133554324741036,0.0897519149649917,6.15246136982108,12.936817416292,3.0783305909933,5.37350154170394,8.98840784212747,-0.250436531916896,0.0411335346088202,0.217096085370417
-0.132460712249646,0.0889657067651254,6.14497415927088,12.9301059618032,3.07214603276154,5.41070287113582,8.98723478355792,-0.255084074832865,0.0420530385198533,0.216649744140225
-0.131740103406834,0.0884413343815611,6.14007198730031,12.9100062201017,3.06815305880628,5.45445587140027,8.98583171824914,-0.260071777674578,0.0431125223308559,0.21621747916102
-0.131329285059057,0.088143078292243,6.13785486357202,12.8750728658508,3.06598945956136,5.50341648099872,8.98346686301215,-0.265489516565454,0.0443606063497015,0.215737705548808
-0.131081418942243,0.0879806065237111,6.13846814372033,12.8252911656549,3.06538138679532,5.5559769971616,8.97990622357939,-0.271379247337123,0.0457897297920828,0.215244672692409
-0.13079614091347,0.0878279461821877,6.14216009201519,12.7620874218842,3.06609596976896,5.61039354429627,8.97536324612723,-0.277759369524286,0.0473998691244933,0.214732952496139
-0.130375854503266,0.0876230945309436,6.14752410166624,12.6881679069354,3.06789653927635,5.6649426017992,8.97039220685187,-0.284650152492728,0.0492075262815873,0.214172139827171
-0.129715061866662,0.0872963983333213,6.15321392588818,12.6071920671198,3.07051367253659,5.71807998107971,8.96574751150523,-0.292094978364653,0.0512045777459807,0.213565125070471
-0.128691866216625,0.0867647073051745,6.15850756223122,12.5233173620391,3.07363804004329,5.76858158709963,8.96223347246207,-0.300174154012349,0.0533713372633792,0.212948999772253
-0.127185709107857,0.0859427045565755,6.16350127525897,12.4406857769511,3.07693245279484,5.81563273802165,8.96057021652144,-0.309010407607504,0.0557274499783,0.212266178388238
-0.125274639448742,0.0848697237174216,6.16672873830407,12.3629264317305,3.08005550261698,5.85884055848841,8.96129632124055,-0.318766676562653,0.0583194567956311,0.211499219736231
-0.123093482001871,0.0836196671086316,6.16722875852727,12.2927446549338,3.08268952500262,5.89817096825339,8.96471983971719,-0.329637729559364,0.0611742793508337,0.210628092036813
-0.120809041291649,0.0822862825627629,6.16482003698619,12.2316668302873,3.08456775281446,5.93382856130046,8.97092064961474,-0.341837568385139,0.0643102388044568,0.209643969674751
-0.11863416412698,0.0809935235063187,6.15963311390296,12.1799801266277,3.08549681081215,5.96610915796155,8.97979553204807,-0.355584577767495,0.0678628725854936,0.20846406885425
-0.116796006376414,0.0798765435820392,6.15205850997434,12.1368575873823,3.08537134380851,5.99525958847094,8.99112841287182,-0.371086084064098,0.07189930075851,0.207044143106522
-0.1154995643664,0.0790594857137912,6.14266554523613,12.1006268563163,3.08417807988332,6.0213672793765,9.00466712106804,-0.388524079125135,0.0764518192623725,0.205304682491066
-0.11489033535298,0.0786323758619802,6.13213129195278,12.0691227812692,3.08198815528886,6.04429264638928,9.02018939131142,-0.408043725695371,0.0815131314333053,0.203357407540305
-0.114950016961006,0.0785842811095425,6.12147154465851,12.0400544095286,3.0789389833803,6.06365489615785,9.03754571028196,-0.429745954333378,0.0869852848830541,0.201433469921276
-0.115443493177843,0.078769090289524,6.11221827440594,12.0113251940886,3.07520907382033,6.0788708731941,9.05667616341554,-0.453685490769826,0.0932303647651447,0.198907934250661
-0.169820455135125,0.114808718859553,6.19191520355038,12.6216457450268,3.0578311413744,5.80774656092005,9.35609431144611,-0.473456365763976,0.0972018888017562,0.20415690764465
-0.0454273911350332,0.0321655537446078,6.10117405400348,11.3556144552274,3.07346850359309,6.34252308345441,8.83766007348294,-0.511871741279428,0.11021893692584,0.185624273613771
-0.0862635986181163,0.0592354674995205,6.16436561077936,11.9131545628069,3.05996769414274,6.09556513472503,9.1221631870991,-0.536126921708261,0.11504143194555,0.190012605817404
-0.0726977091187743,0.0502996306060414,6.19192020508879,11.8790622502968,3.05506097940167,6.08591818223277,9.15143000628312,-0.568536937211496,0.127091000635556,0.1831433027259
-0.069587084552675,0.0481252845423485,6.21445358387586,11.8403629316812,3.05121330140287,6.07402635175341,9.18126775377078,-0.603124514324455,0.142402421377128,0.173407419575834
-0.0686433283836623,0.0473885389852575,6.2325655174685,11.8015639344383,3.04851752927919,6.05846117042509,9.2138969104111,-0.639790518608635,0.159071152943312,0.162599088795936
-0.0708955062287229,0.0487597766115514,6.2332378554738,11.7646166560556,3.04774923932604,6.04158776177313,9.24958669097824,-0.67854799963925,0.176157065660342,0.15178621472717
-0.0736000879759301,0.0504769114147275,6.23027895253014,11.7317351212517,3.0499041996716,6.02648912472593,9.28854001931571,-0.71944754565983,0.190566152274221,0.143593118021806
-0.0766040164018687,0.0524442955808326,6.22444851084841,11.7051773720109,3.05611050538577,6.01654601532844,9.33084366829348,-0.762586520879278,0.198164455497869,0.140046869851289
-0.0790446043173283,0.0541048162912028,6.22037833097455,11.6869679155287,3.06746363867121,6.01485892581546,9.37640306999189,-0.808119395917821,0.202360817167289,0.13821754162545
-0.0810423783227497,0.055530596725829,6.21700497507639,11.678608289753,3.08479530005893,6.02357825889453,9.42489162376672,-0.856263145152927,0.206897430237331,0.136346901381459
-0.0837143402482352,0.0574317758584625,6.20748270060838,11.6808140019396,3.10842331415942,6.04329713446117,9.47573023893483,-0.907309983359614,0.211816438329544,0.134269426096569
-0.0869063160065617,0.0596968089827064,6.19195420598287,11.6933345530347,3.13795597154316,6.07269012090566,9.5281117250919,-0.961627461751883,0.216945070643131,0.132438080993024
-0.0943068628351093,0.0646896991991658,6.15238972300818,11.7149185579332,3.17222887007491,6.10854938345437,9.5810767190662,-1.01964783699432,0.222345458821824,0.1297197781871
-0.107473017418537,0.0734298484971655,6.12205206289105,11.7434586941563,3.20942542373384,6.14627317377159,9.63363191914412,-1.08185203145007,0.224062605844676,0.129206866944475
-0.12237722792569,0.0832844919852811,6.08620123866852,11.776307397997,3.24737484471075,6.18071238187369,9.68488803381834,-1.14871316540154,0.224051239528838,0.129166274621199
-0.150281559315614,0.101533333613346,6.03472142094913,11.8107011286077,3.28395466699951,6.20715021089784,9.73418140300427,-1.22066564683516,0.223997255332549,0.129326881674346
-0.163625831739633,0.110335644319771,6.00261851414994,11.8441823916952,3.31747985254612,6.22214002218749,9.78113571903782,-1.29807209420014,0.224085302548721,0.129275334273514
-0.171918727410564,0.11584405509821,5.98418153037109,11.874905195086,3.34696134492794,6.22397360918945,9.82563678298635,-1.38119954910528,0.224120452978706,0.129575840624056
-0.178683936455122,0.120331887413083,5.96907388873308,11.9017561895038,3.37216534355659,6.21268837540943,9.86772419522591,-1.47021911466129,0.224305718718853,0.129686839199382
-0.184224443054778,0.123994500635169,5.95558599051922,11.9242864796927,3.39347350327852,6.18968294522747,9.9074265079636,-1.5652253933516,0.224431064146922,0.130114744653765
-0.187825260412348,0.126373319431255,5.94624969433754,11.9425017190934,3.41159983774225,6.15711343220798,9.9445765974354,-1.666269315377,0.224820339632128,0.130675145062558
-0.191307245757987,0.128654302836761,5.94251587482849,11.9565849338256,3.42724564801449,6.1172567358128,9.97864824851822,-1.77340469868283,0.225604880426219,0.131301702207003
-0.194497028531148,0.130730192334861,5.94246236036462,11.9666268967754,3.44077238927133,6.07198672813132,10.0086505432339,-1.88672343095703,0.236938107789821,0.117983023332489
-0.197296727151831,0.132542761702138,5.94290587076192,11.9724288010338,3.45195585975742,6.02245032572729,10.0331042340845,-2.00637401276405,0.267333287634195,0.112844690403869
-0.19969975890773,0.134095175795149,5.94282311422735,11.9734297058393,3.45986305884068,5.96896400890346,10.0501157663528,-2.13255070655662,0.301113357819042,0.109851311319551
-0.201656878228275,0.135363143798911,5.94182717581368,11.9687826501679,3.46287020821297,5.91110022309117,10.0575526244993,-2.26547046927618,0.336107185005107,0.107435487728724
-0.203135285345393,0.136331542069458,5.9393139177161,11.9575621959075,3.45881881211478,5.84790840451126,10.0533005546479,-2.40531764158078,0.372816365234675,0.105911655402441
-0.20410969904314,0.136987665360128,5.93444366896738,11.9390509540429,3.44528901428035,5.77821408976072,10.0355623306338,-2.55217534401178,0.411206035335111,0.105397171308965
-0.204603687174289,0.137347620704489,5.92646922016239,11.913025665755,3.4199580249022,5.70095579727613,10.003146773291,-2.70595695355172,0.451291155168906,0.106174277384169
-0.206316354886941,0.138507896852318,5.91207081340748,11.8799615893076,3.38100499703913,5.61553045331581,9.95569924390071,-2.86635133578225,0.491395886796582,0.10847349762802
-0.207836731188352,0.139550926449555,5.89257408520912,11.8411012772109,3.32751924361724,5.5221178370095,9.89384048898012,-3.03279469931989,0.534211496476158,0.112365642686771
-0.20898375120651,0.140354183184588,5.86912734611758,11.7983751494093,3.25986086048576,5.42194195119778,9.81920358123726,-3.20447639828895,0.578293252362421,0.118007354119969
-0.210354238082845,0.141306958833491,5.85201743189938,11.7542041658362,3.17991180266089,5.31741272056455,9.73437732850111,-3.38037981177064,0.623529999963608,0.125327384547484
-0.21318798302772,0.143201545710677,5.83562724360504,11.7112396600206,3.09114902579533,5.21208864575643,9.64276906207092,-3.55935159251174,0.669676336015783,0.13430994749021
-0.217926813746452,0.146320425275168,5.82056663726211,11.6721017106233,2.99848120029461,5.11040746920273,9.54839776231201,-3.74018847723072,0.716630701279073,0.144776131807468
-0.223217652997608,0.149782378581032,5.8042691323922,11.639167294212,2.90783024058696,5.01717975576365,9.45562125999715,-3.92172563749659,0.760123344716254,0.158466293834651
-0.229037234883913,0.153574615378414,5.78862585380139,11.6144300375699,2.82550496856734,4.93693106658752,9.36879686686477,-4.10291983963841,0.798375462237242,0.174012291452011
-0.235354464386528,0.157681661869324,5.77560589395379,11.5994222897389,2.7574786581481,4.87324701834984,9.29189237024067,-4.28291340073799,0.837016596906423,0.189712795728735
-0.242234342396569,0.162150620342106,5.76579135650416,11.5951730123218,2.70871256740882,4.82828279028373,9.22809152450999,-4.46106714616417,0.874655910071114,0.20520482853492
-0.249173823202183,0.166666452679137,5.76509922442631,11.6021721827478,2.68264827316758,4.80254808842006,9.17945904634339,-4.63697560649126,0.912258704008537,0.220450540573284
-0.255958491994271,0.171094360390214,5.77230809608843,11.6203290606185,2.68093261746357,4.79498801796551,9.1467374061849,-4.81046772880779,0.948658948523271,0.235035036269995
-0.261921735907243,0.175009782432379,5.79008934135918,11.6489313306107,2.7033720701868,4.8032912810396,9.12932492740549,-4.98159455412426,0.983027351886632,0.248683721026144
-0.26862032061747,0.179417010372458,5.80982035408451,11.6866199419713,2.74806848174584,4.82431005794308,9.12543761504324,-5.15060710710026,1.01714790887503,0.261885038358495
-0.275661857032841,0.184066554289838,5.83337235036866,11.731399312979,2.81167599093567,4.85448244210125,9.13241525554058,-5.3179363585698,1.05099971902589,0.274721210637655
-0.282678924301654,0.188719630197499,5.85812353100126,11.7807055386497,2.88973019519513,4.890184482079,9.14710951993147,-5.4841467686322,1.08464896279748,0.28740861203796
-0.289512578264875,0.193273770342915,5.88386118718369,11.8315444339827,2.97701882528602,4.92798028050048,9.16628240106526,-5.64988739187293,1.11803621639568,0.300294895716597
-0.295954980427858,0.197593791661323,5.9106541350595,11.880697292821,3.06797610486267,4.96477231411111,9.18695098401842,-5.81582225932433,1.15112221885679,0.313689167284447
-0.302636795870474,0.202089266135024,5.94139057925914,11.9249832753091,3.15708777077236,4.99787412542388,9.20663959382431,-5.98255099943177,1.18383634591928,0.327992517800268
-0.308838895416978,0.206287305847772,5.97267018636372,11.9615521290575,3.2392922520035,5.0250341056135,9.22352416420295,-6.15052646409557,1.21618227796144,0.34356465783235
-0.314143528786066,0.209910161575516,6.00225910541941,11.9881702507855,3.31035947176916,5.04443167430967,9.2364732207128,-6.31997723281419,1.24814254726183,0.360685471345703
-0.318320941704881,0.212801473167469,6.02850745231576,12.003468229751,3.36722624998215,5.05466188404844,9.24501074733843,-6.49084038706072,1.27976362770405,0.379517659733191
-0.321166493224638,0.214820649861035,6.04986808275729,12.00712675863,3.40826455749517,5.0547255131328,9.24924029062432,-6.66271558586581,1.31099005387979,0.400087951981132
-0.322517629727966,0.215854486900656,6.06504481261935,11.9999855615658,3.43345358861829,5.04402962899198,9.24976955079912,-6.83485984732936,1.34225480670085,0.422418475731066
-0.322371390466766,0.215894165657392,6.07337603577493,11.9840618151685,3.44442490574699,5.02239246016,9.24765587485184,-7.00622009486202,1.3722024327706,0.445841389629493
-0.320816754161535,0.214992108278325,6.07510292679725,11.9624654253541,3.44435642071443,4.99004773927564,9.24436881462487,-7.17549496954404,1.40037202688354,0.469813884865975
-0.318361440271816,0.213474584176637,6.07184738485847,11.939206284218,3.43770611978367,4.94764531644007,9.24174784471232,-7.34122999224026,1.42528085531516,0.493773460961368
-0.314818870655988,0.211219518548407,6.06551409264887,11.9188935208215,3.42980169579553,4.89624767000683,9.24191858180193,-7.50193155196139,1.44933520565563,0.517335015712098
-0.310599533687664,0.208494560560043,6.05951500963701,11.9063285534745,3.42633010855658,4.83732744390658,9.24713139871021,-7.65617756028235,1.47260126754625,0.539955745081857
-0.306262845492659,0.205665495563565,6.0578394696724,11.9060052719632,3.43278744912673,4.77277069914486,9.25951026652539,-7.80271097108178,1.49512004581669,0.5612136042007
-0.302473288343236,0.203167192873164,6.06489728549929,11.9215482986966,3.45394627324658,4.70488428836502,9.28072856429102,-7.94050305023457,1.51685300634285,0.580901092119228
-0.299992181088731,0.201497460632611,6.08528150696292,11.9551415473166,3.49337729310169,4.63639565099369,9.31164957495512,-8.06878326414884,1.53784618310995,0.598681643829802
-0.299540042533105,0.201126417635904,6.12278646006921,12.0070134483852,3.5530386991207,4.57041905914812,9.35198250935079,-8.18704048255663,1.55635818186236,0.613813668701616
-0.301755080688724,0.202469246107375,6.18023499331681,12.0750456505574,3.63293825518293,4.51035736578712,9.4000095666903,-8.29498732452297,1.57560772465116,0.627518266222899
-0.307048281210697,0.205792444135077,6.25936816578575,12.1545767059426,3.73088716309389,4.45972287542583,9.45244101231577,-8.39253109660785,1.59400329499803,0.639217365917572
-0.31690106056584,0.212064937619406,6.37133546627463,12.2384806572331,3.84239346133317,4.42188340235522,9.50445922437793,-8.47972196212664,1.61139959402753,0.649142723950157
-0.342311769131497,0.228419408335083,6.52060544748531,12.3175911729503,3.96077208513371,4.39975713037464,9.55001092526484,-8.55672285119648,1.62781383904721,0.657263416988121
-0.362281128637069,0.240738067212483,6.70821173661071,12.2096030848859,3.91032600174884,4.41350851778964,9.50029841065999,-8.62927052083276,1.64530669511502,0.665172348265488
-0.394352133392014,0.262240476544535,6.87930452707321,12.5954386039651,4.37227510376495,4.39914440956533,9.68963143364068,-8.67491873455617,1.65438297725575,0.668823024121345
-0.417395680679815,0.276740041702553,7.05193997155246,12.4263814802248,4.27213424498931,4.44192154304494,9.58260565025026,-8.72982819238111,1.67019545802786,0.673258222099514
-0.434673054131059,0.287735881894056,7.20696514859423,12.3847084974321,4.32666887153117,4.49164944694508,9.541437107862,-8.7696918603447,1.68174264207946,0.676091809956882
-0.446355644436951,0.295101449219136,7.30764462315931,12.3026971227024,4.34852727565168,4.55750477875433,9.47224078119903,-8.80191419520848,1.69366374228066,0.678714559074106
-0.450371338514303,0.297490625950971,7.34048838841579,12.1786892810422,4.33450729301573,4.63488667513473,9.3779164137156,-8.82724507743455,1.7027046788334,0.680072058140223
-0.445554602010481,0.294153940778293,7.30007725226194,12.0203461735622,4.28699465655388,4.71909271523664,9.26487409280097,-8.84664259666691,1.71073984601977,0.681135600458541
-0.406801224222464,0.268768713820006,7.0310748304567,11.7184674830604,4.14355227983668,4.8513599832031,9.06958447222186,-8.86323485653389,1.71898337583566,0.682373665630913
-0.375124039944088,0.24806767615885,6.83789340492826,11.5129204879459,4.0341406784098,4.93593223354864,8.93877338085405,-8.87395198834077,1.72442716505927,0.682883128018688
-0.329940148522547,0.218660872527436,6.50612763162425,11.2291626567656,3.85698194554981,5.03824867937836,8.76932199689401,-8.88369518656863,1.73024725308387,0.683080937899308
