-17.1227923747797,53.5641307168775,-4.32114336940327,87.6738830568622,45.0409691476766,56.1436946968313,13.1439636252782,-23.2861224701838,-6.88722737011656,-2.16310096820047
-17.1069180713062,53.3175499638912,-4.1809701740278,87.5250663556227,44.9870887249132,56.0945066747527,13.1838242947152,-23.2879636746078,-6.9557516150821,-2.1501278084722
-17.0867471630325,53.0610766109793,-4.03734447158582,87.3716214118938,44.9150133722589,56.0533793858735,13.2089646628896,-23.289355905881,-7.02832973821406,-2.13723532307432
-17.0638790522585,52.7943622720052,-3.88899523166159,87.2172809953419,44.8175048471113,56.009619225939,13.2176735196931,-23.2893743586527,-7.10456418944708,-2.12125069037622
-17.0359914133416,52.5159209421754,-3.73471572205771,87.0653197450173,44.6821015136613,55.961047039514,13.2050705314565,-23.2875729768254,-7.18457409744187,-2.10103556807513
-17.0001015644291,52.2261091996483,-3.57375663559282,86.91994453043,44.4997096968054,55.9070458913731,13.1678969597112,-23.2839400677041,-7.26740581658349,-2.07624238593404
-16.9523177720812,51.9256063418206,-3.40501387891398,86.7861984786698,44.2617708171277,55.8472058458468,13.1040670498693,-23.2786936463722,-7.35157991529036,-2.04684109730335
-16.887961253109,51.6155483019086,-3.22710742835147,86.6696447530743,43.9620665041268,55.7818555447251,13.0133086667035,-23.2722707238125,-7.43515202842525,-2.01326268666509
-16.8016724952476,51.2972696120911,-3.03835534795985,86.5759960724336,43.5978473423075,55.7122656304723,12.8971311618237,-23.265207034765,-7.51603045652573,-1.97638769057819
-16.6875862867099,50.972101033423,-2.83683913638739,86.5107597227798,43.170945122056,55.6407558672393,12.7584502143743,-23.257981795727,-7.59233566182415,-1.93748902680163
-16.5395693763131,50.6412494469861,-2.62054265360747,86.478939573012,42.6886412105721,55.570553188582,12.6010514467696,-23.2508698136901,-7.66272712255804,-1.89813031453398
-16.3515054185187,50.3057454793051,-2.38754002485858,86.4848025351201,42.1639299943408,55.5053393481907,12.4290694910493,-23.2438375377022,-7.72663751024901,-1.86002711194453
-16.1176005145198,49.9664326572961,-2.13622184366785,86.5317000471544,41.6148421655718,55.4485514069325,12.2465970524991,-23.2365051212574,-7.78437512044819,-1.82489092716943
-15.8326728693413,49.6239752732945,-1.86556208035507,86.6219310705804,41.0626755949041,55.4026153980851,12.0574453170793,-23.2281795149477,-7.83707942292916,-1.79428550910039
-15.492387857223,49.2788702813868,-1.57542316301032,86.7566372432283,40.5292771368042,55.3683449263591,11.8650025287988,-23.2179488757288,-7.88653888240646,-1.76952493162762
-15.0934090322348,48.9314545041698,-1.26687100487308,86.9357273539296,40.0338267612646,55.3446934232576,11.6721153810088,-23.2048171274181,-7.93490316622014,-1.75163110408656
-14.6334552392028,48.5818999698926,-0.942438494072043,87.1578336489581,39.5897796150361,55.3289307025008,11.4809496245917,-23.1878490401275,-7.98434101586813,-1.74134805233847
-14.1112773544348,48.2301897768014,-0.606256660317037,87.4203068187499,39.202639557249,55.3171784714249,11.2928419374798,-23.1662932041015,-8.03670536179704,-1.73918969256369
-13.5192214986761,47.8689168568114,-0.266443382966044,87.712513253825,38.8476892393002,55.3467773163495,11.0808357951173,-23.1412465192588,-8.09404574329505,-1.74751123100288
-12.8718064875956,47.5114394519867,0.0748319137691107,88.0427022247318,38.5570211822371,55.3329250954436,10.8988650948432,-23.1094090177989,-8.15535686201325,-1.76279007780546
-12.1639002141915,47.1499411664702,0.407785132759581,88.3984407403357,38.2898458699294,55.3108871661362,10.7196228938558,-23.0723095185976,-8.22108363640906,-1.7866214667866
-11.397731731581,46.7830881981653,0.724536627324082,88.7731314765439,38.0250262470325,55.2801656577255,10.5394807847809,-23.030258028222,-8.29015512040577,-1.8186216291174
-10.5763067337504,46.4090474453562,1.0177840779091,89.1598971514475,37.7408683024641,55.2410826774297,10.3555686995613,-22.9837011692808,-8.36090759504702,-1.85793793457292
-9.7034171137706,46.0255941571875,1.28121132938305,89.5519322381803,37.4183942154779,55.1956834390686,10.1647829525486,-22.9331661857158,-8.43131422104329,-1.90313956654904
-8.78361299448489,45.6302432534083,1.50984059808291,89.9428352025276,37.0437617817998,55.1475737616864,9.96403939311814,-22.8791806535517,-8.49923791343532,-1.95214571940298
-7.82211747516359,45.2204321955467,1.70022075994984,90.3268452546179,36.6098662571982,55.1015050394687,9.75067669042661,-22.8222169524628,-8.56263736741445,-2.00222860012471
-6.8246774203301,44.7937241977562,1.85046861521961,90.6989461408065,36.1170042511078,55.0627179279457,9.52302841058722,-22.7626779746871,-8.61968485268457,-2.05009297214039
-5.79736354707036,44.3479972778867,1.96019104502245,91.0548316381545,35.5725686788567,55.0360819654576,9.28114061146167,-22.7009197670421,-8.66879670578467,-2.09201529472913
-4.74634811991837,43.8815905998121,2.03030986161559,91.3907600601363,34.9898332519611,55.0251359407397,9.02753252207189,-22.6372914934459,-8.70861030309962,-2.12401845113964
-3.67769351900967,43.3933920256391,2.06279999712524,91.7033509633719,34.385985970069,55.031200614767,8.76782541624489,-22.5721694693627,-8.73795127366515,-2.14206392610104
-2.59718110646075,42.8828670383123,2.06034634813057,91.9893906837195,33.7796834697028,55.0527731777395,8.51101525237182,-22.5059667386126,-8.75582429632879,-2.14225566433109
-1.51020104565067,42.3500452074449,2.02593153800258,92.2457094295107,33.1885010130383,55.0853970743438,8.26916365806888,-22.4391081031625,-8.76144000197949,-2.12105861300354
-0.421711161870599,41.7954901955595,1.96238565033776,92.4691683541628,32.6267054377607,55.1221167770302,8.05636513723967,-22.3719709661641,-8.75427009335117,-2.07553445290908
0.663743988557311,41.2202771528989,1.87195264477925,92.6567533038673,32.1037346113942,55.1544816950786,7.88703339743268,-22.3048041297814,-8.73411071733184,-2.00358828772949
1.74197938266478,40.625986969183,1.75594574012491,92.8057274436201,31.6236061323236,55.1738949319458,7.77379961796448,-22.2376476814925,-8.70113257799896,-1.90420537405
2.80911323702585,40.0147082664145,1.61456408595001,92.9137715525759,31.1852411681923,55.1729798301415,7.72552181290687,-22.1702833109336,-8.65590201050085,-1.77763866734158
3.86153178222316,39.3890261489036,1.44691894458114,92.9790544764607,30.7834791906635,55.1466292399631,7.74593198637551,-22.1022408981336,-8.59936557461628,-1.62549422950033
4.89588221442292,38.7519766870646,1.2512743437767,93.0002186165321,30.4104678370013,55.0925191501361,7.83325100019318,-22.0328720222189,-8.53279869276551,-1.4506662435268
5.90908809440883,38.1069550624799,1.02546133234251,92.9763091660138,30.0571414054377,55.0110410181756,7.98078817822844,-21.9614798785689,-8.45772448280587,-1.25710419189515
6.89837775796959,37.4575775323216,0.767393322453459,92.9066980993879,29.7145822132902,54.9047520661626,8.17828069060857,-21.8874790229853,-8.37581054696061,-1.04944223032303
7.86131922810978,36.8075084891724,0.475597214264994,92.791050421048,29.3751346661283,54.7775308606785,8.41360048687866,-21.8105536787784,-8.28875024463436,-0.832560989924288
8.79585863326981,36.1602714548589,0.149675715753938,92.6293604628886,29.033204185763,54.6336734411625,8.67444323877538,-21.7307863024588,-8.19813564172022,-0.611162800817621
9.70035761935818,35.5190666398082,-0.209371924764775,92.4220618672659,28.6857286061751,54.47717665797,8.94967262277327,-21.6487321223494,-8.1053349129947,-0.389420327568334
10.573617508259,34.8866189404849,-0.599016006491184,92.170193693022,28.3323494190289,54.3113983887474,9.23011711573439,-21.5654200379077,-8.01139418034373,-0.170724347352218
11.414869513971,34.2650788918755,-1.01525110000087,91.8755895377598,27.9753245334592,54.1391406096153,9.50879820642544,-21.4822699518313,-7.9169857144397,0.0424710509532788
12.2237094099774,33.6559936351322,-1.45279560991279,91.5410478940084,27.6192272493645,53.9630236068871,9.78074563531578,-21.4009324524278,-7.82241689173717,0.248721476126946
12.9999662549711,33.0603549232488,-1.90536425641737,91.1704419493774,27.2704939330998,53.7859092464514,10.0426335051401,-21.3230736270511,-7.72769909638812,0.447601045402435
13.74351672465,32.4787177235113,-2.3659422265069,90.768736179318,26.9369141367577,53.6111491176395,10.2924177020196,-21.2501392373914,-7.63265945159337,0.639656366560043
14.4540819600197,31.9113679581657,-2.82701694661216,90.3418920158868,26.627163184661,53.4425506468271,10.5290342557656,-21.183136203255,-7.53706751357276,0.826301466671293
15.1310606796621,31.3585044114562,-3.28076487435904,89.8966600285026,26.3504229927274,53.2840907867026,10.7521276150302,-21.1224655602313,-7.44074659269249,1.00964209990829
15.7734499573414,30.8203926951572,-3.71922846093572,89.440268227103,26.1160360052781,53.1394965466865,10.961764903239,-21.0678294967857,-7.34364442627864,1.19222775848777
16.3798829756408,30.2974530229389,-4.13453483113168,88.9800262729032,25.9330531926201,53.0118298748585,11.158136865589,-21.0182180149867,-7.24584923828432,1.37675429305796
16.9487822237035,29.7902592051025,-4.51919537493267,88.5228762399142,25.8095328508163,52.903173577669,11.3412984114037,-20.9719658662151,-7.14755327655945,1.56576206991986
17.4786005967632,29.29944925527,-4.86649245479333,88.0749334006796,25.7515348252588,52.8144523999465,11.5110210297392,-20.9268651642166,-7.0489826518327,1.76137793351125
17.968108874702,28.825570697313,-5.17092108978029,87.64107282463,25.76189818498,52.7453793900221,11.666803467195,-20.8803237333015,-6.95032334770348,1.96513286049936
18.4166858265479,28.3688996560156,-5.42862140241448,87.2246228999329,25.8390366837117,52.6945096123444,11.8080299229068,-20.8295681808288,-6.85167380821613,2.17786091155034
18.824572194482,27.929279408592,-5.63772042013422,86.8272191228393,25.9760781297707,52.6593996704203,11.9342039363401,-20.771897326208,-6.75304434024068,2.3996590805136
19.193056674643,27.5060207930772,-5.79850682243153,86.4488500259291,26.160654976741,52.6368830313822,12.0451539526537,-20.7049892613022,-6.65440685041963,2.6298719511944
19.5245671022275,27.0978935995213,-5.91338802868632,86.0880974435639,26.3755102962711,52.6234486323105,12.141131701947,-20.6272477780295,-6.55578134032987,2.86707155332827
19.8226430581986,26.7032167597102,-5.98661503961783,85.7425437966109,26.599875076074,52.6156578453501,12.2227981531328,-20.5381421531984,-6.4573336599861,3.10903498050258
20.0917710767568,26.320032009748,-6.02379812823053,85.4092961183585,26.811394164996,52.6105023754508,12.2911546366487,-20.4384631029401,-6.35945515470943,3.35276219256993
20.33707807564,25.9463281084601,-6.03127179452006,85.085560925268,26.9882919152377,52.6056335057424,12.3474777491224,-20.330409833044,-6.26279906397168,3.59459261578509
20.563907518566,25.5802731793827,-6.01539372586847,84.7691929982829,27.1114767627153,52.5994562028054,12.3932744831314,-20.2174512502218,-6.1682590298132,3.83045617708864
20.7773390013415,25.2204095816,-5.98187325773636,84.4591360593163,27.1663422588489,52.5911242655075,12.4302439500712,-20.1039587989646,-6.07688777238509,4.05624872336365
20.9817362283668,24.8657696373031,-5.93522087781234,84.1556823388268,27.1440762611592,52.5804783459012,12.4602323521953,-19.9946644616617,-5.98976305997927,4.26828312340241
21.1804067068742,24.515885237834,-5.87839455727416,83.8605064420219,27.0423237919684,52.5679573118137,12.4851782610455,-19.8940366688627,-5.90781219740377,4.4637483557701
21.3754325248324,24.1706898378338,-5.81268818961724,83.5764704747879,26.8650975436764,52.5544969681742,12.5070536679294,-19.8056855096164,-5.83161292627926,4.64110050242637
21.5676944947116,23.8303417071973,-5.73786111182809,83.3072402817815,26.6219269638613,52.5414104090979,12.5278143627956,-19.7319053451908,-5.76120399538556,4.80030535119903
21.7570671416956,23.4950222994063,-5.65245874744259,83.0567877436514,26.326361487669,52.5302342127975,12.5493760543642,-19.6734327692874,-5.69595429409672,4.94286377061845
21.9427235278046,23.1647700464639,-5.5542453644239,82.828872491022,25.9940424270541,52.5225370122584,12.5736263584215,-19.6294478437063,-5.63453936863266,5.07159010073077
22.1234774909866,22.839390558294,-5.44067257240672,82.6265904522044,25.640603841504,52.5197130057592,12.6024751918237,-19.5977983048933,-5.5750514783132,5.19017250922805
22.2981069222251,22.5184495184276,-5.3093310569914,82.4520502555693,25.2796661518121,52.5228022754943,12.6379411367847,-19.5753930529291,-5.51523046817925,5.30260096288775
22.4656220275756,22.2013271200122,-5.15835650586808,82.3062069124062,24.9211649043991,52.5323822755053,12.6822601572043,-19.5586899068444,-5.45276396926764,5.41258226989374
22.6254507691904,21.8873069056173,-4.98677101313774,82.1888571827013,24.5702147394646,52.5485659399499,12.7379793191154,-19.5441921180019,-5.38558638917367,5.52305919243679
22.7775157625508,21.575682321557,-4.79474151309041,82.0987825850941,24.2266418764339,52.5711312924193,12.8079694570408,-19.5288733999072,-5.31211490747806,5.6359139634646
22.9221865098542,21.2658751818342,-4.58373593282216,82.0340089749586,23.8852296798893,52.599793708655,12.8952763787396,-19.5104727652223,-5.23138757766511,5.75188384958515
23.0601126706054,20.9575601406081,-4.35655966114137,81.9921351107795,23.536621788514,52.634597851372,13.0027548042054,-19.4876317782881,-5.1430982421005,5.87066816400124
23.1919703913337,20.650779781608,-4.11725778165049,81.9706724402797,23.1687328082111,52.6763397488618,13.1325046008178,-19.4598782216276,-5.04754473427717,5.99117455234124
23.3181721641384,20.3460266870247,-3.87087172380827,81.9673412184264,22.7684517637349,52.726855022451,13.285228618409,-19.4274826964609,-4.94551620895936,6.11184093432262
23.4385952178331,20.0442707480454,-3.6230480244876,81.9802844858997,22.323412218326,52.7889855862429,13.4596956986496,-19.3912260130445,-4.83814462309252,6.23097376419375
23.5523777147462,19.7469220399967,-3.3795190187547,82.0081846833269,21.823648204877,52.8661079688431,13.6524771026629,-19.3521209455112,-4.72674208375827,6.34705373458355
23.6578233565088,19.4557341485087,-3.14551011907551,82.0502885367066,21.2630261282588,52.9612554222204,13.8580435829182,-19.3111381996766,-4.61264599271889,6.45896900468183
23.7524460104148,19.1726619460472,-2.92516342899945,82.1063574868368,20.64039073626,53.0760267598705,14.0692180823059,-19.2689917030782,-4.49709610409505,6.56614324420013
23.8331709006539,18.8996903419262,-2.72108395198019,82.1765623009837,19.9603565833179,53.2095778964031,14.2779153012946,-19.2260326373829,-4.38116476313537,6.66853797576835
23.8966812661891,18.6386513016833,-2.53410056506976,82.2613360716907,19.2336277123867,53.3579990314186,14.4760610977898,-19.1822769657541,-4.265749456778,6.76653150807044
23.9398641099867,18.3910490838443,-2.36329324267423,82.3611954093578,18.4766898429224,53.5142899644137,14.6565496885736,-19.1375527525506,-4.15161925155131,6.86070552204877
23.9645132761606,18.1599361635186,-2.20046017439763,82.4730769248247,17.7358621077987,53.6324775992745,14.8373638058525,-19.0994871155552,-4.03948968252593,6.95060777843983
23.9609300654397,17.9415569403678,-2.05389328053363,82.603936940087,16.9841100689793,53.7739172730245,14.9705896004789,-19.0530403826858,-3.93006619024736,7.03847447810388
23.9329535996987,17.7380349226569,-1.91458155183466,82.7501056772865,16.2715382489101,53.895921286334,15.0738874730902,-19.0056625429889,-3.82419182277074,7.12314844425362
23.8821497757094,17.5488066384418,-1.77894280434766,82.9104098799516,15.6201755791378,53.9867969918448,15.1514483117023,-18.9584442123365,-3.72266302609013,7.20399045438628
23.8111391666579,17.3729779480828,-1.64451189980478,83.083116004559,15.0470721846792,54.0399533413103,15.2066816114088,-18.9123468349076,-3.62621094594974,7.28001132197466
23.7234731746862,17.2095009293164,-1.51009059670099,83.2658696150279,14.5621943508673,54.0524355649903,15.2438309501039,-18.8682355971637,-3.53536282274487,7.35003400758629
23.6232581922098,17.0573281001005,-1.37588760048048,83.4558121725394,14.1672851267837,54.0250098454578,15.2676557253893,-18.8266284334114,-3.45032585104663,7.41290924634149
23.5147722155442,16.9155079501525,-1.2434275724068,83.6497505103371,13.8560241207898,53.9619181165539,15.2830811854546,-18.787522523761,-3.37092869617708,7.46771059930891
23.4470294392367,16.7627502300946,-1.14602557416937,83.823213471861,13.4970366334306,53.8403848860011,15.4492503820268,-18.7960433717525,-3.30611641131233,7.48548118154634
23.3339626645772,16.6418623640085,-1.0195824750329,84.0153433145016,13.3474803241257,53.7267716695504,15.4401917024967,-18.7665189036935,-3.23496481723748,7.52327285797913
23.221763211816,16.5277930915577,-0.906716985932686,84.203169776169,13.2108196790212,53.6116661117356,15.4394560138065,-18.7309950137371,-3.16762114788525,7.55299723923368
23.1152350159614,16.4203078740025,-0.807234779194807,84.3824761605802,13.0905439300561,53.4968411546848,15.4482286484803,-18.693467625823,-3.10330011772853,7.57435075615515
23.0175437608115,16.3177929661942,-0.723533958914604,84.5507909214164,12.9699318335405,53.3887016085233,15.4733331355024,-18.6547426075779,-3.04182674537216,7.58742369301933
22.9308496993408,16.2186158271062,-0.656431098760543,84.7063345628492,12.840783321286,53.2935039408738,15.5163713133867,-18.6154193332274,-2.98323407122332,7.59246843209453
22.8566919344647,16.1209749600222,-0.605686592585709,84.848051047612,12.699381358356,53.2156604216196,15.5778709438299,-18.576484868789,-2.92786240993532,7.58974855126754
22.7958732721918,16.0231031126675,-0.569891086072771,84.9756687383682,12.5461882329064,53.1570937892076,15.6577430894659,-18.5392039791538,-2.87615476066124,7.5796639276135
22.7483228024947,15.9234796973523,-0.546602199302732,85.0897519516603,12.3844751233396,53.1171569950154,15.7557734261367,-18.5048106280248,-2.82842158320509,7.56291568533088
22.7130187639944,15.8210289886869,-0.532585402227573,85.1916945138373,12.2188966862843,53.0929177662887,15.8718928474033,-18.4741902300603,-2.78463163729705,7.54064454353259
22.6880217860405,15.7152639383581,-0.524136799196561,85.2836444593592,12.0542274450857,53.0797253843309,16.0062441010321,-18.4476491097448,-2.74428977943045,7.51448491661623
22.6706290081083,15.6063539316489,-0.517439562643078,85.3683561288847,11.8944738894438,53.0719837618898,16.1590105234138,-18.4248180469533,-2.70642749468946,7.4865091851026
22.6576422782876,15.4951026596113,-0.508915322177409,85.4489682803404,11.7424280000858,53.0640320554888,16.3300518261486,-18.4047043059269,-2.66970389377596,7.45906401001111
22.6457332366096,15.3828304130931,-0.495542481652054,85.5287105112024,11.5996172605324,53.0510041811817,16.5184679889474,-18.3858832991829,-2.63259358606958,7.43452351550383
22.6318689872828,15.2711708894148,-0.47511452968316,85.6105560209475,11.4665394767589,53.0295227987298,16.7222531395273,-18.3667972534579,-2.59362173361727,7.41500679920959
22.6137297277703,15.1618170111528,-0.446400004282838,85.6968667291957,11.3430513925561,52.998096980023,16.9381852299595,-18.3460984440173,-2.55159407202525,7.40212800368725
22.5900214969842,15.0562730154462,-0.409157932535364,85.7891020782926,11.2287952118727,52.9571434548631,17.1620275545328,-18.3229464374547,-2.50576518858264,7.39685160563179
22.5605947274727,14.9556744405794,-0.363982347926046,85.887663005018,11.1235776987882,52.9086357059664,17.3890182011254,-18.2971664520898,-2.45590182360051,7.39949606731219
22.5263383456688,14.8607145459794,-0.312003274567852,85.9919075535608,11.0276463294547,52.8554837268249,17.6145284666905,-18.2692202369368,-2.40223349747991,7.40986739297083
22.4889041485463,14.7716749747746,-0.254532742301424,86.1003204948465,10.9418296172688,52.8008217801668,17.8347163971279,-18.2400191219487,-2.34532664721534,7.42744231994293
22.4503741629424,14.6885228530513,-0.192771407856936,86.2107771511973,10.8675259258497,52.747391067454,18.0470101190593,-18.2106747265536,-2.28594450613556,7.45150168825008
22.412978305299,14.6110243193465,-0.127662952957245,86.32083170607,10.8065428514524,52.6971413200893,18.2503223038056,-18.1822937695256,-2.22494533194451,7.48115787888854
22.3789105501209,14.5388379109888,-0.0599152712007962,86.4279790885909,10.7608130503679,52.6510807485487,18.4449853966847,-18.1558769849418,-2.16323334103694,7.51530199602816
22.3502249350539,14.4715775644967,0.00986161399092686,86.5298681931996,10.732038504465,52.6093299924909,18.6324664018683,-18.1323154165221,-2.10173861299155,7.55255814486785
22.3287616660531,14.408856653411,0.0809869815373505,86.6244652258781,10.7213313317725,52.5713040326652,18.8149533448874,-18.1124337813578,-2.04139112850856,7.59132559980188
22.3160651732307,14.3503309610553,0.152589733858736,86.7101736116299,10.7289172483722,52.5359483989113,18.9949072720865,-18.0970258501689,-1.98307121753371,7.6299240598072
22.3132833899566,14.2957518033884,0.223581794163751,86.7859162331497,10.7539501946349,52.5019784263634,19.1746528497366,-18.0868451903351,-1.92754243423983,7.66678998706667
22.3210543052759,14.2450299941412,0.292726830795302,86.8511842741056,10.7944610275849,52.4680999738477,19.3560482489188,-18.0825343029889,-1.87538376436878,7.700650004278
22.3393887136323,14.1983029996128,0.358775168540897,86.9060571169773,10.8474366613688,52.4332131686454,19.540245572493,-18.0844903238876,-1.82693437514341,7.73062229101911
22.367558811017,14.1559908012696,0.420622013258938,86.9511973184534,10.9090045100701,52.3966067800838,19.7275384976679,-18.0926831926441,-1.78225532554906,7.75624382685179
22.4040093399118,14.1188200082478,0.477448283373083,86.9878217814799,10.9746856853269,52.3581382324272,19.9172952547485,-18.1064654456239,-1.74110731578586,7.7774629372397
22.4463205181053,14.087794810934,0.528814610062763,87.017645770961,11.0396821990529,52.3183718187332,20.1079828044809,-18.1244329940235,-1.70294551724634,7.79464867289914
22.491262806314,14.0641016618047,0.574692369349322,87.0427924859693,11.099176787903,52.2786310513904,20.2972891088953,-18.1444010954518,-1.66694073141064,7.80863992303348
22.5349818100114,14.0489502622347,0.615427533076031,87.0656598615842,11.1486406118667,52.2409252792133,20.4823377431671,-18.1635425034304,-1.63204305604853,7.82080758469168
22.5733289131932,14.0433705255186,0.651644298641492,87.0887408711656,11.1841510753653,52.2077395455669,20.6599674756638,-18.1786976192986,-1.59710031615847,7.83307183713971
22.6023135697037,14.0479990790615,0.684107639729909,87.1144052683252,11.2027116184427,52.1817174383802,20.827031994356,-18.1868197459558,-1.56102750392582,7.84782282518221
22.6186130091628,14.0628973581612,0.71357638371959,87.1446668376123,11.2025442723668,52.165298741539,20.980671689151,-18.1854771405676,-1.5230044770394,7.86772169039692
22.6200504585048,14.0874448526019,0.74068622394314,87.1809746114515,11.1833093583478,52.1603850589629,21.1185181792225,-18.1733096465182,-1.48266688651134,7.89538721682837
22.6059487187169,14.1203442285514,0.765898448132023,87.2240730715818,11.1462033544788,52.1681000101731,21.2388033821296,-18.1503356525833,-1.44025204281816,7.93299731155633
22.5772796613434,14.1597580280114,0.789531730506289,87.2739709705902,11.0938935473364,52.1886932796693,21.3403551483175,-18.1180252375543,-1.39666423333732,7.9818649779988
22.5365619734824,14.20356783088,0.811864933651587,87.3300388229304,11.0302641883937,52.2216106365088,21.4224786355754,-18.0790994096401,-1.35343189754006,8.04208768601946
22.4875104778374,14.2497109774594,0.833270256374277,87.3912239971881,10.9599771740753,52.2657134589028,21.4847515544114,-18.0370810896811,-1.31254577391888,8.11239318524209
22.4345005063837,14.2965228705278,0.854324439057242,87.4563409456357,10.8878934626239,52.3195889654802,21.5267906648147,-17.9956920709311,-1.27619463987032,8.19027637405716
22.3819555670972,14.3430112959446,0.875861068951813,87.524377343749,10.818449837523,52.3818642706645,21.5480569159007,-17.958229605467,-1.2464457600117,8.27243098416067
22.3337750175543,14.389013963346,0.898960588657431,87.5947609972605,10.7551163226346,52.4514389477609,21.5477503281461,-17.927047620697,-1.22493600427389,8.35536856169312
22.2928926910928,14.4352247263778,0.924901787397495,87.6675495363031,10.7000498306605,52.5275829213709,21.5248147125207,-17.9032238197775,-1.21263756395393,8.43604962885549
22.2610174859032,14.4831003156698,0.955100768107959,87.7435227730261,10.6540052083587,52.6098954368385,21.4780440522298,-17.8864446431022,-1.20974210022674,8.51236036952626
22.2385711834337,14.5346732018457,0.991044870966164,87.8241707990802,10.6164874559482,52.6981660041334,21.4062665675392,-17.8751038961665,-1.21567927535029,8.5833341091348
22.2248133673195,14.5923015880043,1.03420974572506,87.9115817832266,10.5860646128079,52.7922019851133,21.3085784364817,-17.8665882588174,-1.22925952366044,8.64909817839754
22.2181240595431,14.6583890706445,1.08594511951882,88.0082458069617,10.5607385851239,52.8916835283568,21.1845993306219,-17.8577055421701,-1.24891069623921,8.71059331101745
22.2163939401645,14.7351068075065,1.14733299461926,88.1168059735143,10.5382966175688,52.9960819869802,21.0347177983016,-17.8451914726211,-1.27296282833292,8.7691560473243
22.2174489081491,14.8241506082641,1.21905066777835,88.239801844943,10.5166182900437,53.1046469714063,20.8602840961752,-17.8262081657599,-1.29992400315751,8.82607559589697
22.2194232844582,14.9265614824883,1.30128969219222,88.3794545345294,10.4939563548278,53.2164426120167,20.6637000421615,-17.7987362562362,-1.32868833644249,8.88223298711354
22.2210121064952,15.0426273886503,1.39377236535054,88.5375294795803,10.4692152151925,53.3304036488874,20.4483643255132,-17.7617821997595,-1.35863275964499,8.93789843559551
22.2215784555909,15.171868411411,1.49586934721279,88.7152842456807,10.442214560323,53.4453891104181,20.2184642061321,-17.7153748803276,-1.38959213320234,8.99270980881476
22.2211420670538,15.3130956193273,1.60677778600249,88.9134793720818,10.4138747175924,53.560229289888,19.9786488450426,-17.6603865003438,-1.42173793357114,9.0458026721416
22.2203022947438,15.4645309184457,1.72569647740305,89.1324156677797,10.3862363575714,53.6737763642983,19.7336517837953,-17.5982501675299,-1.45540755254287,9.09603157749615
22.2201453334384,15.6239775341383,1.85194382295823,89.3719643964511,10.3622555315941,53.7849687117873,19.4879333487363,-17.530649893539,-1.4909340134325,9.14221728673481
22.2221671369424,15.7890302314587,1.98499420819681,89.6315684797047,10.3453837550191,53.8929047267648,19.2453900926089,-17.4592407607806,-1.5285158846795,9.18336528606719
22.2282262205895,15.9573079551101,2.12443877078882,89.9102039356754,10.3390124371954,53.9969051936042,19.0091469889618,-17.3854353973844,-1.56815222145427,9.21881658645889
22.2405298910102,16.1266835921294,2.26989487399066,90.2062998402506,10.3458957757411,54.0965363589536,18.7814307304004,-17.3102751483867,-1.60965143246437,9.24830871776852
22.2616493030974,16.2954828380623,2.42089499312265,90.5176261197601,10.367659434748,54.1915754593767,18.5635237661081,-17.2343884717618,-1.6527070390005,9.27194370112554
22.2945483410123,16.4626301140304,2.57678622402095,90.8411727134076,10.4044726930087,54.2819256678527,18.3558021369973,-17.158022591765,-1.6970183618599,9.29008027189208
22.3426005604526,16.6277316018013,2.73667006253319,91.173055622346,10.454930639213,54.3675173925223,18.1578500632317,-17.0811208502759,-1.74242342724556,9.30318512696697
22.4095651406237,16.7910971602517,2.89940778390861,91.5084871955972,10.5161671819867,54.4482474120242,17.968627787949,-17.0034148838204,-1.78900919640498,9.31168542786745
22.4995017582274,16.9537090486989,3.06370757741771,91.8418372371704,10.5841922648192,54.5239889319749,17.7866678567465,-16.9245103448189,-1.8371718632378,9.31585925729744
22.6166205705663,17.1171463813577,3.22829475549746,92.1667937924791,10.6544097379236,54.5946604635429,17.6102935130168,-16.8439606474912,-1.88761331583821,9.31578695989392
22.7650770604687,17.2834742244137,3.39214630725571,92.4766158623747,10.7222299288578,54.6603042222505,17.43786547805,-16.7613340753,-1.94127259232003,9.31137186577303
22.9487274367559,17.4551080447748,3.55474907484034,92.7644583854455,10.783661803015,54.7211282628922,17.268042457861,-16.676279062847,-1.99919963301364,9.30242753093381
23.1708624880475,17.6346663413534,3.71632555805592,93.0237408196548,10.8357724398653,54.7775045252329,17.0999981282063,-16.5885827798922,-2.06238362233092,9.28881985651931
23.4339430165698,17.8248230559492,3.87797299677259,93.2485215229091,10.8769369022199,54.8299472230757,16.9335215195956,-16.498207328294,-2.13155270663,9.27064514295071
23.7139875890363,18.0151947964711,4.05713835972886,93.4428271038361,10.9889681467797,54.8403005285182,16.6642936872624,-16.3657733972913,-2.21445010620316,9.25478979921536
24.0607909384914,18.2328715923974,4.22386775938427,93.5850364433069,10.9988995040166,54.8746059094418,16.5019575618722,-16.2680941753253,-2.29647961930779,9.22994738860788
24.4492588495831,18.4682973072531,4.39869380358347,93.6817082466827,10.9972278005361,54.9052459859369,16.3462936602296,-16.169626508529,-2.38306894166124,9.20391273962044
24.8765737204275,18.7230410953318,4.58519245590189,93.731864665016,10.9862651589563,54.9343914477127,16.1963167510223,-16.0691575581696,-2.4724820974442,9.1792134295803
25.3393578675664,18.9982771234049,4.78702641262914,93.7356371555748,10.967817567789,54.9634299296656,16.0526757463927,-15.9667439561785,-2.5623407312554,9.15877905340935
25.8335098756968,19.2947018897826,5.00753301447503,93.6941104001794,10.942772358981,54.9936300829662,15.9161508528194,-15.8625011220043,-2.65015302527952,9.14557152742487
26.3544900277544,19.6126029920045,5.24946393154576,93.6090798019492,10.9107019080307,55.0262441039685,15.7875254134227,-15.7566973156074,-2.73378091597183,9.1420959007007
26.8976174800914,19.951968354343,5.51481921249805,93.4828013812266,10.8697306132684,55.0625444893882,15.6674782836943,-15.649897211137,-2.81183591653798,9.1499768583769
27.4583267604255,20.3126003649716,5.80479042097984,93.3177504242623,10.8167322616996,55.1037881145042,15.5564520575372,-15.5430246630776,-2.88387248339769,9.16975834789743
28.0323617021223,20.6942064912215,6.11982090655279,93.116390806765,10.7478478093507,55.1510800355217,15.4545567674959,-15.4372958807579,-2.95031001583126,9.20101221226499
28.6158987593762,21.0964538902073,6.45976684649963,92.8809587843643,10.6592121031308,55.2051586949662,15.3615659727062,-15.3340316795838,-3.01210999310372,9.24272974377002
29.2056011547283,21.5189967501332,6.82411603020261,92.6132793521727,10.5476953138057,55.2661718048419,15.2770177849427,-15.2344157056464,-3.07032624416426,9.29385940233454
29.7986115628444,21.9615008101669,7.21220913827158,92.3146481735973,10.4114531958281,55.3335294949862,15.2003823549679,-15.1392997790244,-3.12569487258381,9.35379485960947
30.3924942790618,22.4236872750218,7.62341652792318,91.9858138114913,10.2501525077247,55.4058987966449,15.1312315521238,-15.0491402398316,-3.17840198925969,9.42264974501193
30.9851388616671,22.90539753951,8.05724316068064,91.6270788335066,10.0648524983863,55.4813556110301,15.0693532437284,-14.9640828820958,-3.22807175746241,9.50126590315651
31.5746388128714,23.4066563320495,8.51335417427144,91.2385111210118,9.85762303289208,55.5576624076638,15.0147791308659,-14.8841422924821,-3.27391710030431,9.59101912999603
32.1591622752912,23.9277009724229,8.9915294549572,90.8202309629355,9.63103252682632,55.6326095226694,14.9677241314935,-14.8093902935192,-3.31495166315166,9.69354172283064
32.7368344872479,24.4689513234366,9.4915665038589,90.372725073587,9.38764350131076,55.7043495366396,14.9284529145632,-14.7400848919173,-3.35017996116208,9.81046530593743
33.3056516128937,25.03091037645,10.0131561651256,89.8971362595875,9.12962682757253,55.7716634010894,14.8970936347099,-14.6767098236313,-3.37872644820778,9.94323653753887
33.8634433094275,25.6140022058334,10.5557554859392,89.3954804321986,8.85856513830104,55.8341166143995,14.8734212813346,-14.619929401746,-3.39989994896274,10.0930089886686
34.4078979699616,26.2183708168685,11.1184772630489,88.8707454298724,8.57546976288961,55.8920879318679,14.8566439814775,-14.5704836987462,-3.413207082053,10.2605837958592
34.9366589367803,26.8436783057886,11.7000093903309,88.3268300557432,8.28098704454748,55.946675146767,14.8452460596078,-14.5290559943425,-3.41833203791948,10.4463629171818
35.447490188176,27.4889473309694,12.298572275024,87.7682947887816,7.97572456417375,55.9994963212964,14.836961823625,-14.4961422123344,-3.41509886502242,10.6502886170246
35.9384950847801,28.1524853626097,12.9119201123007,87.1999270776705,7.66059480559861,56.0524143579105,14.8289534114416,-14.4719455593264,-3.40343126672849,10.8717635214223
36.4083543605748,28.831908276034,13.5373904967091,86.6261739180739,7.33706739430794,56.1072271513134,14.8182265351837,-14.4563125485082,-3.38332355290994,11.1095672084683
36.8565372603717,29.5242569107137,14.1720064071207,86.0505446807212,7.00725518029883,56.1653772708925,14.8022467610083,-14.4487201725284,-3.35483225671096,11.3617990717708
37.2834402637752,30.2261808512346,14.8126325770691,85.475110896793,6.67382586027703,56.2277253729005,14.77964721454,-14.4483168672388,-3.31809091912223,11.6258786340735
37.6904213642331,30.9341538942672,15.4561770489637,84.9002132112639,6.33978968891617,56.2944068767071,14.7508717688095,-14.4540105725406,-3.2733441253032,11.8986236927174
38.0797170320416,31.6446865611591,16.0998061893281,84.3244394660474,6.00822994574616,56.3647798909513,14.7185818181647,-14.4645864818663,-3.22099386519893,12.1764076731117
38.454247080818,32.3545103572416,16.7411240109802,83.7448830474918,5.68202889239871,56.4374743901089,14.6876783858064,-14.4788289781596,-3.16165021122817,12.4553777241463
38.8173286079787,33.0607214217777,17.3782771005554,83.1576400774717,5.36363839207981,56.5105398972513,14.6648761160494,-14.4956213746016,-3.09617602024443,12.7317022405014
39.1723349352848,33.7608823139168,18.0099832407441,82.5584612281142,5.05495871339228,56.5816573731911,14.6579037306754,-14.5140048073655,-3.02571229551276,13.0018140367411
39.5223467792407,34.4530864444473,18.6355136819278,81.9434444756387,4.75738692003588,56.6483597730536,14.6745237926361,-14.533191163435,-2.95167094083982,13.2626211381203
39.8599191014606,35.1381926181195,19.2600878446681,81.3084770762129,4.43402885411323,56.6527416477033,14.7384699753583,-14.5413856893398,-2.87755903460869,13.5141503446845
40.2066603829536,35.8108435460353,19.8733800524519,80.6539597989729,4.16064149018881,56.6986144402664,14.8261727306,-14.5600988069375,-2.80151860677243,13.7495191723672
40.5532744573082,36.4731244615868,20.4812249195338,79.9792018211572,3.90383266000689,56.7353067855278,14.9501463080509,-14.578076817854,-2.72707764030696,13.9704836435541
40.899588397922,37.1251939362447,21.084630163232,79.2857091705925,3.6650212710434,56.7589196018401,15.1125184389671,-14.594774794786,-2.65595430251013,14.1768832679901
41.2445588967273,37.7675462058733,21.6847151347349,78.576333775456,3.4474865069308,56.7676123078046,15.3109163296525,-14.6098235824105,-2.58960787894769,14.369322375482
41.5864804590725,38.4008309854592,22.2825346260388,77.8548133856189,3.25489688040348,56.7598531520363,15.5407088650729,-14.6229484390538,-2.52917000283,14.5490481397852
41.9231928879731,39.025672691932,22.8788634776797,77.1253482117145,3.09061297066887,56.734530052194,15.7957974582718,-14.6340085619118,-2.4753886506347,14.7178067207495
42.2522831098851,39.6424926445543,23.4739962441397,76.392228283748,2.95691563406402,56.6911428952338,16.0694971080538,-14.643029359085,-2.42861891374667,14.877660770607
42.5712595892662,40.2513546153815,24.0676069011735,75.6595559202104,2.85437256526178,56.629926136751,16.3553862249459,-14.6502160773245,-2.3888597210071,15.0307865088399
42.8776879357187,40.8518487803851,24.6587018784264,74.9310758903291,2.78154096870046,56.5518458179696,16.6479754351329,-14.6559452352812,-2.35582918306115,15.1792776767383
43.1692902183057,41.4430215689004,25.2456738674978,74.2100975405769,2.73508158653686,56.4584702437791,16.9431189706596,-14.6607350177828,-2.32906599694473,15.3249819044796
43.4440192309668,42.0233538651843,25.8264351501165,73.4994795663002,2.7102223037171,56.351760170375,17.238162779215,-14.6651984180844,-2.30803988045758,15.4693846960846
43.7001194144844,42.5907883531524,26.3985926796957,72.8016501107519,2.7014269177231,56.2338448081446,17.5318650483526,-14.6699847828407,-2.29225203600545,15.6135437400823
43.9361805547546,43.1428055118906,26.9596254490889,72.1186459116262,2.70311199831094,56.1068409702553,17.8241371964401,-14.6757168830266,-2.28130882596135,15.7580674451107
44.1511842369114,43.6765431217659,27.5070318507082,71.4521649871936,2.7102839069959,55.972745883507,18.1156510689557,-14.6829312398425,-2.27495805433073,15.9031279685515
44.3445408689764,44.1889459950294,28.0384280857416,70.8036300474838,2.71901316857006,55.8334045052122,18.4073597136341,-14.6920284122941,-2.27308597678776,16.0484983830678
44.5161173565029,44.6769263488385,28.5515997951651,70.1742517641251,2.72671951869349,55.6905275185477,18.6999963474646,-14.7032373927079,-2.27568192186604,16.1936043467028
44.6662582271183,45.1375169911928,29.0445322157831,69.5650699972073,2.73229675456506,55.5457198671654,18.9936410795084,-14.7165956850465,-2.28278297459926,16.3375836432247
44.7958011447677,45.5680085411593,29.515451700619,68.9769526687915,2.73612690181293,55.4004797896457,19.2874525704618,-14.7319453450346,-2.29441180558776,16.4793524826472
44.9157348847113,45.9690165941946,29.9534647643243,68.4124812005807,2.74952043164262,55.3004713936943,19.5643325839475,-14.7620987289374,-2.30630654417993,16.6157148669472
44.998869764472,46.3298647301657,30.3857852219781,67.8663332164809,2.74830559558513,55.1160116470908,19.8655307426438,-14.7672512444503,-2.33089023019196,16.7513171988999
45.0859735775662,46.6613749637336,30.7736580277763,67.3458343659119,2.76539165195309,55.0150498952978,20.1354311290421,-14.7986810827875,-2.35103969438345,16.8770003937577
45.1413997047785,46.9500983049962,31.155574150172,66.8440668364592,2.78680345054792,54.8404924839487,20.4172757639464,-14.8044988512224,-2.38321645630591,16.9995290878629
45.3119629891518,47.2208908833066,31.572165942142,66.283846427918,3.1456304201327,54.8558773247996,20.710511262525,-14.907766845252,-2.37104773253626,17.0880248603551
45.3678881462301,47.4447291583547,31.8874213668926,65.8276808688661,3.20333873326398,54.7686795361846,20.9258377423212,-14.9379883351605,-2.39981633276053,17.1903349420137
45.4089220958326,47.6301639508033,32.1858191393882,65.3919707281438,3.29620356115782,54.6544018416682,21.1266158969253,-14.9541574574896,-2.43436916343638,17.2861460158523
45.4453440631232,47.7826874327983,32.4580963766717,64.9775383586189,3.39513343592084,54.5330535321706,21.3224311091907,-14.964899197362,-2.47107399886565,17.3734985581455
45.4808267276964,47.9045886864743,32.7071627163272,64.5824792428412,3.51782323641889,54.4136668732693,21.5015398256802,-14.972545589742,-2.50858926995912,17.452471497734
45.5172825407627,47.9988551572948,32.9331609460306,64.2061807459547,3.6625050016018,54.2990331290685,21.6632056121737,-14.9777948761319,-2.54644196804768,17.5234395474947
45.5559972360533,48.06872546112,33.1368182226093,63.8477561920116,3.82910312439256,54.1902530336687,21.8067683626713,-14.9812079885475,-2.58438179377379,17.5869093623249
45.5978994662567,48.117757849,33.3187363974894,63.5061121923153,4.01585158655318,54.0876580786631,21.9328706265737,-14.9835053413202,-2.6223238541037,17.6433407957719
45.6436548472228,48.1496779897411,33.479488772511,63.179847969195,4.22040329708853,53.9912930560433,22.0425859470086,-14.9856121727023,-2.66027891484122,17.6930587730496
45.6937916511847,48.1682031246823,33.6195329696544,62.8672181652264,4.43958545818085,53.901036623517,22.1374222761257,-14.9886303492653,-2.69830129854612,17.7361690669673
45.7488282848979,48.176838331287,33.7391986282608,62.5661051161804,4.66937736850616,53.8166384599079,22.2192648444675,-14.9937821996664,-2.73643310697018,17.7725094757244
45.8093759918118,48.1786921467956,33.8387199516221,62.2740287837742,4.90487803937859,53.7377007399657,22.2903787082137,-15.002336470052,-2.7746479154166,17.8016512889075
45.8761811164825,48.1763483217443,33.9183311295071,61.9882131084329,5.1404178146505,53.6636409294369,22.3533924197192,-15.0155187618282,-2.81279301403898,17.8229653758144
45.950087011876,48.1718172566092,33.9784064037717,61.7057272875134,5.36983503803334,53.5936598815972,22.4112491557835,-15.0344073341636,-2.85053470334302,17.8357495991509
46.0319177640717,48.1665665527332,34.0196145830999,61.4237018678277,5.58691656917535,53.5267358521605,22.4671061382644,-15.0598181460074,-2.88731739265315,17.83939505292
46.1223069660992,48.161608616418,34.0430489871285,61.13959538147,5.78594178946181,53.4616603942214,22.5241714592403,-15.0921893866189,-2.92235086265356,17.8335564740906
46.2215069749552,48.1576127018401,34.0502967971574,60.8514685576774,5.96222127862323,53.3971271280347,22.5854792502632,-15.131482707294,-2.95463645388803,17.8182931318658
46.329217222334,48.1550112801173,34.0434285185185,60.5582178996394,6.11250864735311,53.3318709020592,22.6536283103353,-15.1771222402493,-2.98303348392316,17.7941577011489
46.4444675163015,48.1540800474412,34.0249134068293,60.2597278473237,6.23520555950872,53.264833861202,22.7305340191369,-15.2279910193308,-3.00635815804481,17.7622242168281
46.5655854511059,48.1549803060359,33.9974869957313,59.9569148905309,6.33035189359527,53.195319265598,22.8172507674726,-15.2824974802735,-3.02350403239259,17.7240556995313
46.6902647905317,48.1577609943213,33.9640037752582,59.651652271358,6.39945581342706,53.1230953891549,22.9139038295672,-15.3387134419963,-3.03357489374296,17.6816164805288
46.8157338283212,48.1623282737407,33.9273041699884,59.3465786973843,6.44524820928889,53.0484271069847,23.0197364584918,-15.3945712171977,-3.03602129325188,17.6371371137665
46.9390023170924,48.1684032704228,33.8901167050739,59.0448103869917,6.47143565095285,52.9720272702914,23.1332525217451,-15.4480938291503,-3.03076557312655,17.5929448694434
47.0571468165158,48.175498117042,33.8550050946573,58.7495937596891,6.48247895131802,52.8949272394879,23.252430036515,-15.4976215829197,-3.01828956881949,17.5512807496632
47.1675816946182,48.1829399610468,33.8243544866095,58.4639528462319,6.4833630663362,52.8182762528502,23.3749860360349,-15.5419934039375,-2.99965361441361,17.5141310401922
47.2682628463038,48.1899584540444,33.8003749349503,58.1903932735394,6.47928978991255,52.7431036465455,23.4986672065238,-15.5806459933712,-2.97642335967543,17.4831015387906
47.357789133335,48.1958274822527,33.785093014613,57.9307157626526,6.47524721044035,52.6701076481256,23.6215192841355,-15.6136109548671,-2.95050310309668,17.4593519346909
47.4353987126382,48.2000266007164,33.7803112881453,57.6859656321879,6.47547783178654,52.5995436861197,23.742072481768,-15.6414160526685,-2.92390276252086,17.443589731243
47.500886899439,48.2023745786376,33.7875363320333,57.4565104232004,6.48293808912186,52.531256533773,23.8593935831551,-15.6649183260508,-2.89848634118168,17.4361079007361
47.5544830883559,48.2030947320969,33.8078968934004,57.242209879687,6.49887534060512,52.4648451520134,23.9729970668485,-15.6851030157556,-2.87575254921966,17.4368463578401
47.5967191592773,48.2027964949649,33.8420826455105,57.0426289854847,6.52262731700453,52.3998981895244,24.0826552743132,-15.7028797827136,-2.85668543682136,17.4454617432987
47.6283148874206,48.2023866264061,33.8903261560626,56.8572436527146,6.55168429046077,52.3362186955192,24.1881769119187,-15.7189096870045,-2.84169491760871,17.4613943067128
47.6501005137145,48.2029417896521,33.9524298732171,56.6855961303525,6.58198013241586,52.2739741552322,24.2892217007878,-15.7334990326497,-2.83065000139555,17.4839223757382
47.6629851641551,48.2055762092748,34.0278168130644,56.5273714854257,6.60833274958084,52.2137474667845,24.3851915945183,-15.7465847956058,-2.82299161581304,17.5121981385095
47.6679626433821,48.2113283260149,34.1155703462201,56.382383950536,6.62495093347109,52.1565032169399,24.4752046849034,-15.7578112007034,-2.81789922356545,17.5452644215241
47.6661348356827,48.2210766745411,34.2144322476274,56.2504768943345,6.62594853187941,52.1035041066187,24.5581358705362,-15.7666744274099,-2.81448053908296,17.5820568060629
47.6587342819485,48.2354832583619,34.3227482864433,56.1313512600272,6.60583444614451,52.0562094237166,24.6327043041103,-15.7727029807618,-2.81195645898708,17.6213966031873
47.6471349514106,48.2549559394697,34.4383796124751,56.0243495637247,6.55996264212081,52.0161677570759,24.6975948405798,-15.7756401736447,-2.80981783854122,17.6619812368899
47.6328433148635,48.2796215504009,34.5586248703382,55.9282404738029,6.48492564699645,51.9848927318291,24.7516095456854,-15.7755936748428,-2.8079319968261,17.7023833574288
47.617458375243,48.3093073553322,34.6802105705904,55.8410675789585,6.37886461759131,51.9636978977693,24.7938472550108,-15.7731151913282,-2.80657694186046,17.7410764304978
47.602586151005,48.3435359730183,34.7993964298368,55.7601302784807,6.2416642261171,51.9534773470835,24.8238975965468,-15.7691788704378,-2.80638684583984,17.7765053289613
47.5896993213765,48.381542863225,34.9122067216507,55.6821409604071,6.07501255661039,51.9544543485462,24.8420131902127,-15.7650457771349,-2.80820710617587,17.8072100961881
47.5799503353857,48.4223223751311,35.0147511696559,55.6035514914138,5.88232956227654,51.9659638680732,24.8492071043735,-15.7620321783325,-2.81287952492463,17.8319906308604
47.5739739536507,48.4646983855778,35.1035640794826,55.5209831506696,5.66858707253465,51.9863550697851,24.8472315968692,-15.7612334815778,-2.82100138683645,17.850076674018
47.5717407325829,48.5074038365837,35.175886926557,55.4316561643083,5.44005251310841,52.0130770220427,24.8384278126767,-15.7632810204919,-2.83271719460219,17.8612519628677
47.5725263312676,48.5491476742719,35.2298450360926,55.3337171956596,5.20399088099363,52.0429554766918,24.8254727245707,-15.7682106751556,-2.84759960498785,17.8658846291819
47.5750303058534,48.5886525591727,35.2645048765011,55.226402725628,4.96835412086083,52.0726103218511,24.8110715133598,-15.775492572891,-2.86465445622596,17.8648418281282
47.5776229795012,48.62465977891,35.2798277295798,55.1100318757857,4.74146910661887,52.0989246867578,24.7976515199784,-15.7842184895008,-2.88245131031666,17.8593062140163
47.5786498599506,48.6559110201426,35.2765507708254,54.9858686151728,4.53170812990617,52.1194635329729,24.787115238203,-15.7933913150716,-2.89934879493463,17.8505460681448
47.5767076862775,48.6811230264325,35.2560281347687,54.8559140063122,4.34710295571548,52.1327504015018,24.7807038759585,-15.8022328778104,-2.91376419993319,17.8397020577531
47.5708301211207,48.6989694779875,35.220057441439,54.7226820798147,4.19486316136926,52.1383445255168,24.7790030735292,-15.810431614865,-2.92443285611072,17.8276382311339
47.5605643900184,48.7080786520818,35.1707086743011,54.5889899675958,4.08079125094445,52.1367108665151,24.7820878231929,-15.8182793574551,-2.93061059386646,17.8148757740892
47.5459546873223,48.7070503613212,35.1101663232819,54.4577721755276,4.00863885381244,52.1289268997839,24.7897656739044,-15.8266777558257,-2.93218528363278,17.8016030248604
47.5274601630664,48.6944933351893,35.0405915615453,54.3319213616847,3.97949093308441,52.1163034026204,24.801851866389,-15.8370187759203,-2.92967808918197,17.7877430156368
47.505831122727,48.6690838261929,34.9640077854072,54.2141606571878,3.99127830296004,52.1000040912044,24.8184053862684,-15.8509615556627,-2.92413260876285,17.7730575985774
47.4819610159014,48.6296463653624,34.8822118310299,54.1069544084922,4.03850998692872,52.0807378760382,24.8398664382091,-15.8701441232672,-2.91691079412821,17.7572681710753
47.456731911331,48.5752574314578,34.7967153387144,54.0124575426934,4.1123050389357,52.0585804634878,24.8670543384896,-15.8958818552503,-2.90943460292822,17.7401734582263
47.4308750740419,48.5053715230166,34.7087224515205,53.9324898983904,4.20079395294958,52.0329644805366,24.9010075142939,-15.9289082153376,-2.90292491630685,17.7217457398929
47.4048696989281,48.4199652189513,34.6191475166789,53.8685086931631,4.28994160868415,52.0028538998661,24.9426780358108,-15.9692027461021,-2.89818924331161,17.7021904537546
47.3788992174499,48.3196869587403,34.5286709355886,53.8215480463579,4.36480132234289,51.9670804617429,24.9925351774913,-16.0159309414574,-2.89549782234715,17.681960054326
47.3528759200309,48.2059895542598,34.4378263995736,53.7921042310933,4.41113215410468,51.9247671794845,25.0501811279474,-16.0674994483706,-2.89456866873128,17.6617198449264
47.3265292602988,48.0812132225736,34.3471076186662,53.7799708468095,4.41719997481805,51.875714819777,25.114117938959,-16.121712295435,-2.89466026438684,17.6422709766644
47.2995318417056,47.9485842383161,34.2570726481158,53.7840649379833,4.37546207450271,51.8206124814668,25.1817968550651,-16.1759996235152,-2.89474957328306,17.6244437924941
47.2716196623435,47.8121005901301,34.1684105067096,53.8023176212087,4.28376384211623,51.7609784745157,25.2500043239231,-16.2276822606332,-2.89375760822326,17.6089806868644
47.2426630775481,47.6762914711157,34.0819297693064,53.8317082013883,4.14572150996862,51.69884041913,25.3155025380345,-16.2742363872747,-2.89077845914229,17.596428721281
47.2126649946371,47.5458614832468,33.9984436778498,53.8684854309031,3.9701427125194,51.6362817567156,25.3757066705579,-16.313528287688,-2.88526942284237,17.5870590259412
47.1816929315636,47.4252597548252,33.918560874113,53.9085538644825,3.76957979158741,51.5750475807935,25.4291334730048,-16.3439921516117,-2.87716619843092,17.5808256764591
47.1497793675511,47.3182400086339,33.8424346381895,53.9479387365148,3.55832095300428,51.5163670148284,25.4754446457618,-16.364725163412,-2.86689805774845,17.5773720448122
47.1168417151268,47.2274890338209,33.7695607203067,53.9832122176642,3.35024381314589,51.4610272225638,25.5150922285005,-16.3754831903602,-2.85529638900361,17.5760856395193
47.0826714371682,47.1543920699849,33.6987234271367,54.0117802868547,3.1569718676336,51.4096011363808,25.5487475690403,-16.3765809068545,-2.84341496389977,17.576193036944
47.047016307065,47.0989765080425,33.6281523499724,54.0319800363494,2.98668099208168,51.3626684124879,25.5767700836898,-16.368723650317,-2.83230435481115,17.5768778038168
47.0097380699446,47.0600378083608,33.555872208587,54.0429955718145,2.84370670887859,51.3209043310195,25.598926161249,-16.3528135476588,-2.82279740539313,17.5773995842647
46.9709909144962,47.0354137124553,33.4801453089304,54.0446449197704,2.7288649250829,51.285004888963,25.6144445947288,-16.3297753330127,-2.81536152198111,17.577193074414
46.9313541819182,47.0223452254594,33.39987019008,54.0371126912397,2.64022580542831,51.2555028482946,25.6223567067149,-16.3004396393707,-2.81005489960953,17.5759312986597
46.8918693958703,47.0178535244418,33.3148291729862,54.0207059264177,2.57404453409452,51.2325688306922,25.6219683668359,-16.2655060609019,-2.80659205665954,17.5735470085492
46.8539654089817,47.0190722735374,33.2257449872371,53.9956966188985,2.52563239518857,51.2158832815748,25.6132767469299,-16.2255876604092,-2.80449081738006,17.5702157318113
46.8192908296047,47.023498265508,33.1341696985102,53.9622848382121,2.49006408203023,51.204629019756,25.5971823310543,-16.1813177219414,-2.80325173919867,17.5663099466313
46.7894983706008,47.029149062635,33.0422627072117,53.9206756447594,2.4626969871761,51.1976097284873,25.5754347071143,-16.1334846869257,-2.80251920467775,17.5623346765935
46.7660355321369,47.0346349522026,32.952519082524,53.8712234750621,2.43951438479367,51.1934609642329,25.5503478113759,-16.0831566630842,-2.8021883664796,17.5588525330771
46.7499905058295,47.0391604091946,32.8674978276281,53.8145745612706,2.41731798538202,51.1908969291161,25.5243870940464,-16.0317630985967,-2.8024447941555,17.5564035149383
46.7420245406427,47.0424703680673,32.7895826229343,53.751740251603,2.39380278773964,51.188934006081,25.4997494876681,-15.9811131993723,-2.80374360936484,17.5554237491847
46.7423938644426,47.044755042515,32.7207896173969,53.6840605943326,2.36754764819163,51.1870485588381,25.4780351284361,-15.9333391527145,-2.8067441992675,17.5561701558388
46.7510318406473,47.0465275581764,32.6626210993954,53.6130574512036,2.33794384485615,51.1852509896545,25.4600694427719,-15.890754629522,-2.81221512223787,17.5586643099785
46.7676433199603,47.0484904237143,32.6159565950421,53.5402126127671,2.30506872679378,51.1840780961075,25.4458940578233,-15.8556279252766,-2.82092090010256,17.5626715960624
46.7917734392591,47.0514073372518,32.5809791256885,53.4667244706597,2.26950975853787,51.184515072401,25.4349124888071,-15.8298962677255,-2.83350648848485,17.567724146633
46.8228432350799,47.0559955772534,32.5571489366797,53.3932948576093,2.23216228695892,51.1878592800686,25.426151980187,-15.8148811846317,-2.85040228764836,17.5731816376786
46.860167888043,47.0628523028364,32.5432450505762,53.3199842186155,2.19404428911934,51.1955379458605,25.4185858364983,-15.8110767471437,-2.87177160707021,17.5783139018324
46.9029759744543,47.0724248036528,32.5374855279537,53.2461559043027,2.15616900262851,51.2088978031116,25.4114522699619,-15.8180617202147,-2.89751068186766,17.5823888136039
46.9504389349395,47.0850276576488,32.5377151450909,53.1705112723421,2.11948937540358,51.2289947302094,25.4045086323741,-15.8345493448804,-2.92729679210698,17.5847531472552
47.0017142358905,47.100898560046,32.5416298351318,53.0911989418406,2.08489840871396,51.2564171370319,25.3981748615591,-15.8585578601067,-2.96067132693608,17.5848965026484
47.0560049532681,47.1202736778123,32.5470014001553,53.0059711237694,2.05325891563204,51.2911729813174,25.3935421730169,-15.8876687352646,-2.99714199730552,17.5824888733814
47.1126305916977,47.1434591369674,32.5518714222866,52.9123652477425,2.02544641192152,51.3326601674002,25.3922433418043,-15.9193284614414,-3.03628530222745,17.5773870145345
47.1710816826501,47.1708799183624,32.5546912852164,52.807909245007,2.00240243333397,51.3797293509105,25.3961950319038,-15.9511345532872,-3.07782334529184,17.5696173643125
47.2310104830127,47.2030962093806,32.5543923168183,52.6903684788178,1.9851965095845,51.4308369143971,25.4072371521242,-15.9810377591456,-3.12164630198053,17.5593568540443
47.2921231796283,47.2407829389323,32.550380230105,52.5580500444781,1.97508328471721,51.484269464117,25.4267193875036,-16.0074150680722,-3.16776682096098,17.5469323124793
47.353993105363,47.2846692570902,32.5424624707786,52.4101494535028,1.97352725236594,51.5384002613282,25.455116945452,-16.0290259341313,-3.21622498665382,17.5328386174639
47.4158724274642,47.3354368399445,32.5307277969792,52.2470844592769,1.98216001925628,51.5919240641528,25.4917724887175,-16.0449204987984,-3.266990327592,17.5177505745352
47.4765929607738,47.3935848402605,32.5153979921265,52.0707395756717,2.00264273500772,51.6440214628115,25.5348375189851,-16.0543783028535,-3.31990775249997,17.5024961682758
47.5346049053209,47.4592834207731,32.4966686996708,51.8845564146213,2.03644034958777,51.6944241319203,25.5814299792102,-16.0569133040198,-3.37470726582407,17.4879756935096
47.588138987244,47.5322491374634,32.4745598815252,51.6934410990691,2.08456875791568,51.7433759536059,25.627964814859,-16.0523234253361,-3.43106411292107,17.4750382160711
47.6354336985171,47.6116766870204,32.4488023366604,51.5035020391034,2.14741338124016,51.7915053898814,25.6705766744339,-16.0407327576076,-3.48867772476539,17.4643449973373
47.6749610583597,47.6962507567153,32.4187815562818,51.3216639854505,2.22469964287672,51.8396432206364,25.7055455949448,-16.0225847771631,-3.54733960915196,17.4562513415553
47.7056006181225,47.7842421164151,32.3835411246689,51.1552208765264,2.31562908386213,51.8886338880455,25.7296501336543,-15.9985767239102,-3.60697288925927,17.4507292906678
47.7267346025605,47.8736699063118,32.3418282148607,51.0113901765454,2.41912928130387,51.939188802704,25.7403979606545,-15.9695523177497,-3.6676382952684,17.447342154577
47.7382593793078,47.962494382126,32.2921569981747,50.8969176422197,2.53414127264155,51.9918121870833,25.7361136256952,-15.9363813167032,-3.72950917206958,17.445270704308
47.7405293069672,48.0487971203442,32.2328719669427,50.8177593212143,2.65988152191442,52.0468028545151,25.7158915430501,-15.8998545936364,-3.79282326697264,17.4433791911231
47.7342634294949,48.1309117607307,32.1622024106135,50.7788462735328,2.79603805310069,52.1043121757506,25.6794457882632,-15.8606173754692,-3.85782236599823,17.4403001275793
47.7204448553955,48.2074850659284,32.0783040059498,50.7839258935204,2.94287209869149,52.1644266020186,25.6269056732651,-15.8191503381339,-3.92469052304865,17.4345161790394
47.7002272276653,48.2774669729716,31.9792850455709,50.8354743609437,3.10119976135028,52.2272411243194,25.5586150415799,-15.7757912502975,-3.99349839686986,17.4244273786817
47.6748449887129,48.3400411239134,31.8632195336343,50.9346822056181,3.27223968089494,52.2928947763105,25.4749884005235,-15.7307793936328,-4.0641593628574,17.4084061642443
47.6455172956956,48.394511979862,31.728158891354,51.0815198511402,3.45734328952642,52.3615503016223,25.3764558296891,-15.684307778689,-4.13640475933005,17.3848524999004
47.6133418863981,48.4401643858571,31.5721620111522,51.2748855555269,3.65766265144285,52.43331638855,25.2634985891303,-15.6365780567141,-4.20978740235082,17.3522615402867
47.5791873147692,48.4761108780101,31.3933616858468,51.5128247136148,3.87383186277584,52.5081286741487,25.1367509616761,-15.5878586507987,-4.28371943749127,17.3093080074475
47.5436003556807,48.5011439969547,31.190071068898,51.7927937262101,4.10572628324739,52.5856215926923,24.9971282032066,-15.5385437570639,-4.35754213652394,17.2549395003746
47.5067453315394,48.5136152163241,30.9609112495283,52.1119319320384,4.35232649068196,52.6650345205064,24.8459357562997,-15.4892037683077,-4.43061547055502,17.1884611086968
47.468384391521,48.5113650025323,30.7049203755651,52.4673065774196,4.61167117274488,52.7451979624756,24.6849189411484,-15.4406122800052,-4.50240849938691,17.1095914114023
47.4278962036834,48.4917249585057,30.4215972903759,52.8561080347807,4.88085533627609,52.8246333873977,24.5162223212587,-15.393734394756,-4.57256962932225,17.0184775856311
47.4829488272912,48.4127716299747,30.202998156323,53.1933394636754,5.44517965068191,52.9489866439698,24.4241776212231,-15.3886472506796,-4.63410334902665,16.87993803575
47.4429766150954,48.3485162376454,29.8699481068601,53.6358717467449,5.73680232034437,53.0321200432726,24.2581748884197,-15.3541726126129,-4.69874741069867,16.7640978123793
47.3948472195849,48.2581260269039,29.5058462917131,54.1070179788852,6.00421760176811,53.098569017837,24.0997428578822,-15.3233894200417,-4.76237028410216,16.6393976419649
47.3385881615338,48.137504915162,29.1143564155229,54.6041465581131,6.26088084317464,53.1608254840545,23.9403421182218,-15.2983655925886,-4.82483706061533,16.5066907916297
47.272240526453,47.9838255545897,28.6953154455974,55.1264910607535,6.50187583998206,53.2225134272207,23.7777482742927,-15.2794832863104,-4.88629935288062,16.3675292213518
47.1937670702885,47.7949494471712,28.2480931891392,55.6736384695771,6.72074197729698,53.2867922485192,23.6099290625808,-15.2666141072609,-4.94675767716625,16.2234792226143
47.1010811460549,47.5695720729159,27.7719102736859,56.2454829573664,6.91141157351703,53.3574766885461,23.4338482715875,-15.2591705889395,-5.00598200431407,16.0760671885828
46.9921049358056,47.3073466115894,27.2661646910719,56.8420993336411,7.06907204645585,53.4387430144212,23.2455978107544,-15.2561593040392,-5.06348472467219,15.926733936982
46.8648678636022,47.008940527823,26.7308011256102,57.4635635846153,7.19084859360478,53.5345379105192,23.0408851728425,-15.2562815055388,-5.11853202209609,15.7767924254923
46.7176224657411,46.6760081372732,26.166602559453,58.1097758704757,7.27620604777847,53.6479898967473,22.8156140296397,-15.2580677350247,-5.17019225501597,15.6273865845301
46.5489479379329,46.3110723873741,25.5753044639306,58.7803410601161,7.32694340875218,53.7810007853195,22.5663884903667,-15.2600277239344,-5.21741669400811,15.4794524960054
46.3643341525676,45.923225364458,24.9380027118427,59.4799277058333,7.32436206233378,53.9687092036461,22.2775618981209,-15.2723931369282,-5.25628518663367,15.3304518414803
46.1437895971026,45.4985932040354,24.321610410846,60.1916623487572,7.33994069716007,54.1108210868474,21.9851820928494,-15.2599083704083,-5.29426076493233,15.1904891319214
45.9125079289457,45.0639854994648,23.6461530183961,60.935605912168,7.29311739980827,54.3392534694406,21.639030580466,-15.2669553380832,-5.3192629050605,15.0473575994052
45.6517754150797,44.6058780906773,22.9775371912038,61.693929025829,7.25396176937236,54.5500230691957,21.2778639050581,-15.2593540386688,-5.33935655328676,14.9100376435238
45.3683651549023,44.1333940458538,22.298353141486,62.4702575916277,7.20294158681639,54.770853400552,20.8946454526212,-15.248174516725,-5.35160847413129,14.7753262456014
45.0629331672448,43.6495702652819,21.6120373878871,63.2625968071421,7.14474681082497,54.9993435056467,20.4916747847162,-15.2339771931372,-5.35619168792946,14.6429783334442
44.7363022400982,43.1569747454546,20.9216713571592,64.0686625119318,7.08156889426826,55.2313877813556,20.0738212384672,-15.2175089860214,-5.35366429470503,14.5127308685503
44.3893793486726,42.6577371739091,20.2300947015012,64.8859340658283,7.01447485492413,55.4627071036022,19.6468030283115,-15.1997657484449,-5.34486832049355,14.3843986550799
44.023089756687,42.1536145000893,19.5398865483932,65.7117499377093,6.94363367144186,55.6891682604894,19.2166742374024,-15.1818953661891,-5.33082727544095,14.2579423715262
43.6383311395219,41.646088132061,18.8533280980316,66.5434319817169,6.86864274815824,55.9071149198746,18.7891870725221,-15.1650792294959,-5.31261645566404,14.1335045982307
43.2359551954127,41.1364749307137,18.1723536286438,67.3783997953091,6.78892374395219,56.1136937086694,18.3690998181491,-15.1503987440397,-5.29122662767489,14.0114046679337
42.8167860260395,40.6260352607672,17.4985154484449,68.2142262531394,6.70411438097244,56.3070695641097,17.9596228937949,-15.1386985127632,-5.26744503082733,13.8920926859278
42.3816775379596,40.1160619157426,16.8329882501741,69.0486021101239,6.61436512998785,56.4864336409547,17.5622082783355,-15.1304648957383,-5.24177589364012,13.7760740529093
41.9316000051074,39.6079354643878,16.1766269290262,69.8792138643591,6.52047185943083,56.6517713325007,17.1768098895927,-15.1257436727324,-5.21441577812341,13.663822255382
41.4677361878118,39.1031354989865,15.5300747863627,70.7035792356725,6.42383255735365,56.8034461413938,16.8025955480745,-15.1241195704277,-5.1852872976262,13.5556964017019
40.9915663547389,38.6032014047715,14.8939013795518,71.5189076779958,6.32628063457068,56.9417258395733,16.4389299721579,-15.1247705755075,-5.15412090533321,13.4518728362148
40.5049277463942,38.109639704633,14.2687382511631,72.3220454364672,6.22989375731516,57.0663987715141,16.0863406470868,-15.1265922901235,-5.12056399451544,13.352292631534
40.0100392018387,37.6237815030446,13.6553811377137,73.1095314341063,6.13688705660018,57.1765935985119,15.74716697512,-15.128368149061,-5.08429385145618,13.2566239679991
39.5094798834585,37.146607444526,13.054835933693,73.8777539290615,6.04965734675882,57.2708438482182,15.4256748375901,-15.128948359925,-5.04511550102633,13.1642421543745
39.0061059621121,36.6785763580124,12.4682947413495,74.62317809733,5.97095278682151,57.3473608807432,15.1275574249448,-15.127399513388,-5.00303277802589,13.0742373064185
38.5028903463736,36.2195072326056,11.8970338580581,75.3426141997514,5.9040400351653,57.4044293318327,14.8588913940216,-15.1230977142549,-4.95828720428662,12.9854636316623
38.0026834900275,35.7685625872176,11.3422314138814,76.0335042072198,5.85269123121457,57.4408418213498,14.6247336992211,-15.1157557294345,-4.91136339630185,12.8966392603106
37.5079153983724,35.3243624291622,10.804715279786,76.6942093155809,5.82085399354987,57.4563358234007,14.4276120036355,-15.1053924434325,-4.86296219729982,12.8064923925499
37.0202836600384,34.8852270267919,10.2846744396586,77.3242743029686,5.81198349967136,57.4520343708496,14.2661924509769,-15.0922657677404,-4.8139440098316,12.7139343071637
36.5404932676187,34.4495123051856,9.78139418834305,77.9246267638498,5.8281550362089,57.4308678494379,14.1344192499917,-15.0767957995677,-4.76524572717002,12.61822843421
36.0681245023879,34.0159730816055,9.29309497894105,78.4976476121154,5.86918427841545,57.3978642130644,14.0214033399296,-15.0595027696457,-4.71777652010744,12.5191203240618
35.6016972823513,33.5840747242231,8.81695263471316,79.0470391321183,5.93202593642992,57.3601073148026,13.9122611189024,-15.0409739323585,-4.67230128639473,12.4168973431601
35.1389681071585,33.1541785650518,8.34934747891682,79.5774349538674,6.01068869874853,57.3261662850346,13.7899432240762,-15.0218575795229,-4.62932528497221,12.3123593839843
34.6774404068698,32.7275514634286,7.88633658387328,80.0937509974826,6.09680148769843,57.3049336982185,13.6378582995033,-15.0028679548371,-4.58899795551837,12.206700412861
34.2150022472252,32.3061900763637,7.42427888232571,80.6003598296815,6.18080416932644,57.3040390944514,13.4428434291116,-14.9847797522401,-4.5510567361628,12.1013203396374
33.750548005591,31.8924945475078,6.96048251157007,81.1002561758996,6.25353922974155,57.3282300413292,13.1978465360861,-14.9683970442351,-4.51483127953543,11.9976017552491
33.2844181598734,31.4888616908271,6.49370792242046,81.5944287249528,6.30784952734771,57.3782226355045,12.9036491186619,-14.954494270381,-4.47932240241316,11.8966929168066
32.8185224505701,31.0972850693512,6.02437371978606,82.0816281805443,6.33973009545985,57.4504401327857,12.5691185053713,-14.9437398615715,-4.4433559808208,11.7993366844534
32.356096240536,30.7190444450542,5.55438893979677,82.5586170569435,6.34869940115882,57.5377844129053,12.209831847917,-14.9366216870633,-4.40579095309322,11.7057762711045
31.9011524019602,30.3545401457594,5.08665784088445,83.0208366723035,6.3373194180128,57.6312175953811,11.845380351241,-14.9333955294113,-4.36574004276547,11.6157538327157
31.4577860423074,30.0032860265651,4.62441795302002,83.4632956720512,6.31008756497941,57.7216361551441,11.4960725000463,-14.9340725093867,-4.32275243813967,11.5285988642238
31.0295231435116,29.6640332635873,4.17061845765805,83.8814338279298,6.27210900303621,57.8014513589678,11.1799038191545,-14.9384501392421,-4.27691548665272,11.443384226181
30.6188641639148,29.3349727715661,3.72750150449176,84.2717624246077,6.22796442463188,57.8654812721007,10.9104567359661,-14.9461782403036,-4.228853912111,11.3591143954281
30.2270887341718,29.0139630508382,3.29644847390645,84.6321894989501,6.18104868117177,57.9110843523348,10.6959660739756,-14.9568401236783,-4.17963028434464,11.2749071398949
29.8463787213296,28.7007879138707,2.88601221707025,84.9610681868404,6.113810035884,57.8734408494308,10.5728548280203,-14.957424316552,-4.13369146544223,11.1923703880502
29.499759114971,28.3870631232245,2.47244561606457,85.2617438615401,6.0847902376706,57.9437054294253,10.4422272815882,-14.9852132504018,-4.08309488471492,11.1044739110786
29.1538515750183,28.0793541681939,2.08637777921468,85.5324686033493,6.02197113487818,57.8799721936859,10.4184979047455,-14.9902333305335,-4.04112142423952,11.0202516810785
28.8309122863965,27.769404991606,1.70532192242868,85.7768523230553,5.9758058866986,57.8538959443472,10.4175074184523,-15.0085350917354,-3.9998955178941,10.9333338173502
28.521373044233,27.458254250466,1.33612191611623,85.9967770882306,5.93598676061671,57.820834761312,10.44672161346,-15.0288510321981,-3.96245218159725,10.8465978096958
28.2237131134285,27.1451217568839,0.979327142672728,86.1939294503204,5.90211814057439,57.7772130041543,10.5029945694605,-15.050239554654,-3.92866113492267,10.7607756777618
27.9369483260459,26.8296968089424,0.635606066342519,86.369828274686,5.8762902623911,57.7241619712132,10.5798185814321,-15.0723018997496,-3.89769685279715,10.676641589401
27.6605375066834,26.5121068905185,0.305951905163766,86.5256015822544,5.86084876687019,57.6635328975107,10.6716433901873,-15.0946241308396,-3.86819961510425,10.5949409660181
27.3943462800454,26.1928448063105,-0.00838515804861266,86.6619828393385,5.85771441852056,57.5974634171258,10.7746596944199,-15.1167798225973,-3.8384074761531,10.5163334393206
27.138521139576,25.8726807968596,-0.306026491831393,86.7794083033851,5.86800036472194,57.5282906437977,10.886686541347,-15.1383690105456,-3.80633234885083,10.4413766275026
26.8933116529772,25.5525662840406,-0.585609399326567,86.8781615412747,5.89180689950499,57.4584457495596,11.0066863157084,-15.1590540843642,-3.76996955289505,10.3705408112279
26.6588813986906,25.2335410847659,-0.845912145412445,86.9585184801019,5.92819957835258,57.3903097768813,11.1341459841183,-15.1785796572833,-3.7275206469534,10.3042374990416
26.4351472558677,24.9166540866279,-1.08593227423531,87.0208530160554,5.9753614537012,57.3260378218576,11.2685275391999,-15.1967711558107,-3.67760463482583,10.2428437387182
26.2216762815033,24.6029025809943,-1.3049060679775,87.0656832008324,6.03087838150662,57.2673583759364,11.4089275421266,-15.2135162207109,-3.61943010935729,10.1867133053172
26.0176529117321,24.2931890950699,-1.5022742323627,87.0936632430276,6.09209242987674,57.2153705380013,11.5539917805451,-15.2287413714815,-3.55290306215683,10.1361787025929
25.8219142164437,23.9882885291055,-1.67761396133044,87.1055435822798,6.15645201141624,57.1703844869215,11.7020447430217,-15.2423987335363,-3.47865354898288,10.0915536459139
25.6330417442376,23.688816783669,-1.83056824962144,87.1021242546466,6.22179570404563,57.1318602046068,11.851342919355,-15.2544722386108,-3.39797707297633,10.0531401689595
25.44949372535,23.3951981804077,-1.96080557671291,87.0842197938749,6.28652314969278,57.0984862723247,12.0003517329774,-15.2650032270745,-3.31269884988799,10.021233835083
25.2697579118849,23.1076399788181,-2.06803379051384,87.052644057864,6.34962789651012,57.0684076373662,12.1479665099436,-15.2741269745149,-3.22497841207242,9.99611452736879
25.0925026788505,22.8261298398136,-2.15207477497749,87.0082146497693,6.41059198657193,57.0395676273981,12.2936291851349,-15.2821068739548,-3.13707867966769,9.97801347905931
24.9167037451674,22.5504700846971,-2.21298920813227,86.9517706708669,6.46916606871078,57.0100900244397,12.4373202708948,-15.2893518605732,-3.05112776550895,9.96705745369503
24.7417269067603,22.2803524181016,-2.2512287445948,86.884195778456,6.52507541184873,56.9786130984434,12.5794280892341,-15.2964050320527,-2.96890236192696,9.96320322735949
24.5673537072976,22.015464227608,-2.26778692466162,86.806440515513,6.57770022610873,56.9445106061463,12.7205188123838,-15.3038977578917,-2.89165887190098,9.96618408198903
24.3937474560646,21.7556073307696,-2.26431822878455,86.7195398260691,6.62578666758507,56.9079778324165,12.8610522421529,-15.3124733061283,-2.82003350187231,9.97548998222212
24.2213707687245,21.5008047023019,-2.24319487761517,86.6246198269053,6.66726093219765,56.8699916202188,13.0011058300784,-15.3226941487307,-2.75402439190438,9.99039332451304
24.0508788490249,21.251372392678,-2.20747350196456,86.5228841280638,6.69923289251755,56.8321596702733,13.1401772115933,-15.3349536908157,-2.69305624228178,10.0100169327033
23.8830188231066,21.0079427110981,-2.16075448572507,86.4155713132276,6.71825670107611,56.7964742068913,13.2771249071499,-15.3494136641177,-2.63611343763001,10.0334271881936
23.7185604424635,20.7714364609266,-2.1069418906412,86.3038858882734,6.72084040707927,56.7649991457377,13.4102732370134,-15.3659821785198,-2.58191713171982,10.0597279896683
23.5582687396516,20.542990393671,-2.04994450969391,86.1889196418778,6.70409038989991,56.7395429123075,13.5376612714659,-15.3843356736867,-2.52911827848309,10.0881329064259
23.4029114346697,20.323848917263,-1.99337760550245,86.0715873438326,6.66630916170729,56.7213777099368,13.6573783670893,-15.4039746565285,-2.47648028945281,10.118002778953
23.2339804056578,20.0986621460168,-1.9115493557609,85.9526273744774,6.64137342610652,56.641878349305,13.7891797697169,-15.3957656000867,-2.4266675593374,10.1612797367706
23.0925376008254,19.9018967210999,-1.86555643043547,85.8322115770909,6.5591939512751,56.6303662427151,13.9030471377519,-15.413952960962,-2.37234124281142,10.19186626586
22.9588235982001,19.7176485204721,-1.82595882831573,85.7104217702267,6.47005842728558,56.6361879422261,13.9953035289187,-15.4350382748261,-2.31549456914575,10.2229935939497
22.8333894595872,19.5462026384635,-1.79500684790441,85.5882866556813,6.36838825541208,56.6506994574379,14.0753324251358,-15.4558954210018,-2.25710040128111,10.2542500577353
22.7168105426066,19.3872403228035,-1.7722737593071,85.465821546529,6.25932584128426,56.6695298219456,14.1464626724228,-15.4753145960232,-2.19765857200134,10.2856739897009
22.6096919716615,19.2399361847773,-1.75697961775874,85.3431607998461,6.14733210276223,56.6897198570137,14.212243375287,-15.4927488202192,-2.13785679254816,10.3173136601236
22.5123763482198,19.103001692838,-1.74772862255536,85.2205237107078,6.03708447217538,56.7088561876461,14.2761302694068,-15.5078846113237,-2.07847507793089,10.3493441552544
22.4248639676756,18.9747761321136,-1.74270731860255,85.0982753319167,5.93278550770331,56.7249857707563,14.3416625391191,-15.5205762071586,-2.02030834033671,10.3820661018803
22.3467620856296,18.8533874895559,-1.73985233141664,84.9769606197796,5.83810801756285,56.7366665973797,14.4122174048539,-15.5308430705818,-1.96408816603844,10.4158941258729
22.2772788907153,18.736935318239,-1.73703279100082,84.8573233916907,5.75626980224753,56.7429706780606,14.4907734166033,-15.5388719455885,-1.91042976939514,10.451318396781
22.2152612545322,18.623669787188,-1.73221800004516,84.7403061808331,5.69022621370081,56.7433792860329,14.5797250537397,-15.5450066745785,-1.85980453101167,10.4888411401035
22.1592721608549,18.5121414259327,-1.72361565461768,84.627036254476,5.64288066181025,56.737578016412,14.6808007738212,-15.5497208903896,-1.8125352181954,10.5288968214981
22.1076961055778,18.4013054384602,-1.70976918054384,84.518807082084,5.61724004070885,56.7252000513826,14.7950918110945,-15.5535746720363,-1.7688069383107,10.5717708654381
22.0588556498512,18.2905745099273,-1.68961051093119,84.4170649257983,5.61646874474335,56.7055880366901,14.9231593823157,-15.5571605460569,-1.72868524757644,10.6175329893855
22.0111213752551,18.1798212598754,-1.66247124272501,84.3234037778893,5.64382494987471,56.6776459860269,15.06515766662,-15.5610463266902,-1.6921332026256,10.6659984533071
21.9630022436584,18.0693340224654,-1.62806020623974,84.2395596391791,5.70248004235584,56.6398351827519,15.2209080400672,-15.5657218821009,-1.65902152723436,10.7167247653783
21.9132126020134,17.9597295106072,-1.58641998215056,84.1673826721455,5.79522839889555,56.5903386642909,15.3898869637077,-15.5715550473117,-1.62912996087104,10.7690432474832
21.8607215045345,17.8518267355642,-1.53787818687208,84.1087606685901,5.92410064022041,56.5273822702179,15.5711320586635,-15.57876004071,-1.60214209779137,10.8221163108552
21.804794345741,17.7464906633923,-1.4830082883233,84.0654747921587,6.08990625557133,56.4496584053621,15.7631121388567,-15.5873808182509,-1.57763899673647,10.8750062826137
21.7450336350054,17.644461164746,-1.42260756428723,84.0389885652653,6.29175049683009,56.3567580094747,15.963635524907,-15.5972918581781,-1.55509763045106,10.9267426249165
21.6814176508139,17.5461900586274,-1.35768836998517,84.0301979354414,6.52659414835114,56.2494923792398,16.1698775038821,-15.6082190030143,-1.53389926478769,10.9763797012542
21.6143276993074,17.4517130130695,-1.28946665243084,84.0391949894561,6.788954199266,56.1299974412639,16.3785822025367,-15.6197820353032,-1.51335079905858,11.0230432928787
21.5445505808073,17.360581491012,-1.21932366364335,84.0651100106285,7.07086993519491,56.0015652186108,16.5864329547826,-15.631557931078,-1.4927191938151,11.0659684830676
21.4732445305084,17.2718719939564,-1.14871996797634,84.1060866438705,7.36225538509526,55.8682263902819,16.790507909397,-15.6431590787632,-1.47127592647422,11.1045328439632
21.4018645758822,17.1842760441275,-1.07905848607043,84.1594113733914,7.65169840971867,55.7341822060119,16.9886865980704,-15.6543146513773,-1.44834614508783,11.1382858723231
21.3320543480929,17.0962574585942,-1.01151903450458,84.221773788507,7.92765289508187,55.6032201089983,17.1798834268977,-15.6649375146751,-1.42335661597108,11.1669692964695
21.2655204746394,17.0062489932804,-0.946907157346329,84.2895991821936,8.17984454759964,55.4782330438409,17.3640489508012,-15.6751571207868,-1.39587720618591,11.1905177546664
21.2039079504399,16.9128539666865,-0.885564229320487,84.3593841887931,8.40062483778906,55.3609170423331,17.5419560253446,-15.6853046380731,-1.36565114314494,11.2090307364432
21.1486902290616,16.8150217113588,-0.827371972923512,84.4279778860901,8.58599479195668,55.2516776863787,17.7148364628443,-15.6958500854297,-1.33260895129693,11.2227154617107
21.1010808909703,16.7121753244693,-0.771858988324988,84.4927731503461,8.73608451737408,55.1497480429183,17.8839475536797,-15.7073065083956,-1.29686095815756,11.231811181099
21.0619696797571,16.6042813019826,-0.718389971998105,84.551795539825,8.85499622571242,55.0534982155915,18.0501409588115,-15.7201253809984,-1.25866560156259,11.2365110840176
21.0318854855906,16.4918607430709,-0.666399345864135,84.6036960883332,8.95006412113767,54.9608854687532,18.2134923831764,-15.7346064929925,-1.21837583278402,11.2368959642613
21.0109895296223,16.3759504011438,-0.615624130473982,84.6476705366873,9.03071237820168,54.8699563619422,18.3730358721307,-15.7508365587157,-1.17637170363908,11.2328873398959
20.9990999643929,16.2580277177313,-0.566294442530613,84.6833397863393,9.10716188853531,54.7792878738392,18.526635184577,-15.7686596603137,-1.13299132731636,11.2242224498446
20.9957432341722,16.1399155109216,-0.519250532134777,84.7106311020653,9.18922364763299,54.6882646038442,18.6710142467869,-15.7876756251887,-1.08847365606751,11.2104526527354
21.0002205460197,16.023679426855,-0.475970637291198,84.7296934044388,9.28533349039429,54.5971387832049,18.801951541625,-15.8072622433919,-1.042925044839,11.1909684476574
21.0116746895786,15.9115264983112,-0.438511652123574,84.7408636557962,9.40187626967646,54.5068879925581,18.9146183288458,-15.8266215590348,-0.996318212219732,11.1650533815135
21.0291457787061,15.8057083073629,-0.409379613126634,84.7446814625003,9.54277047645177,54.4189384311867,19.004017481783,-15.8448540209063,-0.9485277026732,11.1319622576086
21.0516110205086,15.7084293200366,-0.391353800338801,84.7419348003452,9.70926249950999,54.334839830733,19.0654669245477,-15.861062627955,-0.899400328951597,11.0910095000191
21.0780069781242,15.6217615650144,-0.387285368319754,84.7337169048263,9.89990232034201,54.255967724721,19.0950678423096,-15.8744812872991,-0.848852061185715,11.041648764542
21.1072300036946,15.5475710200141,-0.399883127181444,84.7214814248013,10.1107080514629,54.1833074116119,19.090097461161,-15.8846101515222,-0.796974900531846,10.9835292583585
21.1381051799047,15.4874663659474,-0.431492835432614,84.7070928695646,10.3355450827231,54.1173524077648,19.0492687161388,-15.8913310466692,-0.744130518051084,10.9165244082347
21.169313082824,15.4427828885577,-0.483877482333213,84.6928745708635,10.5667303916344,54.0581292779797,18.9728102017398,-15.8949735719126,-0.691005310419935,10.8407372563229
21.1992713164445,15.4146097388092,-0.558013178980637,84.6816535669536,10.7958260911677,54.0053390813991,18.862345434591,-15.8963099211425,-0.638606929561803,10.7564899166556
21.2259828640194,15.4038575411851,-0.653921295625693,84.6767932793011,11.0145283554094,53.9585844250556,18.7205910640828,-15.896472700778,-0.5881949939584,10.6643024266523
21.2468798095411,15.4113500408262,-0.770555916980229,84.6821959120907,11.2155183805966,53.9176332441316,18.5509399350612,-15.8968093327885,-0.541154242832149,10.5648628035606
21.258701155468,15.4379149278314,-0.905756187966444,84.7022525958559,11.393145436217,53.8826598727455,18.3570293618109,-15.8987016926817,-0.498831102342039,10.4589879915607
21.2574419842943,15.484449593434,-1.05626065570372,84.741724282584,11.5438599371621,53.8544044885753,18.1424022885715,-15.9033857972838,-0.462361192093294,10.3475758693821
21.2383981879113,15.5519464502942,-1.21777119755695,84.8055506241597,11.6663834765683,53.8342048913933,17.9103452182468,-15.9118033981244,-0.432515970782781,10.231551070477
21.1963117413441,15.6414747082611,-1.38505124121802,84.8986026806221,11.761663553618,53.8238781463768,17.6639375538934,-15.9245079150339,-0.409593374633419,10.111810237784
21.12560337012,15.7541258763401,-1.55204669663934,85.0254102628854,11.8326982599755,53.8254596942812,17.4062821335484,-15.9416350502325,-0.393371223091519,9.9891734313944
21.0206674080547,15.8909358126913,-1.71202436146494,85.1899000479147,11.8843296840272,53.8408366492742,17.1408215183322,-15.9629372807505,-0.383133790072852,9.86434672591798
20.876197315426,16.05279731647,-1.8577261361538,85.3951758148082,11.9230928461814,53.8713321628003,16.8716027155328,-15.9878727852761,-0.377771513674439,9.73789725142378
20.6875054099664,16.2403771942916,-1.9815357564202,85.6433613310326,11.9571626379576,53.9173071530174,16.6033579032677,-16.0157314083734,-0.375941273707991,9.61023834776116
20.450794291029,16.4540532339989,-2.07565071290341,85.9355147913906,11.9963675498555,53.9778500232013,16.3413245352342,-16.0457707420163,-0.37626065510197,9.48162189166491
20.1633350649525,16.6938883391391,-2.13225168404566,86.2716137492047,12.0521635097623,54.0506283496061,16.0908115955837,-16.077327605103,-0.377498523236475,9.35213771785275
19.8484718471704,16.9539867645419,-2.16284608336318,86.6377277308356,11.8653692416992,54.0717194377052,16.1591694175006,-16.1309396029089,-0.374651803696454,9.21527883247488
19.4580523366586,17.2448813005477,-2.12889105145529,87.0575119850972,11.9258736440031,54.1370265266482,16.0088579271596,-16.1645605259826,-0.376454223969681,9.08390802795276
19.015041049274,17.5634792493622,-2.02812140388338,87.5140719818279,12.0721246513965,54.1779387803793,15.8865408479271,-16.2009732675648,-0.375701673778983,8.95143939002891
18.5197006742519,17.9037294255631,-1.86896619587401,88.0065790258364,12.2609870467503,54.2339138497446,15.7786353734101,-16.2334486394718,-0.376552266187666,8.81752686231288
17.9739192627881,18.2677314039612,-1.64001959036071,88.5295874420699,12.5268893100844,54.2793506178299,15.6905414404256,-16.2652167515116,-0.377693276938131,8.68161770451415
17.3792950956653,18.6552556287914,-1.33813804089476,89.0783177409888,12.8755241324526,54.3126094782383,15.6169007318786,-16.2958437104399,-0.379960456184947,8.54329991234482
16.7376742868228,19.0662789743871,-0.962433735399908,89.6474266290524,13.3065336742663,54.334604902861,15.5503928113569,-16.3249315671042,-0.384454809789655,8.40213804934738
16.0512207341219,19.5009298178144,-0.514680332571939,90.2309800211212,13.8120858223199,54.347913752784,15.4832344211016,-16.3522795198356,-0.392532637197131,8.25764806829219
15.3224286408373,19.9594438824941,0.000455245526257782,90.8224380612248,14.3765912904424,54.3562842078578,15.4079034253832,-16.3779529702737,-0.405756343194581,8.10931360222301
14.5540664879632,20.4421408100838,0.575452250145522,91.4146672439646,14.9774875936951,54.3641450620194,15.3176064610552,-16.4022609925665,-0.425793674630001,7.9566532060303
13.7490542288044,20.9494237776204,1.20027265187462,92.0000075487734,15.5870448396058,54.376178261757,15.2065335999127,-16.4256579086551,-0.45427165600991,7.79932370247737
12.9103236013845,21.4817856429275,1.86295353788541,92.5704088728032,16.1749444015955,54.3969585805565,15.0700113880138,-16.4486258124009,-0.492615490566838,7.63721451772756
12.0407296352901,22.0397975944146,2.55035805354478,93.1176323709357,16.7112425619252,54.4306489621595,14.9046529272319,-16.4716012325055,-0.541914655348417,7.47048105147769
11.1430560361943,22.624063819505,3.24895888547436,93.6335004809594,17.1692800152513,54.4807697011724,14.7085240941609,-16.4949777231866,-0.602851461364623,7.29948954948024
10.2201044144238,23.2351430128123,3.94553495863095,94.1101781997222,17.5281423512394,54.5500878231571,14.4812597297859,-16.5191693849804,-0.675704565919999,7.1246882414215
9.27481340551376,23.8734535982884,4.62770092788243,94.5404710937072,17.7744065397721,54.6406549297396,14.2240340650063,-16.5446899714902,-0.760413950488798,6.94645329358006
8.31034401880543,24.5391857908966,5.28424435588775,94.9181251338125,17.9030751710171,54.753951900149,13.9393380020587,-16.5722032051862,-0.85667756619692,6.76496561397782
7.3300887181383,25.2322394041515,5.90529438258343,95.2381088556238,17.917734801046,54.8910262792692,13.6306045579936,-16.6025222115099,-0.96404697220663,6.58015853029507
6.33759449819551,25.9521964739797,6.48237145313592,95.4968528748066,17.830045078207,55.0525012751206,13.3017860639076,-16.6365608597634,-1.08199548036491,6.39175114401064
5.33641915021573,26.6983272518384,7.00836937822253,95.6924186315753,17.6586927236616,55.2384144965398,12.9569865330152,-16.6752552388649,-1.20994282235259,6.19935886028927
4.3299585534604,27.4696195293468,7.47750883319361,95.8245702074689,17.4279557434865,55.4479529795254,12.6002110553071,-16.7194765198584,-1.34723390086471,6.00265473336741
3.32128933493125,28.2648161170134,7.88528468841812,95.8947324196347,17.1660169646295,55.6792071505906,12.2352538054498,-16.7699500287831,-1.49308486823433,5.80154290735622
2.31306579870231,29.0824452152592,8.22841219521866,95.9058345927604,16.9031372735907,55.9290417356675,11.8657212845532,-16.8271857098135,-1.64652350073728,5.59629904144983
1.30749533037339,29.9208339618184,8.50476187137452,95.8620581274069,16.669765438969,56.19311186296,11.4951642907339,-16.8914190798638,-1.80635602126051,5.38763438039131
0.306397658354103,30.7781048086994,8.71326524007805,95.7685210764886,16.494647865378,56.4659905422742,11.1272654661088,-16.9625633994303,-1.97118381687018,5.17665367133282
-0.688663938771478,31.6521636290767,8.85377736353007,95.6309390883671,16.403015954568,56.7413538204514,10.7660098455357,-17.0401818188769,-2.13947174535236,4.96470428877357
-1.67620326084377,32.5406929581196,8.9268951047226,95.4552973023611,16.4149601697264,57.0121960417214,10.4157636183302,-17.1234953706178,-2.30964521994536,4.75314881817699
-2.6546125226444,33.4411607346665,8.93374616891046,95.2475550506717,16.5441305321988,57.2710896166245,10.0812067045293,-17.2114400933236,-2.48018123303334,4.54312031370395
-3.62197259603888,34.3508460259286,8.87577901469973,95.0133912515012,16.7969163103183,57.5105178853329,9.76711080685396,-17.3027724023479,-2.64966693496925,4.33532279056831
-4.57589637296767,35.2668742378092,8.75459452523842,94.7579897318312,17.1722400813669,57.723279550093,9.47801552329513,-17.3962039713852,-2.81682126779605,4.12991799488827
-5.51342375608816,36.1862506202287,8.57186106288252,94.485862977195,17.6620490614266,57.9029173807291,9.21789833702927,-17.4905364309269,-2.98049461894259,3.92650818730102
-6.4309799052861,37.1058836904902,8.32934026570338,94.2007177389687,18.2525081755444,58.0441067789804,8.98992587515933,-17.5847668008794,-3.13966734088864,3.72420139676044
-7.3244017994798,38.0225968188012,8.02902410559123,93.9053716515122,18.9258064321428,58.142963910795,8.79631386444831,-17.6781447272061,-3.29346041909514,3.52173711669065
-8.18903331122069,38.9331328557947,7.67335299330503,93.6017318935191,19.66238639826,58.1972697328032,8.63825361017259,-17.7701774632766,-3.44115862816727,3.31765080584773
-9.01988474212381,39.8341604306818,7.26546004083383,93.2908429847592,20.4433078105175,58.2066218907663,8.51583485804888,-17.8605927034741,-3.58223686453031,3.11045593398111
-9.81184766564062,40.7222899999595,6.80937749403445,92.9730026165052,21.2523907087455,58.172511210824,8.42793592240069,-17.9492777565126,-3.71637808116502,2.8988207999893
-10.559951014672,41.594103719092,6.31015352643104,92.6479353063346,22.0777851940901,58.0982840845427,8.37214925515593,-18.0362136481134,-3.8434752717571,2.6817182728098
-11.259641236749,42.4461991763196,5.77385508581439,92.3150073510577,22.9127028627213,57.9889288796813,8.34489380155164,-18.1214168804414,-3.96361589704665,2.45853256168416
-11.9070675965244,43.2752464508554,5.20745783574491,91.9734677896473,23.7552129555372,57.8506586500212,8.34183145462785,-18.2048956136422,-4.07705034270057,2.22911627888054
-12.4993519129174,44.0780599114757,4.61863484206928,91.6227096787042,24.6072080287689,57.6903542671949,8.35853320668301,-18.2866250446472,-4.18414528467176,1.99380055691094
-13.0348199894391,44.8516855538144,4.01545803708598,91.2625527302579,25.4727999089274,57.5150059704825,8.39116275060388,-18.3665474026052,-4.28532143168136,1.75336873088872
-13.5131711706564,45.5934986817496,3.40603598776001,90.8935370387827,26.3564654465455,57.3312747176183,8.43691618090191,-18.4446011918339,-4.38097633837948,1.50900816967821
-13.9355645816257,46.3012986510826,2.79813031607981,90.5171888588905,27.261245583789,57.1452091346007,8.49408188414996,-18.5207792236939,-4.4713974250433,1.26225411519127
-14.3046057870895,46.9733825951195,2.19880718879375,90.1361927877156,28.1872625480204,56.9620799515955,8.56174765869618,-18.5952047792759,-4.55667754868549,1.01493453696121
-14.6242246410701,47.6085812816833,1.61417597861255,89.7544012766943,29.1307729892195,56.7862745865721,8.639292760737,-18.6682025660614,-4.63665383142666,0.769118046098413
-14.8994443551779,48.2062470447529,1.04924453357486,89.3766394075295,30.0838984213917,56.6212143759554,8.72585098128128,-18.7403334968645,-4.71089464842993,0.527060577326718
-15.1360550222866,48.7661940502909,0.507890483708631,89.0083116139849,31.0350587645087,56.4692868499522,8.81992980581804,-18.8123679845535,-4.77875280627172,0.291143331483715
-15.3402207095166,49.2886025507275,-0.00707726342151041,88.6548690088588,31.9700044958054,56.3318106881318,8.91931506578635,-18.8851925714089,-4.83948353807464,0.0637950832813918
-15.5180623733836,49.7739081506507,-0.49380542344727,88.3212326176672,32.873240253218,56.209065314302,9.02128179324648,-18.9596700951805,-4.89240235368913,-0.152604741403823
-15.6752638141098,50.2227004731697,-0.951267476016623,88.0112786097865,33.7295902873122,56.100414437867,9.12301291621969,-19.0364901273037,-4.93704390440864,-0.355841600467623
-15.8167430594902,50.6356503985904,-1.37913930698306,87.7274761475454,34.5256781459184,56.0045311411272,9.22206110653819,-19.1160460274245,-4.97328694880147,-0.54399563923515
-15.946419630578,51.013472975511,-1.77767897048948,87.4707338158584,35.2511540307913,55.9196983342973,9.31670351137635,-19.1983619707598,-5.00142691986316,-0.715578169166709
-16.0670934754179,51.3569200049435,-2.14759458047862,87.2404675918878,35.8995680015268,55.8441259090792,9.40610857021841,-19.283078300916,-5.02219352908236,-0.869663115833965
-16.1804366848234,51.6667882613606,-2.48988211905125,87.0348625410345,36.4688367248165,55.7762101256516,9.49031131345476,-19.3694923450965,-5.03671868749332,-1.005996775773
-16.2870851256925,51.9439288552432,-2.80562787690805,86.851268975405,36.9612905092922,55.7146742628117,9.57004613603027,-19.4566436723203,-5.0464620301142,-1.12506680387409
-16.3868052653212,52.1892487305268,-3.09579091237721,86.6866554803227,37.3833265258423,55.6585716094325,9.64650666413537,-19.5434265894406,-5.05310210589617,-1.22811504414928
-16.4909422535952,52.3985208780014,-3.3579877425782,86.5402500221051,37.7361087775023,55.6362272473003,9.68616252186103,-19.6239926120839,-5.05578230455082,-1.31282940876379
-16.5739044725503,52.5837089228998,-3.59852374266646,86.4052530591443,38.0510698023188,55.5887390654438,9.7591234289177,-19.7065831667113,-5.06129961725635,-1.39027643352272
-16.6455097791159,52.7400713999445,-3.81381708121948,86.2814961845999,38.3303701891166,55.5417009972783,9.83670436918595,-19.7860202452914,-5.06871572548372,-1.4593176949696
-16.7048177181093,52.8685447761436,-4.00287297851512,86.1677485608618,38.588562108991,55.4972491105596,9.91625624644016,-19.8613832726728,-5.07895941268181,-1.52291204983275
-16.7503652639021,52.9701434680237,-4.16424017696544,86.0632275539918,38.8388380778808,55.4546772207831,9.99838019699943,-19.9322198712397,-5.09246975469759,-1.58424426559107
-16.7808540209754,53.0458890519394,-4.29618143984695,85.9675437185707,39.0924584206709,55.412949877138,10.0838635575847,-19.99832556982,-5.10899921131812,-1.64633521512668
-16.8633498199679,53.1075631960667,-4.36969133515955,85.9230548304585,39.5263766130456,55.3574416690454,9.93105440788636,-20.0388135711484,-5.09754328280414,-1.69377012068441
-16.8685081725907,53.130218784908,-4.43624669357943,85.8439675017166,39.7647728860354,55.3244955419815,10.0439778399827,-20.0929337225208,-5.11511167324217,-1.76014933631685
-16.8485567048818,53.1326416372822,-4.46993570957059,85.7704348187731,40.0385215636577,55.2779779105694,10.1684874174234,-20.1461870720817,-5.13318951873864,-1.83653303929431
-16.8097183112839,53.1134435099453,-4.46933549739256,85.7027343317985,40.3267828858931,55.2254541940389,10.306532478827,-20.1968032048749,-5.14761706586077,-1.92176849185394
-16.7544262534403,53.0747346076873,-4.43498401475771,85.6399243317991,40.6288008231391,55.1695151879561,10.4514437651013,-20.2447823164624,-5.15538659704436,-2.01551111197931
-16.6843119505192,53.0182534650276,-4.36844968165578,85.5796766620549,40.9377135289879,55.1114926936433,10.6027885980106,-20.290594628334,-5.15415664329455,-2.11690020271871
-16.6013196362301,52.9460123600746,-4.27234620976742,85.5188793427233,41.2460519081868,55.0525292963499,10.7605874949284,-20.3346973855164,-5.1421856360418,-2.224201112495
-16.5078494802501,52.8601644320416,-4.15015265991052,85.4537105028423,41.5466262784514,54.993871827724,10.9252621475011,-20.3773817744741,-5.11848234625044,-2.33477004651441
-16.4067139898382,52.7629587764671,-4.00601595240906,85.3797788128115,41.8337327862673,54.936856982925,11.0975094227327,-20.4187405019121,-5.08283177759238,-2.44520408515302
-16.3010261317674,52.6566735511049,-3.84451056331396,85.2923376710968,42.1038662060596,54.8828200503629,11.2783072046716,-20.4587049045587,-5.03570183941067,-2.55163727340496
-16.1940620781317,52.5435528086954,-3.67040534430408,85.1865953383921,42.355901602784,54.8330271322321,11.468830381097,-20.4971100379396,-4.97808287264839,-2.65014576358773
-16.0891161390762,52.4257504247841,-3.4884718893079,85.0581166443871,42.5907126769516,54.7886628409571,11.6702444390303,-20.5337495323231,-4.91132743990218,-2.73718893048356
-15.9893586295679,52.3052873428933,-3.30335183762312,84.9032976417329,42.8103339937026,54.7508638524758,11.8833801706815,-20.5684018341587,-4.83703423782048,-2.80999367594825
-15.8977026559791,52.1840296978809,-3.11947733856232,84.7198788633017,43.0168824751233,54.7207603984546,12.1083296921903,-20.6008331432341,-4.75698521928799,-2.86680709134118
-15.8166813183294,52.0636943912864,-2.94101980021581,84.5074452235735,43.2115181926973,54.6994775657177,12.3440357494981,-20.6307946226143,-4.67311822771729,-2.90698857731068
-15.7483331317938,51.9458819229747,-2.77183358283712,84.2678410163878,43.393725781853,54.6880596007404,12.5879717715759,-20.6580294852841,-4.58750598248836,-2.93095829474858
-15.694092698916,51.8321251220523,-2.61536591133062,84.0054112121312,43.5611294481049,54.687309444829,12.8360176338261,-20.6822959377058,-4.50231475686769,-2.94004460529098
-15.6546880914546,51.7239316794704,-2.47452026903576,83.7269732846088,43.7099230069173,54.6975721963058,13.0826147545439,-20.7034022066714,-4.41972725431196,-2.93627683810228
-15.6300561457314,51.6227933342033,-2.35148329825682,83.4414365335059,43.8358249182221,54.7185229482091,13.3212308149351,-20.7212440561903,-4.3418278611399,-2.92215911193939
-15.6192988661251,51.5301385718035,-2.24754798567411,83.1590276235988,43.9352979049965,54.749033652548,13.5450908365221,-20.7358341859717,-4.27046004372104,-2.90044517783959
-15.6207128162483,51.4472195722237,-2.16298122456881,82.8901583595308,44.0066585320637,54.7871804119748,13.7480621691287,-20.7473159773157,-4.20707371805228,-2.87392092653916
-15.6319218200994,51.3749464095533,-2.09698575816069,82.6440813260376,44.0507016027446,54.8304149123344,13.9255348258049,-20.7559593171448,-4.15258632840671,-2.84519613764766
-15.650124780438,51.3137085614786,-2.04779160351294,82.4275982676162,44.0706157649505,54.8758778302634,14.0751139161898,-20.7621406429201,-4.1072868030967,-2.81651296805925
-15.6725594511209,51.2636506585654,-2.01331450347888,82.2454427698138,44.0713091182742,54.9209080582928,14.195608843108,-20.7662501083144,-4.07112174539595,-2.78968158021935
-15.6962602104581,51.2231434649242,-1.98978932338894,82.0954547668399,44.0579003103418,54.9627536448682,14.2920490648723,-20.7688840029714,-4.04263014529018,-2.76572316559071
