8.95683172790824,28.7216026704661,19.7784057391773,76.0360397469782,39.3202281470571,36.0241438818516,16.0822174143065,-36.1530371208054,-6.12191554086543,-1.78994360400119
8.92238285495381,28.8438299640575,19.3879391537165,76.1069342526575,38.4687035126214,36.0945072993813,15.9196486798934,-36.1614676123388,-6.15773496412784,-1.76797446102697
8.88986640302808,28.9583603742346,18.9964115387039,76.1972111921764,37.556319366538,36.1262277819492,15.7608508071177,-36.1710455274465,-6.19260942188611,-1.74177515067096
8.86134824768736,29.0689360902054,18.5856945408911,76.3079028697481,36.5808330881237,36.1661997924419,15.5839130875202,-36.1821502802486,-6.229452427632,-1.71368754803302
8.84145285942505,29.1702132489086,18.1555742714947,76.4456431256848,35.5343557680167,36.214951469444,15.3888400879602,-36.1951995083762,-6.26850171776131,-1.6841680473181
8.83180617436106,29.2516963386678,17.7236863193027,76.6226615355605,34.4002910474925,36.2206077036025,15.188183785898,-36.2097607149175,-6.30906426295855,-1.64910249266222
8.84197972317129,29.3208654743806,17.2665058113309,76.8266087550511,33.2384645944161,36.2899589801985,14.9574673183288,-36.2265468951918,-6.35304448879553,-1.6181111741697
8.87548784574197,29.3671647518496,16.8037228461428,77.0663499944862,32.0466459690407,36.3731462549782,14.7132858612716,-36.2450883738968,-6.39905758632129,-1.58767845344735
8.93811927081401,29.3870507158674,16.3417889708702,77.3408417784747,30.8510903596034,36.4706147051607,14.4603260754177,-36.264993874914,-6.44685345337265,-1.5585623794955
9.03585318530801,29.3781590079817,15.8863823966504,77.6466512101002,29.6807352411547,36.5817283065314,14.2045276816404,-36.2856597170441,-6.49611933608105,-1.53181405276727
9.17462901619107,29.3394649191246,15.4415547779456,77.9781473449939,28.5641444433681,36.704480523555,13.9526099978585,-36.3063086548842,-6.54655954643827,-1.50857976749617
9.3601365479808,29.2712933412939,15.009137852362,78.327839405588,27.526860525797,36.8355398044022,13.7115734744344,-36.3260303118643,-6.59792720578516,-1.49003754834206
9.59759746135298,29.1751844716987,14.5885054445297,78.6868433419181,26.5893746201905,36.9705182569915,13.488192981861,-36.3438331981438,-6.6500328031026,-1.47732934019744
9.89154697397551,29.0536507941026,14.1766804332944,79.0454183245846,25.765871434271,37.1044070369856,13.2885620572881,-36.3587070114481,-6.70273069446105,-1.47148272366699
10.2456284863537,28.9098689560991,13.7687297622165,79.3935156762967,25.0637790990108,37.2320868308344,13.1177412851625,-36.369692309108,-6.75588612319992,-1.47332308138999
10.6624159856126,28.7473503498827,13.3583633746239,79.7212922994074,24.4840479069402,37.3488152143295,12.9795459951359,-36.3759540010037,-6.80932806601152,-1.4833798965612
11.1432783092609,28.5696287134288,12.9386432240799,80.0195543852767,24.0220089628705,37.45061269526,12.876483316081,-36.376854560241,-6.86279520486831,-1.50179343602005
11.6882963274307,28.3799939915397,12.5027120887121,80.2801113187026,23.6686241537047,37.5345051272379,12.8098225506309,-36.3720220303227,-6.91588338199115,-1.52823020505153
12.2962394519675,28.1812908765858,12.0444640669098,80.4960318388012,23.4119278223671,37.5986179019561,12.7797622034088,-36.3614068319689,-6.968003053201,-1.56181690018465
12.9646026016398,27.9757896079688,11.5590954711287,80.6618036482108,23.2384719996325,37.642145855412,12.7856461251995,-36.3453204039673,-7.01835447535642,-1.6011028109003
13.6896998093148,27.7651271494307,11.0434940098169,80.7734036401549,23.1346163539672,37.6652370613687,12.8261817249521,-36.3244484519608,-7.06592659080145,-1.6440594927148
14.466806712295,27.5503097480461,10.4964444857156,80.8282893192236,23.0875474372588,37.6688290963663,12.8996241081871,-36.2998325929132,-7.10952282844494,-1.68812391969367
15.2903414419123,27.3317636109274,9.91864975011137,80.8253236957539,23.0859645597947,37.6544675981494,13.0039075414178,-36.2728168197502,-7.14781350784706,-1.73028731992408
16.154071945426,27.1094189723023,9.31258488478094,80.7646466633516,23.1204249898863,37.624125350786,13.1367240745217,-36.2449594201961,-7.17941059623819,-1.76722689479269
17.0513373043099,26.88281360342,8.68221861033858,80.6475062002696,23.1833908197516,37.5800306786563,13.2955630841307,-36.2179161191492,-7.20295684442695,-1.79547229009228
17.9752707364694,26.6512040255376,8.03264669557583,80.4760630044346,23.2690554298011,37.5245088767461,13.477731565476,-36.1933053069112,-7.21721856330044,-1.81159386271088
18.9190124220578,26.4136755568044,7.36968625125004,80.2531823514138,23.3730431879794,37.4598394315879,13.6803729334036,-36.17257022962,-7.22117013524429,-1.81239622649307
19.8759010537848,26.1692451954026,6.69947703740781,79.9822268605747,23.4920704975872,37.3881327959151,13.9004947933681,-36.1568548458393,-7.21405921724793,-1.79509881382818
20.8396341992637,25.9169537199372,6.02812729635854,79.6668632866032,23.6236330536499,37.3112312704004,14.135007670043,-36.1469089587542,-7.1954445741053,-1.75748559309146
21.804389435699,25.6559451013798,5.36142905483708,79.3108951898721,23.7657506813376,37.2306379607718,14.3807704399384,-36.1430342996164,-7.16520310468014,-1.69800875238547
22.7649010773648,25.3855324751318,4.70465386509424,78.9181310868468,23.9167675142998,37.1474756964733,14.6346363675349,-36.1450772061499,-7.12350785469127,-1.61583602696725
23.7164912178722,25.105250724921,4.06242732024905,78.4922943566137,24.0751818307721,37.0624748476426,14.8934962615626,-36.1524666318567,-7.07078338415021,-1.5108379935872
24.6550583740306,24.8148963216078,3.43867163930709,78.0369770290696,24.2394735676793,36.9759861996934,15.1543202313779,-36.1642899764677,-7.00764782106526,-1.38351910511898
25.5770315286462,24.514555439421,2.83660124541462,77.5556350105754,24.4079093425989,36.8880135743127,15.4142039527068,-36.1793949706582,-6.9348518531813,-1.234903199731
26.4793009693246,24.204621472813,2.25875622755029,77.0516179242533,24.5783294956395,36.7982614226641,15.6704268581618,-36.1965042722921,-6.85322383172185,-1.06638949360838
27.3591392342774,23.8858028354731,1.70706139969046,76.5282233636285,24.7479493477594,36.7061950486758,15.9205270083126,-36.2143304511482,-6.76362756481348,-0.879597780154224
28.2141252357384,23.5591213251056,1.18290230357652,75.9887636016803,24.9132263538222,36.6111145378589,16.1623909645695,-36.2316818116012,-6.66693598592363,-0.676221358106048
29.0420822714984,23.2259005079353,0.6872120998371,75.4366328291838,25.0698479280474,36.5122459752433,16.3943489498339,-36.2475527336822,-6.56402037697382,-0.457903398098566
29.8410366491009,22.8877427932461,0.220563923575671,74.8753645677373,25.2128789800399,36.4088529390522,16.6152591235605,-36.2611946969128,-6.45575167778526,-0.226147834954754
30.6091988364351,22.5464934880063,-0.216737823405237,74.3086714795652,25.3370770732544,36.3003666042799,16.8245624101735,-36.2721653322232,-6.34300794054985,0.0177295965557785
31.3449644259568,22.2041904349467,-0.62457559377556,73.7404627178138,25.4373446072232,36.186525064676,17.022291648804,-36.2803529825536,-6.22668061361911,0.27261000930926
32.0469287450446,21.8629988396219,-1.00295579218491,73.1748366158061,25.5092518872115,36.0675044460313,17.2090249034782,-36.2859741963177,-6.10767264759851,0.537544275730066
32.7139073218041,21.5251323233378,-1.35197368306304,72.6160485219915,25.5495420475143,35.9440195728088,17.385780891533,-36.2895424079804,-5.98688367990878,0.811698439100706
33.3449548340551,21.1927626992587,-1.67181149332943,72.0684548098019,25.5565246249317,35.8173729689959,17.5538628866429,-36.291808499858,-5.86518150732458,1.0942822270581
33.9393773288313,20.8679220578156,-1.9627691006029,71.5364346113186,25.5302805345821,35.6894383168937,17.7146648716215,-36.2936778251209,-5.74336399870475,1.38447223290634
34.4967356808779,20.5524013891138,-2.22531929213414,71.0242909857623,25.4726338818443,35.5625761849484,17.8694597765898,-36.2961125550496,-5.62212014761692,1.68134086025555
35.0168415262115,20.2476504115329,-2.46017258831825,70.5361335409756,25.3868878216734,35.4394920523994,18.0191941968053,-36.3000314509029,-5.50200137697986,1.98380047813131
35.4997493611389,19.9546838544638,-2.66833204597638,70.075745392279,25.2773630803319,35.3230555519129,18.1643164173317,-36.3062200646749,-5.3834132659814,2.29056977813499
35.9457496219875,19.6740004566842,-2.85111790894446,69.6464388742192,25.1488105373975,35.2161032685133,18.3046640550293,-36.3152623827703,-5.26663339277489,2.60016631544933
36.3553673266193,19.4055223641981,-3.01014613441847,69.2509065209445,25.0057882134377,35.1212454091216,18.4394333603041,-36.3275005664515,-5.15185410220496,2.9109258711661
36.7293695451401,19.1485638501405,-3.14725316265776,68.8910763569894,24.8520961672348,35.0406911095098,18.5672434969068,-36.343024069059,-5.03924187838611,3.22104587480205
37.0687830243954,18.9018384075888,-3.26437048007103,68.5679830937018,24.6903506685977,34.9761011026531,18.6862961731648,-36.3616845495004,-4.92899989873103,3.52864704529843
37.3749212500228,18.6635114451538,-3.36336486605068,68.2816686743001,24.5217537526829,34.9284727194722,18.7946153469104,-36.3831297879861,-4.82141880554909,3.83184509870135
37.6494184153681,18.4313016912065,-3.44587157448385,68.0311260943087,24.3460798329439,34.8980620043194,18.890335745114,-36.4068487267959,-4.71690314920673,4.12882324527579
37.89426619682,18.2026283964727,-3.51315536788939,67.8142990547026,24.1618635690227,34.8843502253411,18.9719959051567,-36.4322205139992,-4.61596647856067,4.41789659309959
38.159133381149,17.9525265158427,-3.624201279099,67.5789969786968,23.7229231285979,34.821377610361,19.2651921735488,-36.4707951092584,-4.5058228153076,4.68994079422209
38.3526630743549,17.7218508806699,-3.66304555958151,67.4221460496578,23.524842031195,34.8355588108364,19.3153399132218,-36.4988078633839,-4.41426513570472,4.96022784130849
38.5235832487035,17.4882066545557,-3.68752212265807,67.2861257854763,23.3075681919518,34.8643718245653,19.3472606284295,-36.5249245958574,-4.32736983666364,5.21754869816524
38.6765638415479,17.2485433480091,-3.69750567438753,67.1675277154919,23.0720257665008,34.9014571761488,19.3664957194813,-36.549501339577,-4.24628149687365,5.46178853603396
38.8158701758033,17.0016408563757,-3.69332219347229,67.0610663617763,22.816014862469,34.9435337717444,19.3762186443446,-36.5723031149131,-4.17118330011185,5.69259780260316
38.9458721690526,16.7469641120455,-3.67557390821999,66.9616557325675,22.5385608906308,34.9878251344514,19.3789218736642,-36.5929520225825,-4.10207639712061,5.90958579016613
39.0711324430597,16.4846819464469,-3.64548863659119,66.8645104619014,22.2397850071367,35.0319954351271,19.3770046141465,-36.6111362817634,-4.03871706233133,6.11247120927057
39.196287968106,16.2155864011867,-3.60496902382288,66.7652971760451,21.921088360065,35.0742132357666,19.3726945803225,-36.6266556484648,-3.98066508608136,6.30112188761688
39.3258901226355,15.9409557578425,-3.55647536641241,66.6602226909335,21.585276793813,35.1131323142665,19.3680232587685,-36.6394333830034,-3.92734438944046,6.4755682067621
39.4642154828535,15.6623771440743,-3.50275409748589,66.5460662309665,21.2365959920908,35.1477849693314,19.3648955304574,-36.6495151982382,-3.87811690080437,6.63601919650601
39.6150560391508,15.3815598863018,-3.44646066417321,66.4201760422115,20.8806297835662,35.1774246420922,19.3652156614854,-36.6570599939597,-3.83235867191189,6.78288470393994
39.7815002103326,15.1001720923225,-3.38975443725625,66.280458276249,20.5240244097546,35.2013685136725,19.3710063821454,-36.6623236191592,-3.78952759003625,6.91679884174575
39.9657200845998,14.8197276374069,-3.33395583700659,66.1253856376386,20.174027585079,35.2188908561135,19.3844572606457,-36.6656371761595,-3.7492151514546,7.03863646817487
40.1687842205444,14.5415390691669,-3.27934799565462,65.9540449861764,19.8378659215319,35.2292059599882,19.4078574428289,-36.6673825943194,-3.71117926134215,7.14951330033233
40.3905182623919,14.2667363757574,-3.22517838141961,65.7662284678927,19.5220179710464,35.2315583645022,19.44339944822,-36.6679691923882,-3.67535908311347,7.25076123275738
40.6294364674049,13.9963356347941,-3.16987577185988,65.5625550155469,19.231464742439,35.2254120018657,19.4928770111028,-36.667814967833,-3.64187527639605,7.34387357180633
40.8827647944661,13.7313291353759,-3.11145376460269,65.3445925182116,18.9690105913473,35.2107036698246,19.5573326550412,-36.6673351634778,-3.61101913004219,7.43041991266532
41.1465695654277,13.4727629017908,-3.04803363720235,65.1149401335913,18.7347633004612,35.1881056766453,19.6367322678228,-36.666938508792,-3.58323251087881,7.51193644169352
41.4159947347296,13.2217704286721,-2.97839529948969,64.8772288329523,18.5258432967133,35.1592333485383,19.7297483510188,-36.6670290264623,-3.55907825438016,7.58980324199586
41.6855964728371,12.9795425095963,-2.90246010560619,64.6360080656843,18.3363606326213,35.1267395461973,19.8337172851753,-36.6680092504411,-3.53919914030552,7.66512433070394
41.9497483497338,12.747229724302,-2.82162342129968,64.3965061076628,18.1576594679211,35.0942607444776,19.9448002167992,-36.6702797716927,-3.52426413763162,7.73862758609046
42.2030769764748,12.5257922583678,-2.73888342762732,64.1642769421686,17.9787912587027,35.0662122467361,20.0583301433651,-36.6742305164976,-3.51490333947349,7.81060001777812
42.4408796862895,12.3158266563596,-2.65874785642621,63.9447713343605,17.7871498604446,35.047463366045,20.169283453803,-36.6802210734874,-3.51163696458684,7.88086936586705
42.6594749844663,12.1174071387222,-2.5869339524326,63.7428881326468,17.5691932724791,35.0429455507343,20.2727873642852,-36.6885502816039,-3.51480742862113,7.94883671457646
42.856443578127,11.9299785626367,-2.52990278012593,63.5625697739999,17.3111910918288,35.0572507367606,20.3645734551306,-36.6994183684618,-3.52452531866259,8.01355794208094
43.0307316229046,11.7523298948649,-2.4942841535814,63.4065021793023,16.9999684924094,35.0942650431339,20.4413093732088,-36.7128875607993,-3.54063905201976,8.07386568158019
43.1826060530835,11.5826638884933,-2.48625349777615,63.2759646759529,16.6236530500014,35.1568626022971,20.5007750060011,-36.7288488142977,-3.56273401746714,8.12851883196134
43.3134714950375,11.4187634725185,-2.51091975528171,63.1708527977351,16.1724527249337,35.2466662816564,20.541883574568,-36.7470025358581,-3.59016138574949,8.17636370466137
43.4255764413513,11.2582405768864,-2.57177757829796,63.0898693324685,15.6394876151964,35.3638735563509,20.5645740473951,-36.7668596787302,-3.62209118210094,8.21648950255242
43.5216507289302,11.0988403878211,-2.67027042306196,63.0308512065876,15.0216595699121,35.5071482264462,20.5696170586643,-36.78776670443,-3.65757994052694,8.24836091794065
43.6045248126221,10.9387643219121,-2.80550522956094,62.9911767350304,14.3204800476284,35.6735882698011,20.5583833889556,-36.8089540422149,-3.6956413596444,8.27191230896213
43.6767822544275,10.7769691330216,-2.97415349815041,62.968184421733,13.542708198136,35.8587903806472,20.5326227141419,-36.8296034543723,-3.73530928191119,8.28759133322135
43.7404897742747,10.6133987376297,-3.17056534068996,62.9595345016518,12.700606626266,36.057035991481,20.4942898471169,-36.8489260408866,-3.77568549038989,8.29634509632369
43.7970350687785,10.4491109714141,-3.38710924329949,62.9634585735117,11.811629304475,36.261617159998,20.4454358447301,-36.8662403324469,-3.81596910469676,8.29954851031559
43.8328462990673,10.2957817986893,-3.57500665537314,62.9882620450532,11.0183935902328,36.4696129936395,20.305722713885,-36.8762490716707,-3.86004099756371,8.3099657009491
43.8770857984423,10.1372850066304,-3.80383514006103,63.0129592353128,10.1039211351386,36.6625248312585,20.246007289922,-36.8877777504926,-3.89748860252655,8.30668842136533
43.9143381517395,9.98736495874455,-4.02544482749221,63.0491107900256,9.20875953414179,36.8415328121256,20.1827966800246,-36.8967457105033,-3.93306697917356,8.3032995337304
43.9437723395494,9.85014726621929,-4.23087709721069,63.0970989473089,8.35664288903692,37.0013397033875,20.1181254859043,-36.9031623012596,-3.96645503905203,8.30143895182666
43.9645460860285,9.72974343146543,-4.41313224867163,63.1573663846169,7.56668451739536,37.1384237570065,20.0539758382846,-36.9074354929207,-3.99735591223658,8.30234834901413
43.9759419882165,9.62984203074551,-4.56737858997658,63.2301498659306,6.85279659371387,37.2512929350457,19.9919503530705,-36.9101152476277,-4.02555395646204,8.3068304768619
43.9775235392561,9.55336177176267,-4.69117590743308,63.3153137890245,6.22287732879934,37.3404950801351,19.9332805010283,-36.9118160518854,-4.05092374813931,8.31521974304179
43.978804016998,9.49397691809576,-4.81200708633958,63.4085999266909,5.6100023245359,37.4142407000798,19.9186070284641,-36.9163605057823,-4.07240783908456,8.3180725905278
43.9612873112621,9.46839669883002,-4.87114081492754,63.5142036961288,5.17149972061623,37.4619551532289,19.8640398473646,-36.9184652047254,-4.09274371290116,8.33328024439009
43.9343282649089,9.4689396369697,-4.90763559327587,63.6307338916506,4.79641854846922,37.4989699423832,19.8137087500309,-36.9201849912734,-4.1102757152194,8.35149978315286
43.8995435056834,9.49333999892303,-4.92289131482146,63.7550490698311,4.48506249036083,37.5276589688871,19.769616114701,-36.9226153377777,-4.12579659463625,8.37165692972595
43.8581312298121,9.53905968153099,-4.92174077942288,63.8858457856293,4.22419805165835,37.5527094384843,19.7322032261379,-36.9260869709765,-4.13996471840213,8.39290830511839
43.8113000415602,9.60290417854995,-4.90820075152164,64.0218101248039,4.00251514388112,37.5779550172185,19.7014596498189,-36.9306942535393,-4.15364768849785,8.41454869225421
43.7601693328916,9.68138927689855,-4.88560299076751,64.1619570760402,3.8099517864476,37.6062762526341,19.6770218193116,-36.9363977677328,-4.16784845890579,8.4360518120085
43.7056862296283,9.77106122143501,-4.85634757436874,64.3056775174794,3.63849025029384,37.6394569025302,19.6581625241741,-36.9430680537741,-4.18364688868968,8.45711333947757
43.6485739995098,9.86878785870093,-4.82188807457684,64.4527486949878,3.48234195753293,37.6782168344153,19.6438022341693,-36.9505183376438,-4.20211222495038,8.4776588554649
43.5893195864932,9.97198002215828,-4.78284157812854,64.603274798763,3.33783975359407,37.7223520289071,19.6325609025557,-36.9585318606492,-4.22420287537191,8.49782230760732
43.5281948442409,10.0787255843517,-4.73918581486639,64.7575792752678,3.20309808236363,37.7709461648967,19.6228465452847,-36.9668829247619,-4.25066508081093,8.51790268792277
43.465301461319,10.1878302244855,-4.69049339744467,64.9160718208966,3.07754193214721,37.8226136202928,19.6129691453576,-36.9753507210134,-4.2819444302135,8.53830820700977
43.4006277760766,10.2987713731017,-4.63616025496079,65.0791142679643,2.96139272657481,37.8757396917406,19.6012642061696,-36.9837265797745,-4.31812322723557,8.55949680327043
43.3341067579996,10.4115817554889,-4.57559586268381,65.2469054619945,2.85518448472497,37.9286926338284,19.5862106357908,-36.9918168172243,-4.35889361942166,8.58192022572497
43.2656672913858,10.5266855495822,-4.5083554263626,65.4193987263382,2.75936637821608,37.979991842137,19.5665310316379,-36.9994442612468,-4.40357155291043,8.60597668056435
43.1952743532981,10.6447128917694,-4.43420641823507,65.5962585832058,2.67403081571756,38.028425021125,19.5412669333615,-37.0064514136937,-4.45115092313272,8.63197466749282
43.1229568097769,10.766317422124,-4.35313266865737,65.776857537583,2.59878838285537,38.0731136722191,19.509825480277,-37.0127070366995,-4.50039183735728,8.6601085074129
43.0488237398009,10.8920173966981,-4.26528819524939,65.9603096958237,2.5327904061578,38.113531140584,19.4719958984592,-37.0181161007476,-4.54993262448883,8.69044442635977
42.9730711379864,11.0220747739175,-4.17091973969432,66.1455358654033,2.47487611185149,38.1494816271378,19.4279343549365,-37.0226311281316,-4.59841264638952,8.72291516518911
42.8959807307477,11.1564199922262,-4.07028090146528,66.3313540082217,2.42379720208957,38.1810522515996,19.3781155128186,-37.0262617002046,-4.64459228531979,8.75732102128461
42.8179119463931,11.2946240763402,-3.96356091686195,66.5165886591316,2.378454342091,38.2085527814339,19.3232503147619,-37.0290786889074,-4.6874576188643,8.79333587407335
42.7392873107071,11.4359149683968,-3.85084691332559,66.7001924667167,2.33807466026297,38.2324579415047,19.2641727855229,-37.0312106350843,-4.72629982506794,8.83051778271174
42.6605712060686,11.5792316418169,-3.73213019225806,66.881371975952,2.3022716502653,38.2533643768777,19.2017036926646,-37.0328313237683,-4.76076277657828,8.8683246011128
42.5822423817215,11.7233072016701,-3.60735619047337,67.0597082237383,2.27095854113447,38.2719682731635,19.1365045445543,-37.034139465192,-4.79085617703285,8.90613517715122
42.5047618050916,11.8667704716448,-3.47650661441217,67.2352611593943,2.24412673170462,38.2890617011848,19.0689396650772,-37.035332883824,-4.81693558053685,8.94327592032284
42.428539073676,12.0082545338331,-3.33969366186211,67.4086460330157,2.22154095361901,38.3055383687733,18.9989653845047,-37.0365804107505,-4.83965421946379,8.97905111109201
42.3539021827411,12.1465005718907,-3.19724264679696,67.5810703704014,2.20243014010698,38.3223951042297,18.9260634521334,-37.0379947845819,-4.85989425908284,9.01277381742549
42.2810764630775,12.2804464588127,-3.04974192903475,67.7543223331482,2.18525839288771,38.3407158086086,18.8492311973396,-37.0396094924993,-4.87868667715803,9.04379324140876
42.2101785455073,12.4092920020406,-2.89804729007388,67.9307050599425,2.16764160323835,38.3616301292979,18.7670346396715,-37.0413618439732,-4.89712929638627,9.07151422043189
42.1412300420894,12.5325364285362,-2.74323939853654,68.1129165517548,2.14643823558494,38.3862481402722,18.6777235312248,-37.0430838638728,-4.91631154372571,9.09540568497804
42.0741933879993,12.6499879172238,-2.58654419163712,68.3038801009635,2.11799997229687,38.4155815559977,18.5793998480397,-37.0445019842036,-4.93725257284387,9.11499696270883
42.0090293349058,12.7617489738786,-2.42923330824408,68.5065354166547,2.07853333940417,38.4504675514191,18.4702242780147,-37.045245963111,-4.96085681175042,9.1298634893212
41.9457723869093,12.8681845389144,-2.27252301879389,68.7236050000771,2.0245069237157,38.4915104369212,18.3486395751383,-37.0448668543262,-4.98788817050692,9.13960616676047
41.8846175813214,12.9698815180438,-2.11748572699768,68.9573538345549,1.95304205940023,38.5390493683688,18.2135859966421,-37.0428632589738,-5.01896154752897,9.1438306145433
41.8260098665897,13.0676088696224,-1.96498062527844,69.2093629361157,1.8622415342014,38.5931500143473,18.0646832410808,-37.0387144860412,-5.0545481699348,9.1421333149022
41.7707261422257,13.1622865872823,-1.81560295451218,69.480338341977,1.75143078142164,38.6536093026433,17.9023558656624,-37.0319185009621,-5.09498989383896,9.13410085244483
41.7199399799606,13.2549699988957,-1.66964726919022,69.7699758707083,1.62130101585998,38.7199591518931,17.7278849646035,-37.022031774234,-5.14051711337675,9.11932613758071
41.6752602659799,13.3468528637922,-1.52707997187873,70.0768975508025,1.47395113628547,38.79145894135,17.5433774815463,-37.0087075725158,-5.19126539155187,9.09744210873485
41.6387375040803,13.4392889481494,-1.38751926079542,70.3986678372489,1.31282694764672,38.8670756308612,17.3516548985238,-36.9917290387073,-5.24728724087952,9.06816959364733
41.6128350431452,13.533827521608,-1.25022476899885,70.7318878778629,1.14255612519262,38.945461140005,17.1560733671615,-36.9710337722689,-5.30855744508688,9.03137254223311
41.600366418815,13.6322542400522,-1.11410272643795,71.0723563989843,0.968678696404706,39.0249446232247,16.9602955514728,-36.9467275496029,-5.37497243306494,8.98711150628297
41.6044036108041,13.7366259456423,-0.977734153991993,71.4152784255676,0.797277304567929,39.1035595379703,16.7680391015259,-36.9190860491814,-5.44634596036605,8.93568565276535
41.6281636907528,13.8492868364124,-0.839432760049616,71.7554994096232,0.634519102727252,39.1791210021986,16.582827405371,-36.888544621038,-5.52240432094778,8.87765505421011
41.6748826206676,13.9728547679727,-0.697335785673577,72.0877426455478,0.486131100264015,39.2493593028438,16.4077655413003,-36.8556769920792,-5.60278430131623,8.81383833973998
41.7476848631832,14.1101700811128,-0.549525567561307,72.406831105142,0.356842291812999,39.3121035086333,16.2453592053428,-36.8211642424147,-5.68703625551558,8.74528532026946
41.8494564829676,14.2642046900691,-0.394172933902155,72.707879264563,0.249838079010505,39.3654979223697,16.0973882586905,-36.7857555868889,-5.77463337877327,8.67322892181122
41.9827282071448,14.4379352318178,-0.22968673798719,72.9864444811723,0.166284047062185,39.4082253902006,15.9648408209083,-36.7502227372029,-5.86498686106993,8.5990246240582
42.1495739963035,14.6341897568836,-0.0548481961631328,73.2386302310385,0.10498446160247,39.4397060692202,15.8479094255141,-36.7153100792816,-5.9574654425861,8.52408766659978
42.3515302026574,14.8554818550094,0.131094236144856,73.461135334783,0.0622419878694807,39.4602385444844,15.7460479647453,-36.6816834942028,-6.0514171138254,8.44983809306971
42.5895400690945,15.1038487474847,0.32839253642407,73.651245263304,0.0319748926610276,39.4710526379323,15.6580866487013,-36.6498812346142,-6.14619029751155,8.37766145575489
42.8430817482922,15.3785073725936,0.557847852101379,73.8241936315095,0.0226012765590529,39.4316017678688,15.5259805913368,-36.6170789386916,-6.25617803209061,8.32378248392708
43.152490375561,15.6835067858928,0.775677317286602,73.9448097334984,-0.0112917834555049,39.4221044184449,15.4502098831781,-36.5897232630363,-6.35129488886666,8.26011002093947
43.4971989585716,16.0176832389083,1.00353114033505,74.0272625914974,-0.0594666864943481,39.4107673725342,15.3822500442185,-36.5649151826916,-6.44516701672308,8.20220056792848
43.8757116215213,16.3802219611014,1.24102676904922,74.0701150443273,-0.130905686398255,39.4007562883447,15.3205420316131,-36.542100782847,-6.53744663310968,8.15135435369494
44.2862604073201,16.7695827043523,1.48808427949984,74.0717382180534,-0.232919154062173,39.3947934556855,15.2644138462356,-36.5207951890584,-6.62759136899259,8.10879405616153
44.726747252151,17.1836539729762,1.74521162292909,74.030296758202,-0.370367839843906,39.394844560611,15.2138428814232,-36.5003905568976,-6.71503906946664,8.07578027088503
45.1948329792783,17.6199259746019,2.0136534806267,73.9436855584414,-0.545091507039465,39.4018828520811,15.1694766621337,-36.4802167747285,-6.79917824095925,8.05361968766389
45.6880214048874,18.0756904974777,2.29544128337433,73.8095455116123,-0.755709212266075,39.4157923001334,15.1325617562494,-36.4596264073432,-6.87931333364448,8.04365448378084
46.2037302135837,18.5482485625863,2.59333754135644,73.6253645595302,-0.99781972795376,39.4354242759739,15.1047864674106,-36.4380840521905,-6.95463377772763,8.04723423908811
46.7393462173458,19.0351082466934,2.91068959198866,73.3886516780589,-1.26455523716492,39.4587920181905,15.0880642936348,-36.4152475120747,-7.02419285506146,8.06567384230289
47.292265834537,19.5341583289217,3.2512249720912,73.0971548394227,-1.54737944472065,39.4833613642889,15.0842993168014,-36.3910285056172,-7.08690247613135,8.10020317180161
47.8599236617482,20.0438074374472,3.61882774864978,72.7490834545211,-1.8369877100212,39.5063817439941,15.0951792023153,-36.3656230114693,-7.14154943351027,8.15191508090392
48.4398125181865,20.5630824137235,4.0173310174241,72.3432949605511,-2.12416945826302,39.5252016962875,15.1220335908169,-36.339505767932,-7.18683724496316,8.22171744073261
49.0294973655824,21.091683422346,4.4503483000151,71.8794145686807,-2.40052761059059,39.5375264974422,15.165777240308,-36.3133889515301,-7.22145501919306,8.31029335260024
49.6266236016269,21.6299968033369,4.92115116627111,71.3578737382051,-2.6590017329201,39.5415960898973,15.2269340573229,-36.2881503110038,-7.24417090687087,8.41807195506571
50.228918301944,22.1790695045163,5.43258748822821,70.7798714890489,-2.89419288931429,39.5362822758652,15.3057175543561,-36.2647398905435,-7.25394307979885,8.5452110103292
50.8341819625708,22.7405507249406,5.98702770802199,70.1472777946498,-3.10252376091349,39.5211191539014,15.402131907743,-36.2440763817877,-7.25003675756635,8.69159171611348
51.4402688175717,23.3166068644444,6.58632620209294,69.4625062721518,-3.28227995559786,39.4962868558569,15.5160585663284,-36.2269442565415,-7.23213266530688,8.85682575328862
52.0450559911763,23.9098152531408,7.23179003666127,68.7283831441505,-3.43356862266317,39.4625657665066,15.6473047091679,-36.213901726717,-7.20041129848557,9.04027422853089
52.6464050860554,24.5230411730363,7.92415558646361,67.9480324442883,-3.55820655597298,39.4212691500387,15.795607235508,-36.2052078846959,-7.15559896355654,9.24107773402827
53.242123293891,25.1593022181662,8.66358145272869,67.1247868794003,-3.6595239758145,39.374151096121,15.9606030359035,-36.2007756307679,-7.09896568308351,9.45819615746105
53.8299334809659,25.8216246357437,9.44967082856234,66.2621234241462,-3.74205449455846,39.3232795533939,16.1417870996328,-36.2001553680186,-7.03227095797694,9.69045618709189
54.4074628080922,26.5128979624657,10.2815357903921,65.3636157284216,-3.81108523351411,39.2708653059003,16.3384817575586,-36.202552599384,-6.95765995903868,9.93660376823166
54.9722566680275,27.2357363257332,11.1579094414972,64.4328934551783,-3.8720656286327,39.2190480751433,16.5498334057956,-36.2068800266647,-6.87751894273596,10.195358187056
55.5218194106535,27.9923560942434,12.0773007290757,63.4736015025085,-3.9299129907442,39.1696573315834,16.7748403136932,-36.2118413626,-6.79430373871262,10.4654640277126
56.0536769259337,28.7844792217679,13.0381739535591,62.489357582955,-3.98829496579948,39.1239815294426,17.0124016844719,-36.2160400973783,-6.71035840522784,10.7457370156481
56.5654506420848,29.6132692344931,14.0391242742942,61.4837119931588,-4.04899880529518,39.0825883593747,17.2613693426058,-36.2181026465157,-6.62774227135083,11.0350998599191
57.0549295739552,30.4793026370735,15.0790156393324,60.4601163961503,-4.11150232308749,39.0452356088025,17.5205824724423,-36.216802603473,-6.54808270457576,11.3326047429145
57.5201276176619,31.382573628585,16.1570508051382,59.4219080709384,-4.17283679928672,39.0108970096466,17.788872964221,-36.211171910841,-6.4724683435088,11.6374401578497
57.9593170882391,32.3225257293411,17.2727541966508,58.3723128025291,-4.22778327164325,38.9779039793676,18.0650414228711,-36.2005858987551,-6.40139340978117,11.9489214392061
58.3710353099892,33.2981009643207,18.4258643839483,57.3144649976689,-4.26938386631537,38.9441791874785,18.3478165539967,-36.1848121874524,-6.33475832514919,12.2664663239508
58.7540673387225,34.3077957882167,19.6161493816553,56.251439346816,-4.28969507944857,38.9075187546725,18.6358181241833,-36.1640178855155,-6.27192568448719,12.5895586588117
59.1074131718083,35.3497129786754,20.8431707450431,55.1862853442777,-4.28067295985412,38.8658718452878,18.9275432411383,-36.1387346583946,-6.21182434978998,12.9177045356509
59.4302509027449,36.4216003923123,22.1060296250438,54.1220546721722,-4.23506614905723,38.8175709103999,19.2213878517944,-36.1097864251108,-6.15308883875148,13.2503856323779
59.7219075577554,37.5208709860187,23.403129777655,53.0618119135087,-4.1471996694851,38.7614805800173,19.5157033920187,-36.0781889796485,-6.09421711170915,13.5870144438736
59.9818468870331,38.6446038103934,24.7319904438594,52.0086211118142,-4.01355437446082,38.6970531455697,19.8088771541111,-36.0450342424241,-6.03372801931849,13.9268955302584
60.2096787879334,39.7895320986696,26.0891375384738,50.9655042861246,-3.83307789496441,38.624297921503,20.0994181649464,-36.0113737678936,-5.97030044041582,14.2691961072784
60.4051892350714,40.9520306106238,27.4700951460057,49.9353730578812,-3.60719819990128,38.5436861561881,20.386029737874,-35.9781161912913,-5.90287938128429,14.6129285172096
60.5683837814024,42.1281179934362,28.8694900929524,48.9209404476582,-3.3395478761118,38.4560205431831,20.6676544794802,-35.945951349953,-5.83073934465816,14.9569464386986
60.6995332235193,43.3134892378717,30.281269275391,47.9246254869683,-3.035443905394,38.362298804341,20.9434850840929,-35.915310004085,-5.75350120435818,15.2999559666377
60.7992080456543,44.5035876037594,31.6990126584478,46.9484670386838,-2.70120085694985,38.2635956477458,21.2129422542486,-35.8863627944445,-5.6711047991584,15.6405417714224
60.8682894196094,45.6937155868662,33.1163069408107,45.9940636623464,-2.34337975590325,38.1609786183126,21.475627809931,-35.8590560359128,-5.5837447683933,15.977207491103
60.9079488805976,46.8791731629103,34.5271303339269,45.0625527687408,-1.96808423708427,38.0554631345196,21.7312655765704,-35.8331762025793,-5.49178134761683,16.3084284119632
60.9195956039295,48.0554020882196,35.9261925788371,44.1546352246738,-1.58040572950509,37.9480025160809,21.9796445779187,-35.8084306389853,-5.39564075530828,16.6327133271073
60.9047979946624,49.2181106089323,37.3091792603379,43.2706427144089,-1.18409094296687,37.8395020654151,22.2205781715761,-35.7845300606688,-5.29572121659703,16.9486712062519
60.8651931333816,50.3633553390102,38.6728654405335,42.4106368988539,-0.781463981660106,37.7308437537301,22.4538887919136,-35.7612592297694,-5.19232018405336,17.2550770656221
60.8024015809621,51.487565945589,40.0150869146007,41.5745240314615,-0.373591590758308,37.6229100839449,22.6794210591545,-35.7385254712951,-5.0855955302433,17.5509304928326
60.717964907359,52.587511270363,41.3345823295017,40.762167487747,0.0393572612079379,37.5166008791953,22.8970775384613,-35.7163795436506,-4.97556825748802,17.8355000698333
60.6133190058322,53.6602192507308,42.6307405393078,39.9734833638005,0.457631048586251,37.4128423750867,23.1068640526526,-35.6950086824505,-4.86216694502047,18.1083478215394
60.4898089281184,54.7028741382599,43.9033012554577,39.2085093215723,0.881379105892865,37.3125913374378,23.308928015904,-35.6747063064252,-4.74530576397872,18.3693299560727
60.3487425288517,55.7127204662225,45.1520619336932,38.4674423044958,1.31018242226624,37.2168366121597,23.5035750793167,-35.6558261994194,-4.62498017459488,18.6185733151841
60.191472551445,56.6870025903859,46.3766401570356,37.7506452054398,1.74270562387437,37.1265972110421,23.6912556274695,-35.6387304485941,-4.5013595898398,18.8564305581743
60.0194914580303,57.6229614203605,47.5763295118952,37.0586253841552,2.17652681927261,37.0429119616507,23.8725213053187,-35.6237397293087,-4.37485630329318,19.0834203372611
59.8345211485176,58.5178975002165,48.7500695527067,36.3919894826096,2.60817757597478,36.9668135474087,24.0479599975789,-35.6110921305519,-4.2461554105236,19.3001607337706
59.6385807194736,59.3692942696893,49.8965289167651,35.7513804041057,3.03339364605572,36.8992814929768,24.218122563846,-35.6009136845249,-4.11619993188305,19.5073045181414
59.4340191415157,60.1749804872764,51.0142781996117,35.1374041855505,3.44754063238461,36.8411746200605,24.3834550134242,-35.5932012154905,-3.98613610835424,19.7054832491539
59.2235055012274,60.9333000441289,52.1020104251019,34.5505564058451,3.84614409409654,36.7931515745897,24.5442469498678,-35.5878167468364,-3.85723273521581,19.8952641952803
59.0099760807251,61.643253481043,53.1587566817046,33.991159125652,4.22543013189073,36.7555946131164,24.7006029182462,-35.5844925512366,-3.73079284683162,20.0771205569488
58.7965436055021,62.3045794296135,54.1840458073144,33.4593196456016,4.58277845746818,36.7285538570883,24.8524391248282,-35.5828464891666,-3.60807515852056,20.2514126501399
58.5863782994392,62.9177548302119,55.1779696000324,32.9549211265532,4.91700784322632,36.7117254598329,24.9995048012691,-35.5824077021445,-3.49023752202483,20.4183763979401
58.3825723437287,63.483907418471,56.1411350987873,32.4776520603916,5.22844915062261,36.7044687259712,25.1414253443768,-35.5826521915906,-3.3783073201197,20.5781159964762
58.1879991466879,64.004649338032,57.0745071274223,32.0270768523069,5.51880364397625,36.7058574072253,25.2777624680726,-35.5830461442265,-3.27317620719322,20.7305995932629
58.0051772602204,64.4818537578172,57.979162091073,31.6027440180791,5.79082212651791,36.714753008801,25.4080841670215,-35.5830926662377,-3.1756107914327,20.8756593277683
57.8361468352411,64.9174048242858,58.8559849510844,31.2043224656606,6.04786514063808,36.7298855181981,25.532034381733,-35.5823757379443,-3.08626818455656,21.0129990447655
57.682365145649,65.312954363976,59.7053454197033,30.8317505500582,6.29341359515664,36.7499297600226,25.6493899285013,-35.5805945142738,-3.00570607589552,21.1422134079107
57.5446273032281,65.6697169796435,60.5267890402411,30.485377728849,6.53059534828274,36.7735716725378,25.7600919321126,-35.5775821555335,-2.93438021546576,21.2628206631433
57.4230184643891,65.9883297909205,61.318776872258,30.1660756600729,6.76178164532715,36.7995651301149,25.8642416323318,-35.573306196864,-2.87262648744723,21.3743084237618
57.3169037427974,66.2687953298822,62.0785057854746,29.8752955688755,6.98829315357365,36.8267836219649,25.962056024936,-35.5678514465266,-2.82062883390579,21.4761885322223
57.2249607503696,66.510516917766,62.801839591599,29.6150526497817,7.21024211717784,36.8542706161874,26.0537864343917,-35.5613904406057,-2.77837729259666,21.5680543872791
57.1452565654448,66.7124258052935,63.4833769369153,29.3878265260713,7.42652516367294,36.8812883198956,26.1396114631937,-35.554149242076,-2.7456220819532,21.6496330008168
57.1543116747949,66.9292291972333,64.3602392593055,29.0590251545161,7.89606794789033,36.8395085213685,26.4865400920718,-35.539014897458,-2.71969485902092,21.7117518782206
57.0923489054566,67.0459953067956,64.9003042177891,28.9156417667061,8.01004441034313,36.8726198745208,26.5402237760098,-35.5337062259632,-2.70366870568933,21.7711043044688
57.0335674537328,67.1217747369758,65.4209936076889,28.8024614024823,8.20607468316962,36.8969401636284,26.5983384349272,-35.5264454018554,-2.69517288525803,21.8210669887598
56.973702509933,67.1512094558672,65.8565452056432,28.7377782953167,8.35788727832399,36.9249907256211,26.6439152132311,-35.5190256163521,-2.69207101494933,21.8615056610111
56.9126019411141,67.1370446356984,66.2192428874102,28.7164469014737,8.49566900748922,36.9520544705946,26.6809998467466,-35.5118578243554,-2.69271042702705,21.8931107384989
56.8474365509737,67.0801690006258,66.5005365981657,28.7398818482636,8.60952765321549,36.9797181955452,26.7072377469947,-35.5052722321288,-2.69511678046228,21.9166591102497
56.7762667423978,66.9830915454312,66.6991876256567,28.8067385381992,8.70129782027542,37.0081993492746,26.7215159952097,-35.4995709101,-2.6972435304085,21.932963020929
56.6974806702655,66.8491068987433,66.8145010790699,28.9150375751156,8.77126634258096,37.0379737540114,26.7225039114998,-35.4950607416966,-2.69708090856045,21.9428251441431
56.6100349236137,66.6823470074021,66.8480782047941,29.0617054494168,8.82140627585591,37.0692424326648,26.7092624613709,-35.4920422813498,-2.69282279619105,21.9469862891128
56.5134167121041,66.4874697053948,66.8030836783627,29.2429344050151,8.8541267791569,37.1020026931339,26.6812831239684,-35.4907862620416,-2.68302318107898,21.9460754534899
56.4076352980916,66.2693723718041,66.6839797572811,29.4544255988334,8.87204401927361,37.1360100784537,26.6386301336936,-35.4915064552141,-2.66673254473384,21.9405711660209
56.2931736589016,66.0328835532168,66.4960658975112,29.6917121410767,8.87746470776773,37.1708088820922,26.5820042884469,-35.4943368156132,-2.64359183227199,21.9307798650925
56.1709264397551,65.7824969751549,66.2451002660785,29.9504633345628,8.87204028944818,37.2057808869848,26.5127686582169,-35.4993184969742,-2.61387018215907,21.916834491147
56.0421264342787,65.5221746799084,65.9370237486051,30.2267476322283,8.85657843633489,37.2402157533762,26.4329245697899,-35.5063997865253,-2.57843982290585,21.8987138477338
55.9082683891843,65.2552412481772,65.5778412832423,30.5172180978916,8.83107937441184,37.2733901363196,26.3450431583485,-35.5154488876601,-2.53869035663995,21.8762804811501
55.7710368846859,64.984374453051,65.1736634175907,30.8191999058338,8.79498696412135,37.3046451041477,26.2521559687633,-35.526276846388,-2.49639219123079,21.8493323049834
55.6322440086563,64.7116837358376,64.7308780229061,31.1306729922659,8.74760321246503,37.3334503467582,26.1576105197601,-35.5386664461077,-2.45352442280492,21.8176614156975
55.4937799156758,64.4388554286979,64.2563896000775,31.4501602793518,8.68857296904402,37.3594450737177,26.0648979338786,-35.552402632368,-2.4120855297128,21.7811127517294
55.3575761246775,64.167334908637,63.7578438007857,31.7765478957179,8.61832374961624,37.3824486713844,25.9774609287085,-35.5673006380949,-2.37390609676823,21.7396353870334
55.225578104236,63.8985117998988,63.2437504920231,32.1088753834546,8.53834622910895,37.4024398350594,25.8984914318037,-35.5832290504502,-2.34048202153117,21.693320153065
55.0997210350633,63.6338754915923,62.7234323558437,32.4461378753685,8.45122598625712,37.4195102008231,25.8307286701449,-35.6001259985092,-2.31284460930186,21.6424188508476
54.9819011278478,63.3751142018602,62.206756672276,32.7871376318359,8.36038404095368,37.4338055666573,25.7762712013868,-35.6180070158291,-2.29148070598035,21.5873425149806
54.8739350305158,63.1241409119785,61.7036519456985,33.1304101811404,8.26954696214566,37.4454719779308,25.7364197989472,-35.6369632003615,-2.27631147048845,21.5286389195032
54.7775019402293,62.883042700014,61.2234614125859,33.4742334671337,8.18203701060536,37.4546228867235,25.7115713031205,-35.6571487225169,-2.26673230782657,21.4669526169689
54.6940668853005,62.6539642727273,60.7742315504593,33.8167110948982,8.10003397664009,37.4613366847245,25.701184030355,-35.6787579391376,-2.26170893333903,21.4029739462371
54.6247889032091,62.4389489499828,60.362062526066,34.1559072968991,8.02399306638203,37.4656832317003,25.7038302099676,-35.7019943047708,-2.25991640213735,21.3373858722701
54.5704237833922,62.2397681207405,59.9906474864069,34.4900047144776,7.95238775753493,37.4677676658996,25.7173386924321,-35.7270354704456,-2.25990081404817,21.2708182572223
54.5312363618612,62.0577710775111,59.661094187789,34.8174573348683,7.8818757483411,37.4677741668687,25.7390130542333,-35.7540005876695,-2.26023937097175,21.2038175502959
54.506940464833,61.8937808863787,59.3720631244382,35.1371175927581,7.80787566653402,37.4659937011153,25.7658914714032,-35.7829259748752,-2.2596753033105,21.1368360744922
54.4966841264454,61.7480509697874,59.1201896594308,35.4483241751774,7.72542923032794,37.4628268130801,25.795003521865,-35.8137536444574,-2.25721016410882,21.0702401721483
54.4990929109962,61.6202850184019,58.9007049958525,35.7509418776555,7.63014995035845,37.4587614200678,25.823581541508,-35.8463342796113,-2.25214561163123,21.0043320783627
54.512375439791,61.5097125931423,58.7081456193704,36.0453466085683,7.51904991416657,37.454332463662,25.8492003022637,-35.8804430629381,-2.2440774630066,20.939377878854
54.5344842912216,61.4152055753396,58.5370438368252,36.3323499000914,7.39108693340851,37.4500730378967,25.869842356844,-35.9158042684024,-2.23285382185997,20.875633645905
54.5633147033434,61.335416352053,58.3825141615277,36.6130614789228,7.24735892595004,37.4464654906039,25.8839078509452,-35.9521193404795,-2.21851455749529,20.813363386936
54.5969152440129,61.2689169317019,58.2406798526741,36.888697085047,7.09095802931082,37.4438979841897,25.8901988759169,-35.9890933041655,-2.20123045573855,20.7528451164176
54.6336807837215,61.2143191625128,58.1089127359527,37.1603500397093,6.92655948462687,37.4426293588012,25.8879068092626,-36.0264553979064,-2.18125721019859,20.6943644185284
54.6724998288675,61.1703600372076,57.9858843773254,37.4287553233325,6.75985052172228,37.4427641360827,25.8766193023447,-36.0639713328615,-2.15891333850941,20.638197585487
54.7128352496299,61.1359423965368,57.8714475784859,37.6940805021094,6.59690585579948,37.4442400229292,25.8563473966225,-36.1014461654033,-2.13458384589126,20.5845883649045
54.7547281452994,61.1101292644709,57.7663842888147,37.9557764885992,6.44359920959439,37.446830966795,25.8275591023431,-36.1387181888246,-2.10874466573639,20.5337233505391
54.798726766986,61.0920981460182,57.6720685110166,38.2125127157264,6.30511494581117,37.4501680120662,25.791198524988,-36.1756453392783,-2.08199779382491,20.4857110957656
54.8457535385861,61.081068188614,57.5900985809939,38.4622079136084,6.18559748187571,37.4537772558969,25.748670880484,-36.2120862719858,-2.05510433705208,20.4405692534856
54.8969312308205,61.0762167355572,57.5219506411971,38.702152653709,6.08795191992434,37.4571300171506,25.7017818622919,-36.2478786345705,-2.02900266523911,20.3982226271091
54.9533932060878,61.0766018833717,57.4686944517213,38.9292065331331,6.01378836282049,37.4596968405084,25.6526313171523,-36.2828173517057,-2.00480136690945,20.3585132024444
55.0161023570379,61.081104558743,57.4307966330298,39.140043684043,5.96348583445073,37.4609958969789,25.6034722521448,-36.3166359593607,-1.98374129060558,20.3212213523775
55.0856997559863,61.0883986743974,57.4080194341719,39.3314161699638,5.93634141213016,37.4606282275928,25.5565538704596,-36.3489941673679,-1.96712667047098,20.2860957331377
55.1623984415176,61.0969526302096,57.3994093987606,39.5004054673875,5.93076757422487,37.4582961332776,25.5139701905207,-36.379474776605,-1.956231153864,20.2528881039734
55.2459315411709,61.1050607421357,57.4033620975077,39.6446363738102,5.94450552461809,37.45380511137,25.4775339835243,-36.4075924923674,-1.95218955992203,20.2213884826088
55.3355580442893,61.1108996725498,57.4177462209687,39.7624336595498,5.97483188280968,37.4470526756586,25.4486904040274,-36.4328158250151,-1.95588951788521,20.1914556962846
55.4301243218041,61.1126028654717,57.4400708574226,39.8529083027378,6.01874702675849,37.4380085083563,25.4284774657365,-36.4546011793415,-1.96787813141205,20.1630386005581
55.5281746945707,61.1083450955281,57.467681141264,39.9159668050327,6.07314224084967,37.4266898497604,25.4175330703229,-36.4724356513328,-1.98829732905596,20.1361841945399
55.6280996513476,61.0964291247472,57.4979676949044,39.9522441276711,6.13494772275174,37.4131347481946,25.4161417029487,-36.4858826731263,-2.01685787273762,20.1110305759685
55.7283058197061,61.0753669546594,57.5285738469924,39.9629685075076,6.20126415335575,37.3973748370045,25.4243087651263,-36.4946233956785,-2.0528568305152,20.0877849177481
55.8273881032871,61.0439492082043,57.5575822327525,39.9497745255802,6.26947783875576,37.3794093860208,25.441847182344,-36.4984871160199,-2.09523747912572,20.0666891249679
55.9242824443034,61.0012978022894,57.5836607649639,39.9144881013255,6.33735519713343,37.3591835609956,25.4684597856879,-36.4974661205541,-2.14268478042217,20.0479781808059
56.0183785182415,60.9468992639176,57.6061491118748,39.8589117666223,6.40310894770225,37.3365754896473,25.5038023919878,-36.491713463749,-2.19374473776292,20.0318377931632
56.1095759123234,60.8806186974808,57.6250720988784,39.7846390084342,6.46542777156201,37.3113977956745,25.547516488376,-36.4815255546807,-2.24695294422388,20.0183683355793
56.1982746133694,60.8026972576237,57.6410757833059,39.6929219508432,6.52346402865712,37.2834186740646,25.5992265322253,-36.4673141316185,-2.30095679427045,20.0075611798703
56.285299743146,60.7137382681861,57.6552934150052,39.5846078380211,6.57677899241783,37.2524049260227,25.658504344112,-36.4495735282939,-2.35461730613671,19.9992914895458
56.3717697037455,60.6146879541602,57.6691590398165,39.460148645833,6.62524965083562,37.2181849690929,25.7248108230563,-36.4288487483339,-2.40708006136251,19.9933287527352
56.4589244679737,60.506815591329,57.6841933314386,39.319677309338,6.66894369844967,37.1807246199882,25.7974316177808,-36.4057081087875,-2.45780953577634,19.9893633824253
56.5479354384355,60.3916947410279,57.7017878295506,39.1631357894089,6.70796971298998,37.1402039271316,25.8754264934404,-36.3807218052716,-2.50658625764922,19.9870451911207
56.6397195844344,60.2711830280711,57.7230104654756,38.9904356853373,6.74230907061936,37.0970810240625,25.9576106282482,-36.3544454949419,-2.55347108466666,19.9860279624275
56.734778589491,60.1473941877206,57.7484489867073,38.801631209776,6.77163717488661,37.0521296586348,26.04257986919,-36.3274066103173,-2.59874467611665,19.9860140396674
56.8330791839752,60.0226542645214,57.7781019449529,38.5970860228302,6.79514537125639,37.0064406240268,26.1287823454378,-36.3000909705232,-2.64283252682484,19.9867938395352
56.9339847860481,59.8994347859277,57.8113210837873,38.3776182609477,6.81138079709856,36.9613830542785,26.2146280422025,-36.2729282087225,-2.68622667182299,19.9882770536208
57.0362422710755,59.7802595677466,57.8468052593903,38.1446108577085,6.81812748009512,36.9185282005102,26.2986186009445,-36.2462760294223,-2.72941443018474,19.9905143051488
57.1380221144356,59.6675877392812,57.8826445616766,37.9000763806975,6.81235586919175,36.8795442023028,26.3794742911887,-36.2204047078428,-2.77282251394705,19.9937094933824
57.2370059544659,59.5636822766243,57.9164134280223,37.6466674162227,6.79026723135243,36.8460740482644,26.4562353869488,-36.195484184659,-2.81678189718506,19.9982235149526
57.3305130541883,59.470479235808,57.9453120507417,37.3876258382387,6.74745241974518,36.8196097257588,26.5283210857011,-36.1715764596149,-2.86151560433151,20.0045694669659
57.4156558837476,59.3894763067255,57.9663546931686,37.1266679607853,6.67917138214466,36.8013738271843,26.5955390229289,-36.1486357256614,-2.90714852891281,20.0133983145629
57.4895144759696,59.3216589628719,57.9766001074037,36.8678081569941,6.58074167321193,36.7922168373147,26.6580493645999,-36.1265179086097,-2.95373584027687,20.0254730874996
57.549318680424,59.2674779642902,57.9734122896498,36.6151308596444,6.44800338150083,36.7925355065466,26.7162961818429,-36.10500005252,-3.0013045430816,20.0416297039417
57.5926265969998,59.2268839327282,57.9547301830227,36.3725288442011,6.2778080267212,36.8022162440274,26.7709230739685,-36.0838084758321,-3.04990119491396,20.0627239385
57.6174866190424,59.1994148112305,57.9193155201464,36.1434325814408,6.06846517375551,36.8206075075406,26.8226892549871,-36.0626532079622,-3.099637706015,20.0895666056997
57.6225703908314,59.1843226190189,57.8669428710719,35.9305593643522,5.82007759765678,36.8465257729879,26.8723978469368,-36.0412651828426,-3.15072678223543,20.122852012599
57.6072651724585,59.18071924855,57.7984987417015,35.7357106494943,5.53470691175187,36.8782993803139,26.9208419586261,-36.0194321230443,-3.20349911815526,20.1630873883859
57.5717168740705,59.18771848809,57.7159685782249,35.559641477202,5.21633622606319,36.9138523173116,26.9687680675805,-35.9970291623645,-3.25839612146565,20.2105326040402
57.5168193257503,59.2045533777915,57.6223097651341,35.4020176317839,4.8706298078498,36.9508257614069,27.0168517279983,-35.97404106601,-3.3159349549771,20.2651594195064
57.4441507347466,59.230653788524,57.5212302201742,35.2614656280997,4.50452398207073,36.9867298176604,27.0656786643596,-35.9505741568832,-3.37664682457211,20.32663750339
57.3558638840036,59.2656772546682,57.4169099176624,35.1357094308142,4.1257103749112,37.0191127504618,27.1157250361451,-35.926857444589,-3.44099406598529,20.3943509117201
57.2545414584801,59.3094945883664,57.3137114900621,35.0217778155137,3.74208590944127,37.0457316726301,27.1673334912251,-35.9032337681132,-3.50927597529167,20.4674442616106
57.1430311246905,59.3621387064622,57.215923542034,34.9162589290118,3.36124148972502,37.0647082059427,27.2206856400321,-35.8801427781552,-3.58153667431931,20.5448933170711
57.024276083102,59.4237292275134,57.1275676297497,34.8155750362138,2.99004530595007,37.0746551928819,27.2757755943497,-35.8580981359477,-3.65748959716927,20.6255910444559
56.9011555982244,59.4943863305836,57.0522809636955,34.7162511346326,2.63435274392955,37.0747654655439,27.3323918517205,-35.8376613138338,-3.73647185541508,20.7084380934755
56.7763468002226,59.5741453648145,56.9932669738619,34.6151555689076,2.29884991319656,37.0648596710221,27.3901151393876,-35.8194138542524,-3.81743794527228,20.7924263780846
56.6522145817943,59.6628798500271,56.9532898851824,34.5096977662293,1.98701760843435,37.0453955733706,27.4483378033864,-35.8039290862611,-3.89899669565378,20.876705836475
56.5307316518933,59.7602363566572,56.9346806423363,34.3979761832491,1.70118981550107,37.0174447827114,27.5063065668151,-35.7917434460087,-3.97948907774788,20.9606270872931
56.4134267457778,59.8655816206042,56.9393210619791,34.278876850723,1.44267575168223,36.9826438762895,27.5631859651299,-35.7833270682621,-4.05709862647713,21.0437559716423
56.30135639931,59.97796073485,56.9685804220529,34.1521282724308,1.21191557738983,36.9431254414235,27.6181354458169,-35.7790534876955,-4.12998178556423,21.1258593624434
56.1950949104838,60.0960652098478,57.0231917478708,34.0183212313751,1.00864484977872,36.9014314821597,27.6703898543367,-35.7791690345635,-4.19640323333336,21.2068647832431
56.0947380684395,60.2182105535686,57.1030708449534,33.8789020667507,0.832048743677228,36.8604082831141,27.7193315289275,-35.7837634843199,-4.25486137285872,21.2867990617268
55.9999185364069,60.3423241282248,57.2070967596418,33.7361456251355,0.680892646808939,36.823079839325,27.7645426377757,-35.7927444168274,-4.30419126343672,21.3657132723688
55.9098336943191,60.465944961126,57.3328854243771,33.5931103083653,0.553620849492258,36.7924976445826,27.8058286259278,-35.805818281817,-4.34363562762953,21.4436025040097
55.8232892934315,60.586237877901,57.4765968017033,33.4535735306716,0.448419694963629,36.7715684641897,27.8432076857524,-35.8224810944368,-4.37287857689064,21.5203295165461
55.7387635131282,60.700024999159,57.6328185782837,33.3219426448886,0.363245769446777,36.7628681540482,27.8768665442305,-35.8420210807401,-4.39204081574007,21.5955611102898
55.6544953695372,60.803838442988,57.7945658689651,33.203135023316,0.295823752268811,36.7684569310903,27.9070886224661,-35.8635348006226,-4.40163889622593,21.6687249343818
55.5685989036875,60.8939986610114,57.953426569918,33.1024220571024,0.243622757348847,36.7897171773683,27.9341656791085,-35.8859574852928,-4.4025145217862,21.7389924218248
55.4792006447239,60.966722445861,58.0998667651708,33.0252354294928,0.20382483274867,36.8272363051646,27.9583073507655,-35.908107590771,-4.39574291491859,21.8052906088377
55.3845932225952,61.0182624484071,58.223691386785,32.9769395252703,0.173304605279047,36.8807528882074,27.9795640047083,-35.9287447523355,-4.38253161128675,21.8663420709634
55.2833936093156,61.0450754813709,58.3146338621193,32.9625802235317,0.148642964595387,36.9491745129234,27.9977770673745,-35.9466391073032,-4.36412238176923,21.9207286136698
55.1746912063287,61.0440102823009,58.3630269353602,32.9866265297983,0.126197172147205,37.0306631719003,28.0125675242048,-35.9606482660745,-4.34170888699541,21.9669713410055
55.058169504933,61.0124982379724,58.3604882595508,33.0527264644655,0.102242637609048,37.1227725429038,28.0233675320353,-35.9697963291015,-4.31638064932717,22.0036178617869
54.9341856733817,60.9487251030155,58.3005424097456,33.163501215238,0.0731875852261474,37.2226150153831,28.0294924921864,-35.973347703932,-4.28909981953099,22.0293269771432
54.8037952664343,60.8517602758772,58.179099617913,33.32040079517,0.0358436729144092,37.3270368550467,28.0302426437421,-35.970867661429,-4.26071143684041,22.0429422808247
54.6687141934508,60.7216240392575,57.9947238618573,33.5236397341099,-0.0122813392795254,37.4327866509896,28.0250158957397,-35.9622620671466,-4.23198140931567,22.0435484859536
54.5312167370538,60.5592819620995,57.7486493146923,33.7722227339323,-0.0727130545636489,37.5366715626823,28.0134094490456,-35.9477905773764,-4.20365063385064,22.0305074264081
54.3939761261061,60.3665672388399,57.444541059393,34.0640587552319,-0.145806224991214,37.6357030885394,27.9952887991966,-35.9280504867599,-4.17649003027284,22.0034738323444
54.2598619684465,60.1460426337058,57.0880359463931,34.3961499918255,-0.230640830359139,37.7272358799132,27.9708091831532,-35.9039317806712,-4.15134098323884,21.9623935000241
54.1317154171627,59.9008205635942,56.6861329011235,34.7648327578729,-0.325036170554376,37.8090993367281,27.9403846214605,-35.8765471214788,-4.12912902133204,21.9074879468266
54.0121268727515,59.6343611325626,56.2465205849386,35.1660429732302,-0.425684171934153,37.8797149394882,27.904610434177,-35.8471430715137,-4.11084480528772,21.8392298530479
53.9032411177068,59.350264295234,55.7769300414284,35.5955805735853,-0.528390441144854,37.938186659173,27.8641531061804,-35.8170005778321,-4.09749424031497,21.7583126852001
53.8066105126262,59.052066274807,55.2845824801741,36.0493536288402,-0.628403551417309,37.9843507159314,27.8196244270369,-35.7873335295457,-4.09002671602765,21.6656163855902
53.7231089303902,58.7430451872346,54.7757744733347,36.5235913363864,-0.720807280777892,38.0187750704579,27.771455056087,-35.7591942931272,-4.0892551262025,21.5621695278281
53.6529092547918,58.4260389484483,54.2556134732956,37.0150220181807,-0.800944288841243,38.0427063990148,27.7197781434765,-35.73339471579,-4.09578244260582,21.4491074549225
53.5955178599337,58.1032803792193,53.7278930641407,37.5210154673806,-0.864832677029023,38.0579698052585,27.6643292849361,-35.7104500507711,-4.10994738084043,21.3276259396144
53.5498526904397,57.7762585320195,53.1950834747397,38.0396881653338,-0.909531678355863,38.066831600189,27.6043671770828,-35.690551446065,-4.1317971101017,21.198930725568
53.5143486843512,57.4456192683039,52.6584083929242,38.5699667385621,-0.933413553909726,38.0718374955593,27.5386202738109,-35.673570011722,-4.16108942195824,21.0641845558333
53.487075343126,57.1111196920544,52.1179809687169,39.1116022765802,-0.936308800634746,38.075638624219,27.4652670125041,-35.6590921853051,-4.19732162097903,20.9244545233283
53.4658550011217,56.771648829545,51.5729763131811,39.6651281387335,-0.919510671893079,38.0808174763812,27.3819584499657,-35.6464824518362,-4.23977956606531,20.7806634594918
53.4483749797519,56.4253209477209,51.021822287228,40.2317576078246,-0.885648193161265,38.0897258416326,27.2858905733925,-35.6349660243639,-4.28759831214409,20.633549407429
53.4322908746735,56.0696393157614,50.4623941883861,40.8132245785106,-0.838457495920993,38.1043465990889,27.1739287135068,-35.6237216814901,-4.33982587796644,20.4836367893483
53.4153208346479,55.7017189848871,49.8922023165906,41.4115784483838,-0.782493753958267,38.1261894860536,27.0427797574696,-35.6119741087097,-4.39548338011479,20.3312216387618
53.3953315367336,55.31854921537,49.3085645908016,42.0289511951869,-0.722828034965861,38.1562273567183,26.8892013261585,-35.5990758203959,-4.45361729570608,20.1763715013426
53.4292703355489,54.9340153519197,48.8148309191857,42.5773197957149,-0.50432182746481,38.2686571111274,26.904799497287,-35.5931316297019,-4.50042705299725,20.0109383216011
53.4002456162749,54.5124430730396,48.2010340821619,43.2337341153234,-0.439677777139969,38.319709180985,26.7057979869109,-35.576217260754,-4.55915050315738,19.850196118526
53.3626289022991,54.0679559329425,47.5617325731961,43.91561901054,-0.397557184196713,38.3771358198846,26.4759775541507,-35.5568829467088,-4.61842987767396,19.6856209787332
53.3164656157063,53.6000379290028,46.8990475590643,44.6212782620406,-0.372485162487911,38.4413581881945,26.2162737045921,-35.5361071030265,-4.67766735416023,19.5168836958654
53.261335184438,53.1086329869952,46.2112706370399,45.3502140144223,-0.368481595578615,38.5111918541533,25.9269476957308,-35.5144233488331,-4.73654033996084,19.3433086015588
53.1971852316463,52.5945956753792,45.4968664727491,46.1012522535964,-0.389594453452612,38.585232609389,25.6093242802275,-35.4924780142951,-4.79488804997544,19.1641459435624
53.1243326426257,52.0596475196743,44.7546971003392,46.8725084321334,-0.439344293842599,38.6620472254075,25.2658541766677,-35.471000471513,-4.85271735918672,18.9786231669984
53.0434160458946,51.5062432064108,43.9840557778864,47.6614856710978,-0.520588173592959,38.7403206635129,24.900054612406,-35.4507396280637,-4.91019851832039,18.7859841797146
52.9553289643775,50.93737644511,43.1846882636435,48.4652191047261,-0.635372822649256,38.8189831571301,24.5163746551138,-35.432400061188,-4.96765137919919,18.5855350320285
52.8611421073244,50.3563430522616,42.3568140131802,49.2804482274147,-0.784759508600536,38.8972989883283,24.1199937979859,-35.4165849115812,-5.02552230565381,18.3766968669617
52.7620234715775,49.7664809444275,41.5011464102099,50.1038006470789,-0.968639131254249,38.9749015209164,23.7165653435301,-35.4037508823549,-5.08435271017772,18.1590629274917
52.6591641291424,49.1709089445515,40.618904638475,50.931970453793,-1.18557174211152,39.0517683912549,23.3119207770266,-35.3941797045948,-5.14474065460904,17.9324533874145
52.553715072968,48.5722878392076,39.7118059519509,51.7618757306832,-1.43269158955699,39.1281428167224,22.9117551939136,-35.3879688739102,-5.20729693097083,17.696960103283
52.4467369861489,47.9726272013653,38.7820276970923,52.5907825617154,-1.70571403470721,39.204417856647,22.5213167431228,-35.3850422093517,-5.27259686914315,17.4529736497523
52.3391613907679,47.3731589870778,37.832133827204,53.4163869782909,-1.999064458157,39.2810066471408,22.1451246233369,-35.385178158242,-5.34112929711834,17.2011871519179
52.2317593377676,46.774292892523,36.8649688765413,54.2368512316059,-2.30612624602757,39.3582216881547,21.7867397062771,-35.3880511706904,-5.41324494669309,16.9425748473609
52.1251131165843,46.1756589552921,35.8835302030697,55.05079618794,-2.61958259060546,39.4361812166256,21.4486084928144,-35.3932792890448,-5.48910818340856,16.6783470730271
52.0195873976354,45.5762313162409,34.8908340029173,55.8572570202104,-2.9318119921426,39.5147531292777,21.1319943294562,-35.400469825097,-5.56865769760254,16.4098865112282
51.915298432535,44.9745158515334,33.8897908642584,56.6556137768495,-3.23529336834063,39.5935394700773,20.8370002568336,-35.4092550496998,-5.6515827227562,16.1386723422642
51.8120827365827,44.3687760767874,32.8831030976629,57.4455109148224,-3.52298256477211,39.671898864836,20.5626767706172,-35.4193114434591,-5.73732062600406,15.8661993404926
51.7094692223426,43.7572681100332,31.8731907576527,58.2267799486955,-3.78863376310302,39.7490007633843,20.3071968103081,-35.4303591339772,-5.825079089588,15.5938984147776
51.6066604716033,43.1384571742201,30.8621482857595,58.9993766509181,-4.02705213398596,39.8239030105899,20.0680723759637,-35.442142196674,-5.91388186826212,15.3230642655596
51.5025294892892,42.5111943065274,29.8517303442732,59.7633389855876,-4.23427456102575,39.8956421287781,19.8423852331329,-35.4543949033349,-6.00263225116684,15.0547950703811
51.3956377473071,41.8748406032694,28.8433638214144,60.5187654353375,-4.40768165238336,39.963323941368,19.6270086299679,-35.4668029610141,-6.09018437166974,14.7899485280284
51.2842786375641,41.2293350979297,27.8381823218646,61.2658073017292,-4.54604664147042,40.0262020158064,19.4188056224891,-35.4789712945242,-6.17541074824361,14.5291180580534
51.1665479241217,40.5752093036912,26.8370784988628,62.004664378339,-4.64952643743487,40.0837339311823,19.214799144432,-35.4904100409572,-6.25725567679247,14.2726320266593
51.0404396808868,39.9135555171047,25.8407676500423,62.7355722901756,-4.71959865171239,40.1356107739689,19.0123155929839,-35.5005476549186,-6.33476818817712,14.0205771195518
50.9039626636706,39.2459574331236,24.8498535686247,63.4587722727611,-4.75894741482219,40.1817624080051,18.809104789882,-35.5087746484732,-6.40711411315384,13.7728443618634
50.75526851854,38.5743916345333,23.8648861130457,64.174459563682,-4.77130118028755,40.2223473468947,18.6034354063117,-35.5145145782474,-6.47357272169574,13.5291930855306
50.5927803309879,37.9011083821265,22.886400856156,64.8827133538003,-4.76122752072336,40.2577387103142,18.3941596547852,-35.5173119951147,-6.53352771528461,13.2893250336388
50.4153083738695,37.2285006614206,21.9149352746217,65.5834176349367,-4.73389232567201,40.2885154877475,18.1807380789001,-35.516921854194,-6.58646365611585,13.0529587448024
50.2221400695811,36.5589716328517,20.951022738971,66.2761866446537,-4.6947926347977,40.315461744815,17.9632176725051,-35.5133828226561,-6.63197662812121,12.8198942285322
50.0130934224312,35.8948117175274,19.995173084459,66.960309821007,-4.64947304316044,40.3395680296732,17.7421648276908,-35.507058753511,-6.66980252525089,12.5900600137445
49.7885272696227,35.2380965160071,19.0478538092458,67.6347290096819,-4.6032360708256,40.3620229966285,17.5185656428411,-35.4986379605809,-6.69985934929805,12.3635383948453
49.5493070062351,34.5906148107264,18.1094864476719,68.2980557540112,-4.56085861434286,40.3841823808692,17.2937146262565,-35.4890876720386,-6.72229349389595,12.1405690071062
49.2967301306992,33.9538317968317,17.180467640466,68.9486299513472,-4.52633026807415,40.4075075549604,17.0691140777924,-35.4795694684246,-6.73751640561091,11.9215345232614
49.0324212172845,33.3288871277394,16.2612153135182,69.5846141379868,-4.50263410223844,40.4334747830178,16.8463992622478,-35.4713288270505,-6.74621849218995,11.7069342938718
48.7582099575975,32.7166218727131,15.3522304668331,70.2041114672673,-4.49159399831182,40.463465268205,16.6272919130329,-35.4655767014802,-6.74935148681544,11.4973519056778
48.4760079501215,32.117624670494,14.4541581277572,70.8052914636106,-4.49381165523442,40.4986517699319,16.4135718641537,-35.4633823971909,-6.74807725134117,11.2934214871176
48.1876993887277,31.5322863254222,13.5678295926967,71.386506779852,-4.50870875912023,40.539898240137,16.2070489659243,-35.465594408802,-6.74368810364838,11.0957959680657
47.8950575755492,30.9608539780463,12.6942725945779,71.9463865439561,-4.53467586759757,40.5876850587724,16.0095177889392,-35.4727997805007,-6.73750913862329,10.9051190470447
47.5996938239987,30.4034797414021,11.8346847819004,72.483896763949,-4.56931221139123,40.6420660009926,15.8226852284825,-35.4853243327356,-6.73079554996067,10.7220017215102
47.3030391194539,29.8602625173272,10.9903757649255,72.998364271701,-4.60972455298459,40.7026564000732,15.6480726056439,-35.5032677713021,-6.72463762838642,10.5470038567621
47.0063534349122,29.331283927894,10.1626908228118,73.4894662491502,-4.65284310073208,40.7686470605219,15.4869048869551,-35.5265613248999,-6.71988362480443,10.3806209812284
46.710754042732,28.8166391322251,9.35293310856813,73.9571914599785,-4.69571102167699,40.8388365736399,15.3400066901619,-35.5550326622641,-6.71708706766333,10.22327597804
46.4172529373058,28.3164612082646,8.56230021068766,74.401781558275,-4.73571159094533,40.9116762436314,15.2077263748762,-35.5884637610135,-6.71648137970408,10.0753146711404
46.1267942433587,27.8309352250287,7.7918459604915,74.8236615384561,-4.77071138479229,40.9853263553946,15.089905956333,-35.6266312450164,-6.71798146390607,9.9370037136801
45.8402845086573,27.3602967961063,7.04247110419663,75.2233680099904,-4.79911532968178,41.0577282467925,14.9859070604058,-35.6693239862205,-6.72120972209209,9.80852884474113
45.5586113167232,26.9048107909503,6.31493888705712,75.6014827841915,-4.81984537362711,41.1267006251814,14.894693614244,-35.7163379916944,-6.7255428001118,9.68999158119676
45.2826481131306,26.4647290046798,5.60990566014975,75.958577426814,-4.83226528739157,41.1900678108932,14.8149620918963,-35.7674526969925,-6.7301749586385,9.58140284462588
45.0132452084106,26.0402301111943,4.92795381594328,76.2951722167565,-4.83607768770066,41.2458207483735,14.7453011363434,-35.8223954042993,-6.73419374773795,9.4826729046948
44.7512085108772,25.6313497266103,4.26961538545105,76.611710659506,-4.83121620096132,41.2922998988619,14.6843561018183,-35.8808019308265,-6.73666309063149,9.39359820207877
44.4972685991169,25.2379115509938,3.63537921259648,76.9085487752855,-4.81774831988284,41.3283764051544,14.6309726648156,-35.9421818505025,-6.73670790377038,9.31384692176684
44.2520433147847,24.85947163558,3.02568140381835,77.1859572782586,-4.79579642891867,41.3535995278542,14.5842981716371,-36.0058961237901,-6.73359333276231,9.24294642784278
44.0159974110951,24.4952867064354,2.44088543300496,77.4441345950355,-4.76547847655564,41.3682784771085,14.543828809131,-36.0711533748751,-6.7267911827018,9.18027646329913
43.7894031656717,24.1443144965622,1.88126237894078,77.6832290994593,-4.72686706408199,41.3734764443556,14.509401965074,-36.1370284955749,-6.71602668125572,9.12507198328294
43.5723062433813,23.8052498674504,1.3469816284165,77.9033693860395,-4.67996597677262,41.3709113508865,14.4811425758793,-36.2025037185557,-6.70130029719238,9.07643850132743
43.3645013195367,23.4765958452269,0.838117887759511,78.1047013356393,-4.62470516131896,41.3627765612457,14.4593773679777,-36.2665283890586,-6.6828816081307,9.0333810112798
43.1655217930182,23.1567642430957,0.354673291201445,78.2874299584678,-4.56095700068474,41.3515100953123,14.4445313759409,-36.3280902471027,-6.66127489374226,8.99484530826816
42.9746470527749,22.8441968170408,-0.103393313293321,78.4518626601723,-4.48857664141737,41.3395486663651,14.4370188136619,-36.3862888309444,-6.6371590197512,8.95976842290459
42.7505681156969,22.5454048333218,-0.523537908131664,78.6538569064798,-4.496038795503,41.2122676565007,14.2981832760079,-36.4573164251463,-6.62671576953884,8.93701478412785
42.5734933212944,22.2433108517774,-0.927051746058277,78.7779020691634,-4.40106100478837,41.2072128721261,14.3182888959402,-36.5060753221842,-6.60090233158881,8.90439954724494
42.4023186787209,21.9451356557511,-1.30950009301947,78.8883705944745,-4.30102057037914,41.2096838581003,14.341592866062,-36.5508206693316,-6.57370180003945,8.87448547821862
42.2347312961659,21.6506945626659,-1.66668489829418,78.9830065240087,-4.19035194352194,41.2178355924009,14.3715600831442,-36.5904373503129,-6.54650257532639,8.84524733661291
42.0692983413859,21.3602313523559,-1.99928014382373,79.0634810560897,-4.07287627335543,41.2312635219177,14.4073528354244,-36.6252136603479,-6.51967910191446,8.81594343647265
41.9048310419268,21.0744648144471,-2.30764625255236,79.1310117741283,-3.94968519168895,41.2495526080355,14.4478073666343,-36.6555345296076,-6.49329922748041,8.78627316640413
41.7403204854479,20.794514399254,-2.59246367942508,79.1869334411725,-3.82260684587947,41.2719943900727,14.4915229528557,-36.6819452586018,-6.46718398842932,8.75619153391674
41.574981308528,20.5218007710499,-2.85468156479604,79.2325529185275,-3.693797873222,41.2976082993795,14.5369740648614,-36.7050729035837,-6.44095916063827,8.72584134324187
41.4082848858528,20.2579002543208,-3.09555226071326,79.2690892106135,-3.5657192716214,41.3252782327711,14.5826359482253,-36.725559001323,-6.41412159491217,8.69551305027367
41.2399736105777,20.0043863327174,-3.31661997061596,79.297609424597,-3.44098691691385,41.3538873597952,14.6270998695924,-36.7439987453986,-6.38612410347917,8.66560715512339
41.0700570897089,19.7626739373386,-3.51967692677142,79.3189795475088,-3.32219068116066,41.3824345014293,14.6691768127334,-36.7608928714014,-6.35646253716171,8.63659672607002
40.8987927799937,19.5338846523783,-3.7066856747676,79.3338319410473,-3.21168441462809,41.4101134097312,14.7079801416582,-36.7766162943278,-6.32475144277005,8.60899293548398
40.726654628447,19.318747202387,-3.8796738980402,79.3425515708652,-3.1113683787233,41.4363449862547,14.7429825460897,-36.7914056869376,-6.29077718426638,8.58331661986368
40.554293640079,19.1175423608972,-4.04061278875162,79.345280916472,-3.02248968830895,41.4607619427153,14.7740459254011,-36.8053657344133,-6.25452175164098,8.56007753225516
40.3824942898978,18.9300952705654,-4.19129383000932,79.3419421673305,-2.94548919569133,41.4831553579231,14.8014251341569,-36.8184914795192,-6.21615528909479,8.53976102331759
40.2121303903821,18.7558121834424,-4.33322036178998,79.3322743496569,-2.87992063182208,41.5033997793135,14.8257472544258,-36.8307023827905,-6.17599993911279,8.52282003556315
40.0441234903848,18.5937537493001,-4.46752885571875,79.3158823112138,-2.82445943353682,41.5213760064688,14.8479679899057,-36.8418826084352,-6.1344712374624,8.50966911090825
39.8794062628446,18.4427337672517,-4.59495053289139,79.2922938012316,-2.77700570420785,41.5369082763653,14.8693068723008,-36.8519216484678,-6.0920057431768,8.5006769439248
39.7188926242683,18.3014308808115,-4.71581764238686,79.2610202226348,-2.73487095857013,41.5497266391533,14.8911637541942,-36.8607497645944,-6.04898479437203,8.49615490070526
39.5634554657487,18.1685008691811,-4.83011166030408,79.221616140894,-2.69502496090271,41.5594580436684,14.9150206756029,-36.8683637941795,-6.00566425665949,8.4963405892288
39.4139119046057,18.0426785538822,-4.93754437392478,79.1737325396129,-2.65436983084529,41.5656432120779,14.9423353947691,-36.8748404772323,-5.96211914704087,8.50137747787881
39.2710149616003,17.9228604066841,-5.03765858316212,79.1171593454657,-2.61000541910181,41.5677722975791,14.9744349846302,-36.8803364597804,-5.91821034266555,8.51129316769723
39.1354496120735,17.8081614010544,-5.1299336908358,79.0518539953206,-2.55945325777577,41.5653311765325,15.0124190920053,-36.8850762239868,-5.87357823481281,8.52597990262074
39.0078303727823,17.6979422935099,-5.2138827992143,78.9779547172141,-2.50081555464687,41.5578516313407,15.0570821856621,-36.8893309600701,-5.82766525666127,8.54518113948136
38.888697199019,17.5918061810863,-5.28913149355009,78.8957794192877,-2.43285898421197,41.5449613320661,15.1088623645003,-36.8933924598884,-5.77976600609891,8.56848751592984
38.7785066936826,17.4895658257815,-5.35547309539661,78.8058130902235,-2.35502741717996,41.5264317745463,15.167821318225,-36.8975462816908,-5.72910044753058,8.59534450592002
38.6776165660302,17.3911858518612,-5.41289942333388,78.7086879269792,-2.26739977687739,41.5022228310021,15.2336562879008,-36.9020477928254,-5.67490263371256,8.62507266145985
38.5862629481845,17.2967064133382,-5.46160905846672,78.6051607990949,-2.1706164238791,41.4725208999119,15.3057410515125,-36.9071035387079,-5.61651492966633,8.65689979235015
38.5045323900955,17.2061571258451,-5.50199660675926,78.496092153705,-2.06579899157122,41.4377648508384,15.3831895421762,-36.9128590732435,-5.55347626450819,8.6900028889766
38.4323326279153,17.1194715945432,-5.53462696529447,78.3824292345376,-1.95448496529965,41.3986520694368,15.464932898703,-36.9193933019077,-5.48559283103038,8.72355617188905
38.3693679454424,17.0364133019506,-5.56019874776034,78.2651948952527,-1.83859060929613,41.3561176547036,15.5497988114029,-36.9267187150198,-5.41298119408544,8.75678051374494
38.3151256029738,16.9565226842194,-5.57950106251934,78.1454816634185,-1.72040508148438,41.3112836972693,15.6365814734008,-36.9347865306171,-5.33607697040905,8.78898887819824
38.2688791625223,16.8790929233112,-5.59336766897348,78.024449173854,-1.60260584496595,41.2653816459661,15.7240918276087,-36.9434956290343,-5.25560664153156,8.81962258774898
38.2297125985267,16.8031785621816,-5.60263194701009,77.903321873077,-1.4882726754728,41.2196570562052,15.8111812709539,-36.9527041407225,-5.17252498490642,8.84827425715007
38.1965660827696,16.7276370194961,-5.60808502599866,77.7833833578776,-1.38086755886867,41.1752702015883,15.8967372275568,-36.9622424747969,-5.08792536597759,8.87469499238894
38.168300852696,16.6511991669164,-5.61043811051457,77.6659639297387,-1.28414388158997,41.1332065815111,15.9796551774837,-36.9719264280534,-5.00293392161313,8.89878558571195
38.1437773749041,16.5725620221671,-5.61028905676239,77.5524187209716,-1.20195337079741,41.0942081038454,16.0587975278521,-36.9815689172668,-4.91860075291022,8.92057344713688
38.1219387236808,16.4904946632094,-5.60809320422864,77.4440948909095,-1.13793484085335,41.0587298468068,16.132953908154,-36.9909889509594,-4.83580135863015,8.9401785048392
38.1018900197959,16.4039476832968,-5.6041397741772,77.3422878175922,-1.09509443457687,41.02692103136,16.2008190423833,-37.0000167922875,-4.75515985395992,8.95777204940493
38.0829648991038,16.3121566506019,-5.59853767073923,77.2481878285827,-1.07531917327778,40.9986246235655,16.2610024404933,-37.0084948282026,-4.67700239926182,8.97353251563273
38.0647710394461,16.2147307424208,-5.59121737813356,77.1628207244897,-1.07889751868349,40.9733895545613,16.3120785034644,-37.016274261596,-4.60134526489062,8.9876018098841
38.0472085400999,16.1117186439602,-5.58195740533972,77.0869869786312,-1.10414310999201,40.9504931062763,16.3526769981438,-37.0232082623846,-4.52791778013775,9.00004535415131
38.0304574417469,16.0036448278416,-5.57044278712465,77.0212057305662,-1.14722130562387,40.9289769086523,16.3816039086952,-37.0291427289041,-4.45621658672482,9.01081867889828
38.0149338923937,15.8915106423979,-5.5563583619414,76.9656702283716,-1.20225625967007,40.9077051708645,16.3979737397468,-37.03390636666,-4.38558443332728,9.01974320528094
38.0012181539184,15.7767565255745,-5.53951103521322,76.9202209424837,-1.26174937490568,40.8854549155418,16.401328990623,-37.0373021391412,-4.31530442403141,9.02649381311934
37.989961479441,15.6611843689666,-5.51996488728398,76.8843410225519,-1.31727708149584,40.8610429163691,16.3917227611336,-37.0391020761259,-4.24469930303052,9.03060070669409
37.9817824618494,15.5468426974053,-5.4981641133569,76.8571763069224,-1.36037289260324,40.8334829715109,16.3697467512436,-37.0390471232156,-4.17322502164329,9.03146763395355
37.9771660064606,15.4358817335414,-5.47501497025847,76.8375791339239,-1.38345308211585,40.8021531444073,16.3364977854127,-37.0368532704767,-4.1005484641337,9.02840740953344
37.976378730055,15.3303900021501,-5.45190147873582,76.8241722097397,-1.38063024681126,40.7669406901743,16.2934886170242,-37.0322244619443,-4.0266009234361,9.02069387529355
37.9794128978296,15.2322280566344,-5.43062057967312,76.8154262815528,-1.34827906055857,40.7283277760774,16.2425199958525,-37.0248718736373,-3.95160175146259,9.00762708249653
37.9859671175172,15.1428772446485,-5.41323833089758,76.8097437868669,-1.28526838703996,40.6873870859075,16.1855380650487,-37.014538227434,-3.87605021302585,8.9886059660326
37.9954664614301,15.0633212271828,-5.40188539185305,76.8055402806229,-1.19284020812554,40.6456725631078,16.1245023486902,-37.0010249185651,-3.80068747974257,8.9632006605792
38.0071185183571,14.9939747126077,-5.39852296052712,76.8013163617067,-1.0741816658232,40.605012676812,16.0612845575567,-36.9842190656204,-3.72643440970423,8.93121547155744
38.019996394397,14.9346678840983,-5.40471629319781,76.7957148930032,-0.933786920550968,40.5672353794907,15.9976083677471,-36.9641173456069,-3.65431356492358,8.89273376057419
38.0331358646474,14.8846873824596,-5.4214509699197,76.7875611675684,-0.776731261377792,40.5338693348235,15.9350280457178,-36.9408436293779,-3.58536521074532,8.84813778970516
38.0456322330383,14.8428670359062,-5.44901836498165,76.775886746241,-0.607978952681005,40.5058712605723,15.8749331157556,-36.9146579252872,-3.52056670561284,8.7980996696454
38.0567230827074,14.8077154563729,-5.48698402108115,76.7599404545587,-0.431823266803732,40.4834238563722,15.8185603633638,-36.8859549743809,-3.46076305792221,8.74354341808708
38.065845594691,14.7775643502065,-5.53423884269603,76.7391920319878,-0.251520362147406,40.465835058764,15.7669949041041,-36.8552518747938,-3.406613992366,8.68558211975113
38.0726608145899,14.750721283477,-5.58912073636409,76.7133346849334,-0.0691369145129966,40.4515509967954,15.7211485655475,-36.8231651055343,-3.35856017097948,8.62543760081624
38.077041512535,14.7256132304147,-5.6495852753476,76.6822920346812,0.114407396454606,40.438276088912,15.6817142236366,-36.7903781318075,-3.31680880485976,8.56435226189495
38.0790245390171,14.7009114546382,-5.71339906073657,76.6462328120848,0.299151112104152,40.4231777975838,15.6491054042111,-36.7576013299628,-3.28133720064684,8.50350341246087
38.0787324935933,14.6756328386047,-5.77832884054073,76.6055936209566,0.485821221771331,40.4031430264489,15.6233979821637,-36.725526382175,-3.25191197005262,8.44392954616544
38.0762729573673,14.6492165544022,-5.84230281418427,76.5611069213604,0.675549891767318,40.3750491760939,15.6042932726531,-36.6947777848301,-3.2281215170516,8.38647563081522
38.0716262696895,14.6215771530977,-5.90352718032263,76.5138288313751,0.869633828119995,40.3360154978769,15.591118930999,-36.665864710031,-3.20941965208353,8.33176105272863
38.0645345984464,14.5931354700016,-5.96054968747524,76.4651599616031,1.06937101859646,40.2836084596793,15.5828768475961,-36.6391371187243,-3.1951783899502,8.28017004575294
38.0544057091434,14.5648275894371,-6.01227114118636,76.4168525079161,1.27598366941874,40.2159862661464,15.5783376769022,-36.6147506798889,-3.18474771130613,8.23186105917997
38.0402442171104,14.5380902555656,-6.05791374134085,76.3709980202379,1.49061226766946,40.1319797686145,15.5761722654064,-36.5926453863222,-3.17751901178575,8.18678919016209
38.020620942634,14.5148194727818,-6.09696017691093,76.3299921574402,1.71434988334281,40.0311171185439,15.5751030327379,-36.5725423151471,-3.17298740346619,8.14473490968408
37.9936871581809,14.4972985588565,-6.1290786903595,76.2964749298343,1.94828146612625,39.9136057581469,15.5740544547115,-36.553961458405,-3.17080660232686,8.10533297536399
37.9572353279716,14.4880932579033,-6.15404698952371,76.2732473026289,2.19349971051682,39.7802869444955,15.5722816212145,-36.5362610486122,-3.17082945667631,8.06809734202437
37.908802019493,14.4899147915221,-6.17168326542496,76.2631676871236,2.45108302091528,39.632575663711,15.5694589510653,-36.5186957606466,-3.17312780199967,8.0324403958258
37.845802859023,14.5054564552254,-6.1817877510109,76.2690347855912,2.72203584878644,39.4723943370452,15.5657163989078,-36.5004881946652,-3.17798752490881,7.99768720841502
37.7656847227631,14.5372146353243,-6.18409502014611,76.293466178408,3.00720153494686,39.3021041050356,15.5616167893062,-36.4809058516157,-3.18587818016452,7.96308713892044
37.6660776832984,14.5873097530929,-6.17823630644622,76.3387843512409,3.3071602945992,39.124433999937,15.5580745305181,-36.4593349177571,-3.19740044158397,7.9278257681648
37.5449291182421,14.6573254548867,-6.16371211330973,76.4069227221937,3.62212135394003,38.9424063141864,15.5562225476713,-36.4353426451275,-3.21321806181522,7.89103991561538
37.4006049831162,14.7481844239311,-6.13987713311494,76.4993628703752,3.9518122403731,38.7592554361777,15.5572409274246,-36.4087217235893,-3.23398304618261,7.85183758586673
37.2319481550799,14.8600760624587,-6.10594072192749,76.6171104110656,4.29536417952932,38.5783366475134,15.5621673229922,-36.3795123941932,-3.26026306248396,7.80932336717169
37.038290035029,14.9924452881547,-6.06098605651828,76.7607114387721,4.65119346061836,38.4030207587394,15.571714514792,-36.3480006626618,-3.2924788631291,7.76262831482285
36.8194180282484,15.1440438436493,-6.00400944940664,76.9303053062888,5.0168850316943,38.2365708136427,15.5861229644219,-36.3146934128927,-3.33085735087121,7.71094199901161
36.5755069711405,15.3130373754635,-5.93397862146559,77.1257040378279,5.38909429084599,38.0819998521355,15.6050738402542,-36.2802732640792,-3.37540357709103,7.65354346010175
36.3070262502011,15.4971547206517,-5.84990599900112,77.346485133402,5.76349182655665,37.941915081806,15.6276793633401,-36.2455376578853,-3.42589279684656,7.58982748916497
36.0146358321003,15.6938615345519,-5.7509310972743,77.5920837031923,6.13477938113253,37.8183633489131,15.6525528878061,-36.211327915225,-3.48188197448155,7.519323067822
35.6990837509083,15.9005391294801,-5.6364049141709,77.8618717344043,6.49680123983651,37.7127027714216,15.6779439130554,-36.1784548000556,-3.54273884870265,7.44170188030634
35.3772800179878,16.1036229345406,-5.53073206783024,78.1449460764412,6.69991714931419,37.6277976700986,15.8710149121601,-36.1469325207151,-3.60607102468397,7.34514602072095
35.0187506838273,16.3219332807901,-5.38694886861033,78.4602161568072,7.00875394769274,37.5578616018616,15.904161300818,-36.1180569122491,-3.67475436710213,7.25195568389675
34.6391239600859,16.5434213569982,-5.22759471686332,78.7976655072911,7.28769477999377,37.505585183765,15.9315460578253,-36.0922538463482,-3.74583709610985,7.15185446003804
34.2388562154891,16.7664614933316,-5.05359441091924,79.1568102820956,7.52962766293753,37.469482385245,15.9523580039849,-36.0696092900933,-3.81835086535984,7.04473826632677
33.8182162323043,16.9899045551493,-4.86605034814186,79.5371056783931,7.72939420266036,37.4481757603173,15.9651837627644,-36.0499910124783,-3.89148648048754,6.93076502338623
33.3773604554398,17.2130437723865,-4.66631373321537,79.9379665378132,7.88352275536685,37.4403988337365,15.9687519360454,-36.0330741858574,-3.96455389168466,6.81010459768067
32.916384711201,17.4355976012985,-4.45583587088529,80.3587191124551,7.99067862329978,37.4452031195161,15.9619101755462,-36.0183933196035,-4.03700118403264,6.68289821502663
32.4353934259864,17.6576759385944,-4.23597269239167,80.7985453404916,8.05201961352732,37.4620584209063,15.9436328181067,-36.0054109225222,-4.10841997084266,6.54923074226344
31.9345797350491,17.8797344534196,-4.00776560853837,81.2564225896046,8.07140085965145,37.4908208174372,15.9130855685406,-35.9935923980055,-4.17853682607895,6.40911232285109
31.4143075735411,18.102520462185,-3.77173195514725,81.731062867937,8.05537908937711,37.5315806996874,15.8697477355298,-35.982477136996,-4.2471952255901,6.26247271704992
30.8751849503769,18.3270124183281,-3.52770522757793,82.2208582526019,8.01297447498002,37.5844370791839,15.8135687916427,-35.9717364919954,-4.31433390954395,6.10917057918933
30.3181167251834,18.5543546421039,-3.27476346786822,82.7238420580467,7.95517141455115,37.6492643569987,15.7451182418862,-35.9612112625404,-4.37996751810468,5.94901774871246
29.7443262400393,18.7857895586979,-3.01127110136108,83.237676601838,7.894181589566,37.7255354901915,15.6656827940042,-35.9509243556585,-4.44417386860981,5.78181628159444
29.1553386112407,19.0225911251821,-2.73503640434144,83.7596769008379,7.84254831769024,37.8122404459359,15.577275652228,-35.9410678546219,-4.50708953151902,5.60740412848709
28.5529242522312,19.2660044937396,-2.44355931938645,84.2868745867543,7.81222524530712,37.907899476921,15.4825469220164,-35.931967187094,-4.56891200810566,5.42570443638221
27.9390084193293,19.5171972355146,-2.13432137848971,84.8161184977772,7.81379335262432,38.0106322936306,15.3846135694556,-35.9240279919384,-4.62990382196746,5.23677318232015
27.3155595860115,19.7772259658836,-1.80505960191189,85.3441998254256,7.85596992943723,38.1182227623261,15.2868511921646,-35.9176732708749,-4.69039229207437,5.04083986457248
26.6844742934712,20.0470191802668,-1.45397355044939,85.8679830378126,7.94550717714731,38.2281240824102,15.1926989130847,-35.9132792179337,-4.75075934036684,4.83833610489425
26.0474774325687,20.3273735976041,-1.07983658665919,86.3845212204917,8.08749025428323,38.3373800992649,15.1055197532289,-35.9111177355805,-4.81141826206623,4.62990726573553
25.4060544930046,20.6189586402294,-0.682010649302364,86.891136667601,8.28595155241687,38.4424826293261,15.0285357497358,-35.9113122938373,-4.872778081235,4.41640280632054
24.7614268587003,20.9223226452277,-0.26038872962595,87.3854537154016,8.54464678083257,38.5392258147458,14.964828739094,-35.9138117949268,-4.93519985644864,4.19884256052791
24.1145738358875,21.2378950333048,0.184696274050416,87.8653793293837,8.86780571922631,38.6226423370001,14.9173735104918,-35.9183848407882,-4.99895213202614,3.97835875005803
23.4662970680848,21.5659805218101,0.652555849280855,88.329036150819,9.26067913312162,38.6871050391194,14.8890566016261,-35.9246347067033,-5.06417390310622,3.75611724450182
22.8173154886471,21.9067437891903,1.14219185647587,88.7746611050257,9.72974538596587,38.7266502904186,14.8826347139386,-35.9320335187886,-5.13085265075859,3.53322585483887
22.1683730244195,22.2601849350639,1.65228839662757,89.2004889901841,10.2825026810375,38.7355312162641,14.9006016161843,-35.9399723853081,-5.19882241583096,3.3106414532202
21.5203380958131,22.6261071699196,2.18115127588605,89.6046435339807,10.9268425215524,38.7089491713401,14.9449582179129,-35.9478225080131,-5.26778311395964,3.08909034147231
20.8742745741505,23.0040784602789,2.72661207068589,89.9850572769891,11.6700662182708,38.6438536050871,15.0169112609981,-35.955000786733,-5.33733808510315,2.86901651338586
20.2314684339246,23.3933888210338,3.28592397072809,90.3394361285792,12.5176617906982,38.539658907663,15.1165538631448,-35.9610323756507,-5.40704309932782,2.65056970850788
19.593402132829,23.7930053001942,3.85568039670237,90.6652755632928,13.4719995905308,38.3987159882414,15.2425974913231,-35.9656023390412,-5.47645774055438,2.43363957772233
18.961678370699,24.2015281273063,4.43178519206986,90.959925259666,14.5311296538504,38.2264047778891,15.3922240302007,-35.9685893062464,-5.54518985097762,2.2179347079692
18.3379045406768,24.6171542218878,5.00949634966816,91.2206901128709,15.6878701099158,38.0307804885599,15.5611080506254,-35.9700760281674,-5.61292527246035,2.00309712452166
17.7235569200763,25.0376575768795,5.58355539762987,91.4449503921313,16.9293602203165,37.8217985963782,15.7436279502603,-35.9703346878308,-5.67943792438106,1.78883594606408
17.1198478024131,25.4603983351116,6.1484029847259,91.630283705069,18.237209115209,37.61023867488,15.9332480541987,-35.9697881678564,-5.74457886288785,1.57505964784147
16.5276186309465,25.8823718019245,6.69846859769033,91.774575734753,19.58829968141,37.4065187235612,16.1230209449402,-35.9689518086357,-5.80824680947659,1.36198581131714
15.9472780623164,26.3003039373898,7.22850955221609,91.8761128245903,20.9562113179426,37.2196167383761,16.3061386829842,-35.9683630223609,-5.87034606676363,1.15021038029632
15.3787968738009,26.7107913027933,7.73396330983021,91.9336540615141,22.3131212000898,37.0562847331827,16.4764589400513,-35.9685079950912,-5.930740127939,0.940724648163948
14.8217633130932,27.1104730812945,8.21127087284171,91.9464811853373,23.6319559969257,36.9206603771793,16.6289485256216,-35.9697554478552,-5.98921021620036,0.734876369865254
14.2754943152031,27.4962138868656,8.65813062190737,91.9144216140109,24.8885198335687,36.8142783047552,16.7600170399682,-35.9723069963415,-6.04542732626331,0.534280169553766
13.7391907392943,27.8652717555958,9.07365264368084,91.8378361494213,26.0633337062545,36.7363907340881,16.8677458045945,-35.9761719289417,-6.09894403998538,0.340690324113668
13.2121187157113,28.215427517335,9.45840101563094,91.7175626239496,27.1429816506898,36.6844538213647,16.9520381197873,-35.9811713044792,-6.14920878578162,0.155854615848564
12.6937946235906,28.5450589000896,9.81433042878313,91.5548124627196,28.1208480857634,36.6546342323482,17.014717095709,-35.9869725356616,-6.1956011093962,-0.0186298040125204
12.1841487970614,28.8531527706006,10.1446381309691,91.3510281909799,28.997221415103,36.6422326913556,17.0595771232897,-35.9931514799958,-6.23748270031974,-0.181439050647475
11.6836437420413,29.1392590491803,10.4535588056048,91.1077226073728,29.7788105814637,36.641987229391,17.0923645977143,-35.9992750537528,-6.27425603844529,-0.331608835905979
11.1933270336854,29.4033979514137,10.7461285551867,90.8263299253499,30.4777666860453,36.6482835395431,17.120637675306,-36.0049941069514,-6.3054210435274,-0.468576414617628
10.7148069737511,29.6459372872775,11.0279373970554,90.5081019552381,31.1103253473188,36.6553422641961,17.1534467491262,-36.0101340710557,-6.33062020392673,-0.592177282708518
10.2501495424217,29.867458415643,11.3048813593105,90.1540769539197,31.6951960332793,36.6574613053041,17.2007935809158,-36.0147700120102,-6.34966447002396,-0.702602156746907
9.80170634045403,30.0686284565728,11.5829184920255,89.7651362062846,32.251828890607,36.649364600827,17.2728657635524,-36.019273515489,-6.3625355375023,-0.800324492013439
9.37189301687916,30.2500931347212,11.8678294776483,89.3421466498776,32.7986897891222,36.6266569586931,17.3790951254321,-36.0243214053263,-6.36936430385195,-0.886011546194192
8.96294471257467,30.4123999719079,12.164983088634,88.8861706468647,33.3516698989663,36.5863248717625,17.5271402397914,-36.0308606145819,-6.37038934018254,-0.960432928819494
8.57667864006439,30.5559564647228,12.4791085851392,88.3987099458113,33.9227468437245,36.5271763641003,17.7219302719256,-36.0400294030396,-6.36590224533139,-1.02437997142826
8.21429395219762,30.6810233662145,12.8140800609056,87.8819427826834,34.5190011817049,36.450096532875,17.964919024955,-36.0530418942348,-6.35618802914238,-1.07860735288552
7.87623578192722,30.7877398378607,13.172720682075,87.3389126225362,35.1420752071812,36.3580184528434,18.2536790453167,-36.0710493954825,-6.34146817665047,-1.12380539851864
7.56214390614264,30.876175010132,13.556636959516,86.7736345201401,35.7881384254067,36.2555684965733,18.5819178941612,-36.0949967251489,-6.32185257631311,-1.16060736112383
7.27089687885588,30.9463989186848,13.9660941383361,86.1910992968006,36.4483894193037,36.1484257084858,18.9399309107706,-36.1254935472841,-6.29730506414485,-1.18963081707232
7.00075008579449,30.9985644255257,14.3999432743424,85.5971739524507,37.1100714531942,36.0425120670912,19.3154314781793,-36.1627188073018,-6.26762648262829,-1.21154647001965
6.74955236861845,31.0329904305035,14.8556087518396,84.9984148218637,37.757910212267,35.9431778726003,19.6946384005299,-36.2063710320183,-6.23245889222702,-1.22716199000798
6.51501289769342,31.0502358212295,15.329142388774,84.4018234929587,38.3758087610143,35.8545465028984,20.0634654065737,-36.2556698428054,-6.19131429655677,-1.23750404526174
6.29498058094049,31.0511540568651,15.8153473555705,83.8145811739364,38.9485785453184,35.779134701247,20.4086571711642,-36.3094063629832,-6.14362996151089,-1.24387942175629
6.08769512216705,31.0369206180024,16.3079719793479,83.2437939222649,39.4634681150529,35.7177864267236,20.7187466128211,-36.3660339184793,-6.08884960260941,-1.24789699084732
5.89197316634357,31.0090296327103,16.799969845019,82.6962705337634,39.9112848873043,35.6698796944532,20.9847570436984,-36.4237865616754,-6.02652556183415,-1.25143670968897
5.70730398002661,30.9692609439695,17.2838180641706,82.1783406328491,40.2869844802341,35.6337133594909,21.2006232965594,-36.4808117091108,-5.95643230931373,-1.25655947795443
5.53384436600248,30.9196233213919,17.7518800464877,81.6957067805025,40.5897061507999,35.6069659066762,21.3633451643197,-36.5353040922592,-5.87867746345891,-1.26536144209957
5.37231854115092,30.8622821906926,18.1967931281028,81.2533147579492,40.8223334968633,35.5871350688021,21.4729092832605,-36.5856302919781,-5.79379434666458,-1.27978652792744
5.22384216049136,30.7994806835374,18.6118560874567,80.8552230887413,40.9907312841078,35.5718990641514,21.5320238968788,-36.6304353463424,-5.70280050289764,-1.30141977988851
5.08969851937119,30.7334612592648,18.9913881982618,80.5044575017405,41.1028365248135,35.5593708967068,21.5457102304957,-36.6687248185062,-5.60720946424646,-1.33129007049966
4.97109864865927,30.6663923628789,19.3310310901503,80.2028480741715,41.1677632961203,35.5482377654759,21.5207900035208,-36.6999173061056,-5.5089878338371,-1.369712887232
4.86895613125753,30.6003015636489,19.6279677647018,79.9508639602979,41.1950288096648,35.5377889863878,21.4653044874774,-36.7238638772801,-5.41045581488273,-1.41620167289976
4.7673513943355,30.533171675641,19.8903687197121,79.757924615837,41.1835369836635,35.5175478490798,21.3548372221679,-36.7416485101537,-5.31337261902451,-1.45701249332682
4.69714005439068,30.4746348149698,20.1010401367632,79.6021410135465,41.1688411477607,35.5132782840054,21.2633236746978,-36.752114903395,-5.22216612955712,-1.51305092139234
4.64485957347178,30.421726402198,20.2697370107185,79.4868013825646,41.1412125824971,35.5095136604205,21.1687343992454,-36.75746065856,-5.1376975612031,-1.57316849150097
4.60769017118582,30.3753797388081,20.40001196752,79.4075173856014,41.1069584680775,35.5063919204223,21.0764963398721,-36.7584554502998,-5.06219063807666,-1.63363628048143
4.58350862488652,30.3360544961431,20.4964559850068,79.3581709342099,41.070893473023,35.5039136368145,20.9919898203404,-36.7562441590223,-4.99698966174099,-1.69165628259141
4.56993154066072,30.3038015302392,20.5642928915245,79.3322055727072,41.0365287384828,35.5021439381989,20.9187128125331,-36.7519598980977,-4.94270704822032,-1.74494482108675
4.5644236459874,30.2782651958422,20.6090987948838,79.3232324082569,41.006119629414,35.5010286505565,20.8583182039788,-36.7466056865162,-4.89918084818391,-1.79187310030038
4.56470932329292,30.2589295098597,20.635941172599,79.3256824128438,40.9809936304064,35.5004415721949,20.8113409747263,-36.7409853390734,-4.86584811496094,-1.83139960839057
4.56815549635368,30.244480663367,20.6509474066016,79.3344096388862,40.9611137808341,35.5002267926759,20.7754004361614,-36.7356648853441,-4.84074735390248,-1.86375948304502
