3.6020224271384,19.8820839597892,23.5874120855247,82.8013098414919,54.0683295512559,1.76023630748702,13.0660598518419,-31.7629027905853,-3.80883663395215,-5.70136451703739
3.58918286093058,19.9078453329274,23.6379932383867,82.8522436849991,53.7532729027565,1.9102296628303,13.0351389485669,-31.7684606129459,-3.7991198445955,-5.65886717375745
3.57362807632632,19.9311425934488,23.6919046585791,82.9141002048621,53.4040451907715,2.07309791202181,12.986258617536,-31.7709014717776,-3.78800049018218,-5.60855537847167
3.5618681697254,19.9529671755129,23.7478440144284,82.9875788343486,53.0491664572714,2.26500782658172,12.9282225000758,-31.7727490612207,-3.77646915291346,-5.55429003021108
3.55739157426104,19.9719142604909,23.8041907707684,83.0767479530138,52.6965097124028,2.50065413740917,12.8629578007221,-31.7743213377752,-3.76486824402348,-5.49590922022888
3.56293079574942,19.986553229643,23.8572080223861,83.1845879495695,52.3492820553187,2.78939779439941,12.7904868628445,-31.7755623415855,-3.75356896761871,-5.4334700249172
3.58158945594514,19.9952624357016,23.9017091785441,83.3140462318698,52.0099768948889,3.1389088291557,12.7118702986545,-31.7764056846968,-3.74295836990063,-5.36734345718875
3.61655320916825,19.9963983430652,23.9310701525222,83.4673457083424,51.6794619097677,3.55418597789625,12.628957573609,-31.776797482694,-3.73347732204631,-5.29829903274431
3.67106695323301,19.9884023389638,23.9376480919548,83.6458878678651,51.3568227731002,4.03720275572822,12.5445573323923,-31.7767280213321,-3.72556454471794,-5.2274532296096
3.74839685731604,19.9699013776158,23.9133204525425,83.8501734046948,51.0393343993425,4.58686774673728,12.4622675444378,-31.7762355713832,-3.71961592426126,-5.15615904916659
3.85179932460126,19.9397926311992,23.8500916461087,84.0797362974765,50.722776517614,5.19919833266823,12.386143535979,-31.7753915445227,-3.71595504549083,-5.08586927999797
3.98448685002039,19.8973069790754,23.740676153539,84.3330846198345,50.4019933926191,5.86769128319006,12.3202557237356,-31.7742667660376,-3.71481961204238,-5.0179921006492
4.14957931699597,19.8420489088634,23.5789738026127,84.6076599193311,50.0715410936164,6.58385479528861,12.2681993163121,-31.7728816722131,-3.71636183829059,-4.95375393980219
4.32925831707342,19.7738070283642,23.32493911828,84.9020039671134,49.524877477428,7.45253713266889,11.9962244023977,-31.7627659939156,-3.72661335301285,-4.88426462536124
4.56576530037938,19.69398494244,23.041502594443,85.208944987567,49.1476541715498,8.24927196381976,11.9397500390386,-31.7604491917447,-3.73402321917672,-4.83051833527657
4.84291821056233,19.6027297215079,22.6975432550948,85.523405871356,48.754931154512,9.06379035133001,11.9065878881488,-31.7574974764254,-3.74393939114904,-4.78243709585917
5.16215254383048,19.5011387859609,22.292721877634,85.8397526604905,48.3421986722343,9.88563861218633,11.8869834862484,-31.7529953413272,-3.75616318192283,-4.73928598141029
5.52462638720132,19.3906836344849,21.8283025901042,86.1515515718171,47.908757979328,10.7053370168244,11.8770186974837,-31.7461604571181,-3.77035783364544,-4.70008783137539
5.93082425283446,19.2731181352083,21.3065580053956,86.452327927702,47.4550357423011,11.5141691391428,11.8720321232527,-31.7361998811316,-3.78598981998703,-4.66340170902398
6.38050744229707,19.1504113509116,20.7306257416169,86.7359148126598,46.9825014110811,12.3041314395814,11.866801210056,-31.7224272654573,-3.80226908426323,-4.62735693010795
6.87272441677183,19.0246641972737,20.1044365936653,86.9967459121977,46.4936909027235,13.067859567419,11.8560326576007,-31.7043920627659,-3.81810576598327,-4.58971708650586
7.40586923322061,18.8980103667902,19.432681071012,87.2300753037078,45.9922422662279,13.7985779789475,11.8348325237781,-31.6819849318317,-3.83210423482819,-4.54796649188466
7.97778090454032,18.7725056790136,18.7207768990406,87.4320977165375,45.4828941158351,14.4901245340853,11.7990901803139,-31.6554935420679,-3.84261452140147,-4.4994194929818
8.58587102314786,18.6500123462283,17.9748023102089,87.5999556675759,44.9713866492203,15.1370670231993,11.745742387753,-31.6255921411189,-3.84785136156791,-4.44134970803441
9.22726318346608,18.5320889915499,17.2013734930456,87.731638473869,44.4642160371141,15.7348946105663,11.6729052215566,-31.5932648743341,-3.84607143766889,-4.3711316965575
9.89892710981398,18.419902419918,16.4074618983485,87.8257975564213,43.9682220170675,16.2802485305069,11.5798755484966,-31.5596827258087,-3.83577551235816,-4.28638379221495
10.5977919854886,18.3141785992907,15.60016262912,87.8815176750035,43.4900237862743,16.7711554064097,11.4670130382001,-31.5260677487965,-3.81588651973214,-4.18509811274758
11.3208258812869,18.215204466398,14.7864370836717,87.898091355032,43.0353549915581,17.2072335069149,11.3355246229807,-31.4935775485201,-3.785859019372,-4.06574286938009
12.0650721880201,18.1228801532843,13.9728602523907,87.8748417361253,42.6083821283603,17.5898440410079,11.1871876329825,-31.4632278035776,-3.74570003037041,-3.92732521793104
12.8276415423881,18.036808304188,13.1654034159666,87.8110268909595,42.2111139984085,17.922151968532,11.0240597892073,-31.4358506016811,-3.69591232970078,-3.76941044488419
13.6056681244534,17.956399263527,12.3692757304847,87.7058391752703,41.8430117677544,18.2090524193922,10.8482255008007,-31.412073381025,-3.63739050585661,-3.59210095096328
14.3962480701633,17.8809713440522,11.5888360778453,87.5584924902227,41.500884538214,18.4569230848608,10.6616145779117,-31.3923027268003,-3.57129882955392,-3.39598101581364
15.1963809256041,17.8098328543372,10.8275740991608,87.3683742430483,41.1791102453205,18.6731874502322,10.4659055267288,-31.3767057235792,-3.49894571333912,-3.18203159830947
16.0029318927124,17.7423419567697,10.0881499212909,87.1352293201116,40.8701698929013,18.8657151938643,10.2625017754503,-31.3651911788658,-3.42165778827949,-2.95152007608265
16.8126253585653,17.6779464182912,9.37247728650561,86.8593397563039,40.5654369010291,19.0421295829716,10.052557773534,-31.3573979148413,-3.34065717544705,-2.70587614709585
17.6220716749533,17.616206347093,8.68183443010578,86.541665713341,40.2561266206264,19.2091179015685,9.83703772419481,-31.3526966052765,-3.25695533461258,-2.44657168460096
18.4278218761701,17.5568019085462,8.01698884592942,86.1839212581176,39.9342840883739,19.371842018546,9.61680389726567,-31.3502084798837,-3.17128486004893,-2.17502162063959
19.2264413008316,17.4995284104103,7.37832278981651,85.7885707053839,39.593675598594,19.5335312154771,9.3927387524793,-31.3488421217532,-3.0840877434631,-1.89251500082128
20.0145933725956,17.4442835239127,6.7659451702825,85.3587446886529,39.2304588427836,19.6953186836528,9.1658985249423,-31.347348934889,-2.99556472515745,-1.60017715965078
20.7891269357236,17.3910531243152,6.17977516663122,84.8980874385201,38.8435395067704,19.8563558219306,8.93768080433184,-31.3443968387802,-2.90577311654491,-1.29896061604913
21.5471622421551,17.339900577383,5.61958679375459,84.4105570508821,38.4345744664118,20.0142006156619,8.70997447036329,-31.3386597501534,-2.81474917584177,-0.989663014592329
22.2861713082429,17.2909590345412,5.08501223601889,83.9002073752629,38.0076417980315,20.1654320573401,8.48525336687899,-31.3289180174053,-2.72262973098302,-0.672971633624388
23.0040481968254,17.2444202268269,4.57551260492944,83.3709816020107,37.5686495984287,20.3064026136878,8.26657681979329,-31.3141619659841,-2.62975262765338,-0.349532299430966
23.6991644795399,17.2005104959534,4.09033368856521,82.8265428821255,37.1245849906285,20.4340159263127,8.05746955710385,-31.2936871486154,-2.53672010607262,-0.0200344060415836
24.370405505889,17.1594477195239,3.6284672547697,82.2701576957704,36.6827084761423,20.5464147754572,7.86166953466102,-31.2671674912382,-2.44441087467241,0.314704830572331
25.0171843341273,17.1213800438949,3.18863417851155,81.704636378205,36.2497852410493,20.6434873439162,7.68275371055326,-31.2346932956127,-2.35392943660867,0.653679209531783
25.639431790469,17.0863150694694,2.76929681991822,81.1323258886746,35.8314249446609,20.7271428909162,7.52367819274419,-31.1967661847,-2.26649129794158,0.995674660893738
26.2375626855639,17.0540528418564,2.36869951282519,80.5551446287947,35.4315808620758,20.8013582668777,7.38629760448485,-31.1542524412117,-2.183261514498,1.339299089214
26.812419468068,17.0241362540255,1.98493074471063,79.9746473842684,35.0522397330124,20.8720383353201,7.2709509528536,-31.1083066121357,-2.10518438338315,1.68305056312731
27.3651955946772,16.9958284440505,1.61599816526044,79.3921085433538,34.6933152800373,20.9467544543161,7.17620615719614,-31.0602829009074,-2.03285128501902,2.02540177801922
27.8973422013081,16.9681195905539,1.25990637177444,78.8086125536802,34.3527395881969,21.0344228792192,7.09883496895405,-31.0116494173519,-1.96644371966585,2.36487822860637
28.4104635595422,16.9397574434713,0.914727983392884,78.2251420580254,34.0267265636396,21.144964907942,7.03404687703322,-30.9639125626919,-1.90576356241259,2.70011666998646
28.906208674176,16.909290381301,0.578662586122166,77.6426561089505,33.7101648725629,21.2889632066768,6.97595676727179,-30.9185508523933,-1.85033527430005,3.02990224683358
29.3861672573946,16.8751118277447,0.250084965400764,77.0621525047029,33.3970928907718,21.477306615049,6.91821110282176,-30.8769520289266,-1.79954689819652,3.35319036873734
29.8489590647138,16.8346225227302,-0.0795383925853657,76.4896518660457,33.0779350469124,21.7750149227332,6.77385421720734,-30.8379363972777,-1.75317629680514,3.66914007241214
30.3014968302665,16.7877106620668,-0.397552070571204,75.9166564602337,32.7506601646769,22.08424227691,6.69975681667583,-30.8074877041682,-1.70997148348745,3.977147971784
30.7418604858989,16.7317306478835,-0.711474830203845,75.3491631083502,32.4088428031398,22.4683208102358,6.6107961927147,-30.7837581523682,-1.67000975521924,4.27668748389525
31.170666061049,16.6649152341457,-1.02173034410533,74.7885234261202,32.0486719068379,22.9356831767212,6.50381209933847,-30.7670222412157,-1.6331666533573,4.56748240988031
31.5882479583202,16.5856182076606,-1.32831266821181,74.2360830938349,31.6679089052141,23.4930692947897,6.37746202686251,-30.7571812881563,-1.59948170707361,4.84945709830305
31.9946731538452,16.4924348341048,-1.63077433995626,73.6931396460354,31.2663196294409,24.1455357915996,6.23144420489113,-30.753767380393,-1.56908266442675,5.12269160015532
32.3897934991696,16.3843208026478,-1.92825151541305,73.1608736089059,30.845706371386,24.8963663450644,6.0660993694246,-30.7560250220158,-1.54210627976507,5.38736949925855
32.7733082456099,16.2607032720154,-2.21952927352647,72.6402824584492,30.409686778445,25.7470450108863,5.88196847962663,-30.7630300156292,-1.51862737420296,5.64371424120067
33.1448255711925,16.121564156074,-2.50314002639934,72.1321281290123,29.9632523980024,26.697243170224,5.67937233476418,-30.7738188386448,-1.49861354485446,5.89192744790426
33.5039140048702,15.967481475021,-2.77748072862951,71.6369106882097,29.5121891918196,27.7447506907747,5.45808018585107,-30.7875012859777,-1.48191726849648,6.13214366592446
33.8501377455173,15.7996268315544,-3.04093091745259,71.1548826040693,29.0624723186524,28.8852869428675,5.2171353773801,-30.8033377741318,-1.46830798604325,6.36441171835206
34.1830740489821,15.6197296650048,-3.29195604293708,70.6861160264153,28.619744768266,30.1121712023424,4.95489875499314,-30.8207765015988,-1.4575348491952,6.58870545745327
34.5023159139174,15.4300251282202,-3.52918911135266,70.2306261627135,28.1889546976712,31.4159095630944,4.66934388912571,-30.8394579452373,-1.44939966267634,6.80495895872354
34.8074674598181,15.2331991452148,-3.75149403892957,69.7885377896687,27.7741756814298,32.7838376347103,4.35858782838403,-30.8591992785121,-1.4438147774844,7.01311540594911
35.0981406008907,15.0323337540822,-3.95801988710443,69.3602650590115,27.3785889454053,34.2000046536177,4.0215755816444,-30.8799685975431,-1.44082578728786,7.21317662778627
35.3739598911441,14.8308440243117,-4.14825270727143,68.9466645551402,27.0045807002997,35.6454660239958,3.65877685820004,-30.9018528301102,-1.44059169993809,7.40524172931426
35.6345798901935,14.6323904458851,-4.32206273214517,68.5491223341928,26.6539031542275,37.0990667567228,3.27272300424978,-30.9250192794809,-1.44332950284971,7.58952712621943
35.8797177833981,14.4407511280188,-4.47973387781915,68.1695462958169,26.327860054625,38.5386753168489,2.86822185569691,-30.9496711449201,-1.44924003065765,7.76636449828438
36.1092025538867,14.2596467175547,-4.62195459959031,67.8102512468347,26.0274973101788,39.9427064362238,2.45213639594001,-30.9760005922081,-1.45843547189199,7.9361768479469
36.3230385655741,14.0925249983017,-4.74974803243654,67.4737416218801,25.7537907367304,41.2916886880661,2.03269631039635,-31.0041460473226,-1.47088643033651,8.09943640363797
36.5214752717919,13.9423270696697,-4.8643285415333,67.1624146233047,25.5078124696941,42.5696118358204,1.61842642881817,-31.0341612227858,-1.48640033976325,8.25661154689561
36.7050683606178,13.811268036127,-4.96689210123664,66.8782236621649,25.2908298552282,43.7648376256854,1.21690284247669,-31.0660014051691,-1.50463526799927,8.40811195752988
36.874714855488,13.7006688173112,-5.05837422948734,66.622355636473,25.1042709804199,44.8704632231552,0.833640544649658,-31.0995282548697,-1.52514523097813,8.55424066771293
37.0316472960177,13.6108706179282,-5.13923068682232,66.3949811485134,24.9495048701175,45.8841567729251,0.471421317181146,-31.1345289698579,-1.54744636954671,8.6951595703218
37.1773785747102,13.5412507040067,-5.2093010859571,66.1951303498471,24.8274368489016,46.807596043243,0.130260367125258,-31.1707409880188,-1.57108885436253,8.83087340701184
37.3135966581978,13.490340609224,-5.26779833029672,66.0207281289135,24.7379926252896,47.6456950554605,-0.191984575326943,-31.2078718147662,-1.59571789338835,8.96123756676562
37.4435587119055,13.4577358668449,-5.30590084837087,65.8625104134722,24.7075653196183,48.3702116291857,-0.469917497547091,-31.2467064091201,-1.62173545880613,9.085933013792
37.5658031838385,13.4374338871281,-5.33717128916136,65.7294944801861,24.6765733188312,49.0618685237434,-0.763893199463993,-31.2847683664656,-1.64783575909635,9.20495296654099
37.6829486305343,13.4286179815614,-5.35290024145857,65.6120572547899,24.6672105486895,49.6958317259787,-1.04924739047158,-31.3226550653814,-1.67456640324906,9.31779334913772
37.7957959672573,13.428842652547,-5.35145887288561,65.5065613896325,24.6737448375077,50.2811261654427,-1.32493121107653,-31.3599727375713,-1.70202517795395,9.42439136473123
37.9044796245296,13.4359249814048,-5.33202153147237,65.4103081367028,24.6887519852366,50.8276362731104,-1.58940647623344,-31.396219833646,-1.7302716836712,9.52491863474103
38.0084901843657,13.4480721148079,-5.29435621201375,65.3215861788328,24.7046548236504,51.3443363960874,-1.83961602040927,-31.43085544643,-1.75932454476046,9.61986077803066
38.1067317051344,13.4638984603052,-5.23882231905859,65.2397979399626,24.7145029873714,51.8386602570123,-2.0715263050151,-31.4633555209796,-1.78914363061093,9.71002182386728
38.1976713433881,13.4823843947642,-5.16630076002294,65.1654299347821,24.7125889492772,52.3160416683462,-2.28086256958829,-31.4932945844804,-1.81962478835231,9.79646778514478
38.2795702103856,13.5028044048433,-5.07808172456197,65.0998669829323,24.6948241493912,52.7796847277903,-2.4638372380395,-31.5204403520372,-1.85059740018256,9.88042095566865
38.3507652442694,13.5246513123356,-4.97575235799757,65.0450812903553,24.6588377604898,53.2306335433215,-2.61776053446147,-31.5448400016112,-1.88181442410809,9.96312726451344
38.4099584988464,13.5475758780646,-4.86111810087758,65.0032475244289,24.6038216683052,53.668151249286,-2.74146364692461,-31.5668774845511,-1.91293223289083,10.0457228842099
38.4564640428309,13.5713502302769,-4.73617082515033,64.9763489665084,24.5301929056485,54.0903416737207,-2.83550374392615,-31.5872879118493,-1.94348794077034,10.1291218480354
38.51892909314,13.573061929384,-4.62516598042735,64.9365933219494,24.2925317426714,54.5648205367458,-2.70948001705544,-31.6184663526375,-1.96978191477416,10.2049783788625
38.5416719546222,13.5992640732218,-4.4840137462047,64.9420296941649,24.2109989978307,54.9315737837382,-2.76142247194859,-31.6412012649049,-1.99781297356546,10.2903195959634
38.5536866052969,13.6248617317321,-4.34145341141432,64.9660044950144,24.0966353653638,55.2929462231232,-2.79416366646322,-31.6644569231882,-2.02300312570108,10.3773082795071
38.5572423634124,13.6520393045515,-4.198162362465,65.0064561094874,23.972532126342,55.6324543415313,-2.81696613334485,-31.6906455046773,-2.04479649225688,10.4654774323316
38.5549359680391,13.680588000011,-4.05727201073967,65.0619739923972,23.8349837976408,55.9515498511764,-2.83181570194893,-31.7211837511466,-2.06258668697827,10.5542475737539
38.5489248303522,13.7109381022668,-3.9206872838534,65.1308326405182,23.6873886881523,56.2506480679073,-2.8442998161955,-31.7569772819404,-2.0759606447713,10.6428010249218
38.5409071053617,13.7435722267842,-3.78987703864903,65.2115037412103,23.5331507533471,56.5304081264061,-2.85983006778216,-31.7984818702661,-2.08473975062907,10.7301869320435
38.5319287272489,13.7790872103439,-3.6654358079131,65.3028167494812,23.3770871480887,56.7907397238438,-2.88325120401671,-31.845691931308,-2.08901229395169,10.815442162159
38.5223055901593,13.8181824335167,-3.54702903969404,65.4041781694301,23.2251342414839,57.0304902141348,-2.9184958630735,-31.8981638242827,-2.0891257977075,10.8976852761712
38.5116748924474,13.8616530527644,-3.43340758707502,65.515646123534,23.0841098744503,57.2473509917294,-2.96829490909188,-31.9550857922921,-2.08566470043949,10.9761839321161
38.4991526016612,13.9103683911768,-3.32256039058789,65.6378961671561,22.9611554886516,57.4380784852397,-3.03388682400756,-32.0153827638025,-2.07942280995797,11.0503913691658
38.483557004574,13.9652338707646,-3.21195795276196,65.7720932125145,22.8630125860768,57.5989672091195,-3.11474636052614,-32.077836670175,-2.0713732337953,11.1199553110374
38.4636521477455,14.0271365645895,-3.09884277227044,65.9197122186907,22.7952498620292,57.7264676346462,-3.20841002458628,-32.1412020222635,-2.06263041894736,11.1847045572631
38.4383714022082,14.0968810659305,-2.98051789447678,66.0823524029619,22.7615989623744,57.8178061039634,-3.31050575195111,-32.2042994483466,-2.05439594134216,11.2446181552883
38.4069932436198,14.175128979435,-2.85459587176876,66.2615816918241,22.7635352461333,57.8714716783952,-3.41508192192279,-32.2660765334589,-2.04788178731006,11.2997828587576
38.3692541532447,14.2623587359804,-2.71918523496259,66.4588303435465,22.8001791930893,57.8874779185805,-3.51526228657186,-32.3256342360776,-2.04421158505329,11.3503475403456
38.3253947146909,14.3588590316815,-2.57300591480325,66.6753335409364,22.8685059799396,57.8673712101776,-3.60414950838977,-32.3822250457277,-2.04431005819613,11.3964843135116
38.2761440534926,14.4647587368226,-2.41543640857755,66.9121099089428,22.9637729369283,57.8140204340635,-3.67581011362959,-32.4352330835978,-2.04880069643486,11.4383620295449
38.2226548777353,14.5800829501413,-2.24650338142827,67.1699595425526,23.0800424797779,57.731268398193,-3.72614516276159,-32.4841468950234,-2.05793715783683,11.4761308112126
38.1664060669915,14.7048154466918,-2.06682765782626,67.4494684455976,23.2107018204984,57.6235440507424,-3.75349320162313,-32.5285350357851,-2.07159255923332,11.5099120293856
38.1090908476273,14.8389464524468,-1.87753802562718,67.7510113784945,23.3489361348981,57.4955238273655,-3.75889182462377,-32.5680335765208,-2.08932211288797,11.5397899546557
38.0525058602929,14.9824916526353,-1.6801578925566,68.0747490529451,23.4881578290876,57.3518951662789,-3.74599664620023,-32.6023520764008,-2.11049938543371,11.5658073053248
37.9984521016526,15.1354800789423,-1.47646512761554,68.4206174336535,23.6224043297327,57.1972268096842,-3.72069996907145,-32.6312991889976,-2.13450713070125,11.5879714834488
37.9486560649456,15.2979197277668,-1.26832700863719,68.7883059175415,23.7466955244595,57.0359048593273,-3.69051403279255,-32.6548213708367,-2.16094504023502,11.6062764624179
37.9047193250834,15.4697562475227,-1.0575189910711,69.1772178497143,23.8573157923016,56.8720658489186,-3.66380165686672,-32.6730407027676,-2.18980554067549,11.6207372548103
37.8681047960593,15.6508407928485,-0.845542393472074,69.5864046277777,23.951976146866,56.7094587278811,-3.64895241602622,-32.6862746621881,-2.22157089449756,11.6314259768327
37.8401648009882,15.8409199966342,-0.633458443543304,70.0144679010601,24.0298217214912,56.5511998830213,-3.65360438693972,-32.6950252648523,-2.25720215049836,11.638497858848
37.8222095024897,16.0396565246724,-0.421756354281468,70.4594340035653,24.0912693130876,56.3994427173808,-3.68399459748893,-32.699936883428,-2.29801787008829,11.6422029131345
37.8156062996663,16.2466840525022,-0.210274130206362,70.9186170865513,24.1376839117757,56.2550475709717,-3.74449434805988,-32.7017358907109,-2.34548788563012,11.6428884103616
37.8218935807197,16.4616950791168,0.00180948376505116,71.3884974102499,24.170933555552,56.1173818504202,-3.8373615220985,-32.7011739561733,-2.40098575014297,11.6410026502236
37.8428865687091,16.6845528615473,0.215900749065882,71.8646454945186,24.1928947926342,55.9843790586559,-3.96272552382452,-32.6989958523538,-2.46554970023594,11.6371097460633
37.8807500373731,16.9154105279855,0.433839241296703,72.3417192049469,24.2050029131338,55.8529292413856,-4.11880599430653,-32.695942167734,-2.53969715221053,11.631919217237
37.9380147031769,17.1548133582598,0.657692951705608,72.8135483605035,24.2079382980319,55.7195754429579,-4.30234400550516,-32.6927814293267,-2.62332458818717,11.6263252063633
38.017522766203,17.403757426983,0.889538614615039,73.2733025685583,24.2015099721694,55.5813848263798,-4.50918853925057,-32.6903511053903,-2.71570539655839,11.6214417802589
38.1223021659142,17.6636821436268,1.13126964018741,73.7137194152558,24.184749524214,55.4367905465416,-4.73493950145282,-32.6895795174574,-2.81557625861949,11.6186174516036
38.2553845636166,17.9363864827228,1.3844672935638,74.1273588450132,24.1561797543785,55.2861912605271,-4.97552215328734,-32.6914651043324,-2.92128434216928,11.619415779491
38.4195939052362,18.2238763324126,1.65035577966241,74.5068484055951,24.114188236433,55.1321529771651,-5.22757594908702,-32.6970046591797,-3.03095927212779,11.6255575442741
38.6173372814993,18.5281681485138,1.92984247526072,74.845091344046,24.0574229888075,54.9791600837175,-5.488584417681,-32.7070816028549,-3.14267734930602,11.6388291979149
38.8078507279011,18.8384950779123,2.2695719348408,75.1769503663326,23.9313515181041,54.5571470478571,-5.70256641771681,-32.7060045871328,-3.27150333067832,11.6837557429387
39.076193381484,19.1793278737735,2.577945019733,75.4159037607173,23.8199603776297,54.3940127417167,-5.95901329529502,-32.7267627009167,-3.38212748362675,11.717109229253
39.3813985858936,19.5415409477426,2.90123358898972,75.5953367366455,23.7003791414461,54.255238835734,-6.23161143753211,-32.7535003788863,-3.48941774658288,11.7621334084785
39.7227717508438,19.9254285800481,3.2407781834016,75.7104528893861,23.5682870848258,54.139961948925,-6.50813644128346,-32.7850335631471,-3.59254775328842,11.8197267553543
40.099114555688,20.3309701909638,3.59778570046721,75.7569153871371,23.4255488951172,54.0506265028992,-6.78435634918846,-32.8204609059038,-3.69065288177565,11.8903322480734
40.5085496777485,20.7577631398675,3.9737382603049,75.7310776314598,23.2746224836265,53.987980965347,-7.05537627827974,-32.8586875635741,-3.78311911537339,11.9740082074497
40.9486125659562,21.2051271718227,4.37037175251723,75.6300357252544,23.1181163125871,53.9511485342035,-7.31531404666176,-32.8985309558774,-3.86958638626239,12.0704928553214
41.4163522893758,21.6722354022416,4.78958254093279,75.4517063627707,22.9586571422168,53.938172160156,-7.55774235137624,-32.938852220237,-3.94994329000197,12.1793126144887
41.9084501773837,22.1582351546549,5.23329776937552,75.1948960440291,22.7988139059979,53.9466615214779,-7.77630330074475,-32.9786760596958,-4.02431306454661,12.299902114293
42.4213586201635,22.6623427124039,5.70333704520556,74.8593344902367,22.641050676299,53.9743514349521,-7.96532724686896,-33.0172895673535,-4.09302122997015,12.4317094009778
42.9568646690174,23.1800477234488,6.22006313261563,74.4304098572938,22.4692222118099,54.0058828449651,-7.9856094062603,-33.0520214515915,-4.15928103387631,12.5759794716969
43.5010450188974,23.7182878791516,6.74867063054701,73.938778746773,22.3222438816877,54.0664839709523,-8.09425927924886,-33.0873732831958,-4.21826329349998,12.7287563657039
44.0554717856251,24.2732507199207,7.30754416060222,73.3726908026836,22.1846384671245,54.1428775278444,-8.16547756037857,-33.1215727988163,-4.27315172551871,12.8916955848467
44.6171017949261,24.8447806415697,7.89737728814188,72.7349661499133,22.0568699712571,54.2341197358646,-8.19764047267794,-33.1554102926935,-4.32448171040378,13.0646364120399
45.1831764213607,25.4329978861051,8.51871407604478,72.0289197796172,21.9399419701522,54.3396696703131,-8.19128730145268,-33.1900473311612,-4.37269767090648,13.2474590607735
45.751225655276,26.0382847441564,9.17202648013655,71.2582849958839,21.834439520272,54.4588737888045,-8.1475536583665,-33.2269227740941,-4.41816435559017,13.4400156230841
46.3189994947919,26.6613323663618,9.85780865162869,70.4271645590486,21.740555025604,54.5909021203072,-8.06786711536938,-33.2676295528404,-4.46116769528798,13.6420854130079
46.884365998732,27.3031822319656,10.5766370410705,69.5400109635211,21.6581416212622,54.7347612191166,-7.95374889563627,-33.3137426922762,-4.50190614521134,13.8533542612105
47.4451962758564,27.9652414686256,11.329184344806,68.601614912146,21.5867738660599,54.8893362399982,-7.80670728051746,-33.366608451793,-4.54046293364254,14.0734216464572
47.9992616656336,28.6492504655529,12.1161841024858,67.6170733753909,21.5258099672236,55.0534130826711,-7.62820366892888,-33.4271200913543,-4.57676093660321,14.3018305897293
48.5441730378557,29.3571847692194,12.9383516982471,66.5917075921234,21.4744575309127,55.2256523510595,-7.41965724843731,-33.4955177917637,-4.61051290260807,14.538108607443
49.0773941050068,30.0910818301925,13.7962749485338,65.5309102884834,21.4318443784392,55.4045262932635,-7.18244244925502,-33.5712558110891,-4.64118712320694,14.781803978565
49.5963554707855,30.8527974861753,14.6902950900261,64.4399189951057,21.3970915112692,55.5882592513806,-6.91783091109026,-33.6529775467152,-4.66801020928307,15.0325003313237
50.0986768278841,31.6437180055052,15.6204075498468,63.3235359310798,21.3693849731008,55.7748089460514,-6.62685092005347,-33.7386241645927,-4.69002161508279,15.2897980508145
50.5824685839424,32.464478263937,16.5862178284235,62.1858406301805,21.3480481408914,55.9618982443994,-6.31008306647131,-33.8256711785211,-4.70617836438038,15.5532662355077
51.0466441457025,33.314753637509,17.5869825533729,61.029959892266,21.3326183210024,56.1470817727043,-5.96745825812659,-33.911448405246,-4.71548912574102,15.8223871360342
51.4911560272951,34.1931873449928,18.6217429748124,59.8579568675255,21.3229255406357,56.327825259188,-5.59814448082703,-33.9934729468049,-4.71714548361662,16.0965217356972
51.9170878985387,35.0974827658018,19.6895250136172,58.6708725511075,21.3191601134617,56.5015823461215,-5.20059066685739,-34.0697270462618,-4.71062187661189,16.3749135036299
52.3265781681935,36.0246456029873,20.7895552773911,57.4689127865966,21.3219072199696,56.6658574456102,-4.77274965756689,-34.1388374009824,-4.69573053649407,16.6567266239535
52.722593002882,36.9713228134575,21.9214398058058,56.2517429898472,21.3321273679227,56.8182367521724,-4.31244759728774,-34.2001430752149,-4.67263423257187,16.9411002513134
53.1085926253085,37.9341653196603,23.0852684347283,55.0188405235068,21.3510705863556,56.9563654812494,-3.81782458461658,-34.2536638593127,-4.64183054367779,17.227198636152
53.488144277073,38.9101425070941,24.2816286861424,53.7698561854673,21.3801242632586,57.0778688864833,-3.28775669947323,-34.2999962234392,-4.60412417731454,17.5142455075635
53.8645338009582,39.8967566800957,25.5115282561236,52.504943576956,21.4206063777889,57.1802608900583,-2.72218764119907,-34.340169079193,-4.56059837347586,17.8015430489147
54.240419289945,40.892137910791,26.7762338281643,51.2250251426193,21.4735288623587,57.2609284691761,-2.1223370037432,-34.3754868884875,-4.51258522579379,18.0884848872167
54.6175572582641,41.8950308262532,28.0770414940664,49.9319771147225,21.5393706171172,57.3172792537605,-1.49078766327524,-34.4073773746186,-4.46162460191574,18.3745747319834
54.9966185306407,42.9047019141635,29.415003532316,48.6287298224997,21.6179113215403,57.3470770583213,-0.83147005330216,-34.4372522700555,-4.40939990593712,18.6594563648326
55.3771024919541,43.9207960529279,30.7906452115388,47.3192869507439,21.7081763598274,57.3488974777696,-0.149558117756317,-34.4663870005619,-4.35764779074573,18.9429490439617
55.757355070155,44.9431632179545,32.2037096567519,46.0086629170144,21.8085236205661,57.322570666289,0.548716367206828,-34.4958273650165,-4.30805140421348,19.2250713605393
56.1346927660047,45.9716719963112,33.6529667398319,44.702728497321,21.9168688490114,57.2694756419804,1.2563268101114,-34.5263323723209,-4.26213408101097,19.5060328144726
56.5056271206659,47.0060292594786,35.1361134414634,43.4079539622983,22.0310099243826,57.1926011730768,1.96578325139923,-34.5583588000565,-4.221169340405,19.7861782060982
56.8661711179612,48.0456306095369,36.6497791806959,42.1310526017544,22.1489837980877,57.0963601642803,2.66951569962823,-34.592086076447,-4.18611668785803,20.0658826745685
57.2121953066651,49.0894672844724,38.1896325146045,40.8785504576953,22.2693812909336,56.9862093055688,3.36028210580813,-34.6274732533873,-4.15758603115216,20.3454100221585
57.5397913755908,50.1361077941469,39.7505689970198,39.6563295006627,22.391558328427,56.8681687323738,4.03155743077644,-34.664334895938,-4.13582953417188,20.6247596614899
57.8455966502214,51.1837563206218,41.3269472015291,38.4692037518171,22.5157119042705,56.7483508146828,4.6778448079995,-34.702419382815,-4.12075844472436,20.9035349326787
58.1270356991133,52.2303687405112,42.9128331916476,37.3205893761165,22.6428211810929,56.6325901341258,5.29485109489403,-34.7414721467145,-4.11198250394487,21.1808646319719
58.3824470860844,53.2737887753907,44.5022150463351,36.2123209484607,22.7744774371619,56.5262224876209,5.87949779402395,-34.7812702280584,-4.10886982298518,21.4553987735233
58.6110846869427,54.3118598318831,46.089159818646,35.144646579076,22.9126399228297,56.4340042496511,6.4297869094447,-34.8216233668788,-4.11062459681805,21.7253817273107
58.8130090322441,55.3424769687153,47.6679045778928,34.1164053737871,23.0593618892683,56.3601143167876,6.94458749464914,-34.8623471331633,-4.11637823516291,21.9887879318131
58.988906494163,56.363565873949,49.2328973464454,33.1253563020978,23.2165325727,56.3081527863323,7.42343151220195,-34.9032217155305,-4.12528695759649,22.2434938277075
59.1398855973649,57.3730039164665,50.7788264093143,32.1685963591718,23.3856746566457,56.2810499130385,7.86639870014924,-34.9439545745025,-4.1366267580686,22.4874568485411
59.2672965019197,58.3685213780717,52.3006872692243,31.2429890936048,23.5678230064735,56.2808307436467,8.27413329363702,-34.9841649148762,-4.14987588365603,22.7188771775507
59.3726022250397,59.3476288355529,53.7939235762209,30.3455312327998,23.7634911608981,56.3082437275614,8.64798404540337,-35.0234009190924,-4.16477573355854,22.9363280398052
59.4499443886244,60.29470414398,55.1656549990782,29.5072628236546,23.9227745598529,56.4240191216481,8.81013470656093,-35.0651401444983,-4.17942089131275,23.1362774523713
59.5148775055939,61.2305989958275,56.5810636780165,28.6623235735517,24.1331785199517,56.507317846198,9.11542590753466,-35.1011595537006,-4.19805072340146,23.3237579256428
59.5633351095394,62.1427717523325,57.9665192407465,27.8361165066281,24.363242736674,56.6034670879802,9.40945792092809,-35.1347932572831,-4.21933080164626,23.4959199292391
59.5955952749586,63.0272327220435,59.3138579622947,27.0310406725493,24.6053418370848,56.7108710411665,9.68578124803008,-35.1659978785553,-4.243914837279,23.6535864260811
59.6127591171217,63.8811317389377,60.6217810687053,26.2474202234916,24.8571893951045,56.8217724947723,9.94940520174747,-35.1947092133586,-4.27256068759551,23.798045009079
59.6158280405042,64.7019421846306,61.8897186958151,25.4860223673758,25.1167682633518,56.9274009845764,10.2064380404152,-35.2209448685363,-4.30591269063402,23.93104343111
59.6055708619606,65.487325855262,63.116636659296,24.7483404524703,25.3816792829443,57.0193105976842,10.4625870863653,-35.2447404909039,-4.34434085368674,24.0546799621088
59.5825329737618,66.2350223233888,64.3004564952517,24.0366071016713,25.6491028018842,57.0902385673248,10.7225168372035,-35.2660758455042,-4.38780353036623,24.1712375449554
59.547109025355,66.9427195351525,65.437762056682,23.3537412785449,25.9158940681602,57.1347025122218,10.9894662022071,-35.2848223389932,-4.43575820798949,24.2829910966991
59.499646412586,67.6079301126093,66.5237733257768,22.7032618311514,26.1787309942119,57.1493403178007,11.2650854469743,-35.3007305287733,-4.48714057050872,24.392011854118
59.440539891147,68.227896633881,67.5525024477775,22.0891894082247,26.4342600357546,57.1330511151943,11.5494312673999,-35.3134623576883,-4.54042142272282,24.4999917888297
59.3702838715729,68.7995441317946,68.5169685612727,21.5159454873014,26.679198811715,57.0870176107224,11.8410310557633,-35.3226592095092,-4.59373866608645,24.6081065241116
59.289470853738,69.3195009932601,69.4093987177026,20.9882302112199,26.9103873830101,57.0146445121065,12.1369631456402,-35.3280272981872,-4.64508860180257,24.7169283949248
59.1987497139722,69.7842156017952,70.2214490637383,20.51083675431,27.1248176917797,56.9213700656682,12.4329732834994,-35.3294178715787,-4.69254894546403,24.8263951881404
59.0987730609355,70.1901936594698,70.9445667292651,20.0883585421416,27.3196908543576,56.8142601199779,12.7237002096725,-35.3268814617371,-4.73449784735321,24.9358360685511
58.9901631534952,70.5343617084146,71.5706142020524,19.7247736670821,27.4925463869411,56.7013201915396,13.003073901192,-35.3206823177682,-4.76979181510535,25.0440528131169
58.8735148821877,70.8145276416613,72.0927848791715,19.4229381574179,27.6414796300649,56.5905521602496,13.2648898732919,-35.3112689466028,-4.79787166090957,25.1494489294376
58.7494403704252,71.0298702002061,72.5066969509375,19.1840662351267,27.7654196481121,56.4888875617878,13.5034985181763,-35.299206494853,-4.81877834126789,25.2501912843183
58.6186488565371,71.1813622647495,72.8114337128603,19.0073016702386,27.86439286604,56.4011994590608,13.7145104626238,-35.2850856079027,-4.83307841350695,25.3443824429817
58.4820486495573,71.272030899834,73.0102619169407,18.8894786770171,27.9396742594834,56.3296085732082,13.8954033524275,-35.2694303585515,-4.84171899210723,25.4302213892488
58.3408528805994,71.3069851244996,73.1108263844535,18.8251352484704,27.9937506965886,56.2732526474097,14.0459162619181,-35.2526314899515,-4.84584794869949,25.5061362571533
58.1966660999882,71.2931914670187,73.1247591925758,18.8067896108686,28.0300839374364,56.2285828965122,14.1681494809128,-35.234925205968,-4.84663930820812,25.5708822464493
58.1328479550476,71.3321192306767,73.3775414488784,18.6493425760488,28.3458913633831,56.3429322448294,14.3512924799085,-35.2112591501372,-4.8403798393113,25.5927454460033
57.9977140917001,71.2412651871869,73.2094481082858,18.7056414190189,28.258525072868,56.3112235789083,14.3866769357176,-35.1944196853125,-4.83666959602362,25.6281185103415
57.8605372331517,71.1387918950768,73.0827160809266,18.7591275509418,28.303958892357,56.2546255624292,14.4703010703368,-35.1744192254332,-4.83294795378195,25.65654375474
57.7258696874178,71.0137577618055,72.8940995597804,18.8357227296335,28.2944692975998,56.1937921836581,14.5253351762262,-35.1534608729384,-4.82927802887952,25.673866935716
57.6001949793214,70.8850181089376,72.7086229599452,18.9093563261264,28.3065883813892,56.1185024647419,14.586299657782,-35.132123259986,-4.82539672564781,25.6808518963088
57.4859084264705,70.7569593594561,72.525694423561,18.9773337082395,28.3166543273389,56.02779919197,14.6540404374001,-35.110886382038,-4.82123459144694,25.678548301561
57.3855396782998,70.6365905636783,72.3633714471039,19.0317358643452,28.335780340614,55.9187067495355,14.7391634993902,-35.0902647157885,-4.8165071187891,25.6687249178064
57.3005499678356,70.5279609544161,72.2295918886504,19.0689403067082,28.3625079581456,55.791176173729,14.8467237027493,-35.0707621753408,-4.81081537725689,25.6534447038008
57.2316074553935,70.4341525782515,72.1318458186851,19.0863184364825,28.399479839085,55.6465296341632,14.9803889143961,-35.0528261165384,-4.80363974090345,25.6350522669678
57.1783570230379,70.3566960965376,72.0734149130536,19.0833532389303,28.4472486465888,55.4881422128025,15.1401763088708,-35.0367955805183,-4.79438281383759,25.616012898858
57.1394766193748,70.2959625970721,72.0545195242868,19.0610793207763,28.5060539012259,55.3212308557554,15.3227706040504,-35.0228784191515,-4.78240765669573,25.5987659406674
57.1127711343884,70.2512842624783,72.072142626897,19.0219625390858,28.5748761341218,55.1527126179278,15.5214668839148,-35.0111540943385,-4.7670921195946,25.5855467981942
57.0953921109551,70.2212172529525,72.120812330977,18.969495657946,28.6516271158586,54.9906543371922,15.7268689879869,-35.0015973356335,-4.74789279375985,25.578219243484
57.0841247850006,70.2037764081836,72.1935078862267,18.9078108635352,28.7331452231861,54.8434736638697,15.9278850116804,-34.9941109864109,-4.72441524943152,25.5781355246769
57.0757130181421,70.1966782009517,72.2828095437813,18.8412713246848,28.8154310217811,54.7189854855068,16.1129781134779,-34.9885586673715,-4.69648098763296,25.5860454736393
57.067170575143,70.1975590801443,72.3819891613007,18.7741273798644,28.8939179551861,54.6235224216417,16.2714040293125,-34.9847913490672,-4.66418209106146,25.6020621933341
57.0560373865203,70.2041617010367,72.4858767151446,18.7102673699058,28.9638064174153,54.5613166307108,16.3942615846107,-34.9826650312835,-4.62791635758146,25.6256824533091
57.0405502370367,70.2144721023095,72.5913475271397,18.6530876742205,29.0204219157392,54.5342486357593,16.4752337729018,-34.9820477324739,-4.5883990852652,25.6558520296371
57.0197144178381,70.2267977664937,72.6973718020015,18.6054758613065,29.0595904859518,54.5419445717772,16.5109898399033,-34.9828142589521,-4.54665029580041,25.6910631396542
56.9932788864123,70.2397861904819,72.8046458511442,18.5698775410983,29.0780123840726,54.5821011497185,16.5012826717712,-34.9848285038455,-4.50395722310473,25.7294716012055
56.9616314545634,70.2523989334786,72.9148972385478,18.548398127617,29.0736066860059,54.6508741050417,16.448807589779,-34.9879162725414,-4.46181162584232,25.7690241495156
56.9256406087502,70.2638678360948,73.0300071517376,18.5428850628949,29.0457783425784,54.7431989501078,16.35888059622,-34.9918360308915,-4.42182140805093,25.8075897420799
56.8864755508135,70.2736623651081,73.1511244547605,18.5549459675152,28.9955435733067,54.8529994705987,16.2389673918617,-34.9962581948119,-4.38559778369846,25.8430915116682
56.8454348253305,70.2814875274371,73.2779520478004,18.5858814008524,28.9254574672453,54.9733330246144,16.0980767664984,-35.0007630818198,-4.35462391938987,25.8736374042782
56.8038067443971,70.2873133915551,73.4083597835807,18.6365396480707,28.839331164339,55.0965808767032,15.9460390510051,-35.0048626648382,-4.3301181137631,25.8976465485325
56.7627740965211,70.2914157616808,73.5384116117502,18.7071272913655,28.7417857267383,55.2147935163959,15.7927190398825,-35.0080438979417,-4.31291096955181,25.9139644198129
56.7233651200918,70.2943910635319,73.6627945743493,18.797028333849,28.6377269856235,55.3202397988379,15.6472464752168,-35.0098253215069,-4.30335738294631,25.9219539728442
56.6864452568831,70.2971063139155,73.7755347714503,18.9046926480809,28.5318232969294,55.4061062937721,15.5173609878484,-35.0098164092892,-4.30129871879675,25.9215457963443
56.6527398524304,70.3005626605618,73.8708214366243,19.0276468109088,28.4280493107253,55.4672017131128,15.4089455734061,-35.00777023395,-4.30608093375236,25.9132320876595
56.6228748618055,70.3056836467598,73.9437546870678,19.1626546858855,28.3293493440783,55.5004951675109,15.3257727977807,-35.0036222094378,-4.31662563096325,25.8979978034742
56.5974195654669,70.313072552843,73.9908735857323,19.3060163632036,28.2374649481373,55.5053704297003,15.2694391835544,-34.9975097153733,-4.33154581645493,25.8771949442146
56.5769139036165,70.3228017382479,74.01038769914,19.4539530008491,28.1529414334837,55.4835734674144,15.2394389565822,-34.9897699504732,-4.34929500512653,25.85237839021
56.5618667895022,70.3342938214035,74.0021152650201,19.6029946126163,28.0752858327035,55.4389080852797,15.233337257948,-34.9809165489795,-4.36833460838795,25.8251301605004
56.552721824078,70.3463322987066,73.9672098075035,19.7502811944646,28.0032260259429,55.3767594677655,15.2470366313899,-34.9715983007109,-4.38729968840974,25.7969005618673
56.5497993389257,70.3572063899482,73.907805124578,19.8937120085369,27.9350313939654,55.3035092700042,15.2751596683182,-34.9625454048927,-4.40513913986968,25.768888607855
56.5532327298619,70.3649618384999,73.8267000616828,20.0319252760048,27.8688763131177,55.2258877564654,15.3115617199977,-34.9545100836159,-4.42120704266424,25.7419723093855
56.5629192262864,70.3677052477823,73.727145304548,20.1641392807537,27.8032260361462,55.1503144724793,15.3499375452375,-34.9482079568354,-4.43529049801106,25.7166864967791
56.5785005032754,70.3639007701593,73.6127225849785,20.289915329822,27.7371961260798,55.0823013206262,15.3844305860399,-34.9442638553353,-4.44757352637812,25.6932371311331
56.5993786466302,70.3526061993447,73.4872628251941,20.4089066250108,27.6708110782227,55.0260026401889,15.4101361855517,-34.9431627578932,-4.45854984470102,25.6715399488071
56.6247612528049,70.3336160865311,73.3547493533717,20.5206423185942,27.605095119161,54.9839758683465,15.4234231489127,-34.9452058448327,-4.46890496021836,25.6512764454079
56.6537208209842,70.3075036935924,73.2191819220962,20.6243749195183,27.5419684319472,54.9571681643529,15.422057778669,-34.9504737953217,-4.47939026000847,25.6319661601592
56.6852524379054,70.2755733534277,73.0844112340715,20.7190002685896,27.4839693150293,54.9450916036794,15.4051660211744,-34.9588028324868,-4.4907102529875,25.6130553382503
56.7183205156409,70.2397462561931,72.9539737623088,20.803045480923,27.4338540916528,54.9461136867108,15.3730941498561,-34.9697813436497,-4.50343942780108,25.5940167463706
56.7518956039726,70.2024058920548,72.8309585169134,20.8747120142927,27.3941383294531,54.9577798550093,15.3272285119262,-34.9827746073158,-4.5179781029484,25.5744471821895
56.7849896587313,70.1662257414988,72.717925685775,20.9319588548814,27.3666424096115,54.9770989293219,15.2698197032747,-34.9969818190873,-4.53454905838987,25.5541440241757
56.8166983741528,70.133993050877,72.6168785807513,20.9726146621757,27.3520973294329,55.000754688033,15.2038328214269,-35.0115236755771,-4.55323071266083,25.53314417537
56.8462524347385,70.1084320582437,72.5292710491964,20.9945154851428,27.3498557558581,55.0252482976528,15.1328169608314,-35.0255517412701,-4.57401906016099,25.5117176657803
56.8730698733498,70.0920229336386,72.4560184514243,20.9956718543396,27.3577424175168,55.047015312223,15.0607594433214,-35.0383651157789,-4.59690888712104,25.4903200316886
56.8967946988389,70.0868127753189,72.3974777950839,20.9744704640319,27.3720683883903,55.0625841493269,14.9918737932952,-35.0495174008931,-4.62198351124194,25.4695175391858
56.9173063945305,70.0942220346846,72.3533755858794,20.9299084822808,27.3878219749181,55.0688389286455,14.9302772438025,-35.0588976452518,-4.64950034023843,25.4499041475916
56.9346908681523,70.1148599429451,72.3226884002983,20.8618445014966,27.3990308502517,55.0634143158414,14.879549013117,-35.0667717809407,-4.67995725890774,25.4320282047546
56.9491732369224,70.1483715052609,72.3035132513849,20.7712345490532,27.3992685077568,55.0451915323935,14.842215535217,-35.0737755478918,-4.71412405976961,25.416341653629
56.9610232126578,70.1933442658048,72.2929925252111,20.6603099959628,27.3822627460377,55.0148027605351,14.8192595802949,-35.0808561579253,-4.75302552005885,25.4031772639584
56.9704518208454,70.2473048766512,72.2873710791327,20.5326509190106,27.342561599023,54.9750097033889,14.8097712006349,-35.0891675279293,-4.79786851678679,25.3927522281929
56.9775210121589,70.3068319824164,72.2822503701592,20.3931166710633,27.2762157256718,54.9308173739795,14.810839880966,-35.0999313744859,-4.84991390562773,25.3851910009628
56.9820841645916,70.3678003384864,72.2730612158192,20.2476158526989,27.1814286204085,54.8892184704489,14.8177406534528,-35.1142823714084,-4.9103035618225,25.3805573802505
56.9837671295573,70.425750518256,72.2557106919193,20.1027268466143,27.059097707791,54.8585280344827,14.8244127458106,-35.1331190066337,-4.97986232947201,25.3788852754986
56.9819899726266,70.4763521799944,72.2272900125651,19.9652097935853,26.9131317601177,54.847349292094,14.8241821988594,-35.1569820638508,-5.05890172796554,25.3801982152958
56.9760218678177,70.5159032791378,72.1866831183358,19.8414732592512,26.750409736893,54.8632957440914,14.8106450492671,-35.1859792632644,-5.14705573967906,25.3845088756515
56.9650565405774,70.5417904903457,72.134907871776,19.7370696429547,26.5802684328293,54.9116674211316,14.7786037310354,-35.2197675061141,-5.24317822513139,25.391793135874
56.9482931686706,70.5528331240674,72.0750602995058,19.6562928308817,26.4134828028668,54.9943257040853,14.7249309646926,-35.2575943933758,-5.34532600244714,25.4019401407868
56.9250083019524,70.5494453199418,72.0118128614424,19.6019418712012,26.2608246864272,55.1090151372189,14.649219696249,-35.2983903062272,-5.45084094752103,25.4146895964148
56.8946087766608,70.5335766775196,71.950524040767,19.5752963675954,26.1314223778424,55.2493285030266,14.5540728519309,-35.3408939619171,-5.55652943399719,25.429575642985
56.856663288363,70.5084255786466,71.8961227111633,19.5763204985683,26.0312494496795,55.4054015885334,14.4449120197084,-35.3837898669773,-5.65892069736308,25.4458981837162
56.8109192063239,70.4779570153088,71.8520061808677,19.6040718141464,25.9620983277176,55.5652753014847,14.3292567405927,-35.4258355288361,-5.75457092746656,25.4627358713807
56.7573175283947,70.4462907312383,71.8192076644307,19.6572456252946,25.9213127930388,55.7167104110832,14.2155435706409,-35.4659590241607,-5.84037096623171,25.4790030242899
56.696017896605,70.417048872459,71.7960333361202,19.734751941164,25.9023768323498,55.8491238648244,14.1116867321313,-35.5033139474216,-5.91381529189078,25.4935409149357
56.6274355044161,70.3927607246379,71.7782513723479,19.8362144076152,25.8962413469328,55.9552690481864,14.0236806308738,-35.5372890879154,-5.97319859121973,25.5052262821368
56.5522770137676,70.374414170803,71.7597686729514,19.9623030755978,25.8930860455429,56.0323263537833,13.9545588523969,-35.5674817942981,-6.01772069405242,25.5130772668175
56.4715519465203,70.3612204859998,71.7335994934501,20.1148553746228,25.8841172302524,56.0822030253117,13.9039303951212,-35.5936519136465,-6.04749629830405,25.5163376751591
56.3865358547713,70.3506245204738,71.6928544829404,20.2967865628647,25.8630164980936,56.1110281335032,13.8681387736944,-35.6156740152183,-6.0634785626099,25.5145236834736
56.2986720397373,70.3385513989857,71.6314823471746,20.5118296384059,25.8267645902037,56.1280091126309,13.8409093690213,-35.6335002323381,-6.06731346546912,25.5074235957309
56.1962544620921,70.3039070564899,71.5144809623028,20.7744739369084,25.8550471247713,56.2324331188032,13.6689388412535,-35.6414255676117,-6.06040259438252,25.4895493779021
56.1060948833011,70.2725166867666,71.3994004949539,21.0694412646285,25.8206769598027,56.2803491071962,13.602756117915,-35.6519682064441,-6.04543373484116,25.4720912856233
56.0177223543861,70.2236245003022,71.253200208654,21.4086130832811,25.7776235104837,56.3463299939245,13.5222862224435,-35.6588039820077,-6.02590585461964,25.45001544409
55.9303419572119,70.1511440129174,71.0703545328621,21.7965242700691,25.7358511249422,56.4427766093547,13.4125253014372,-35.6617428518516,-6.00409278544228,25.4234837189266
55.8436828676546,70.0509125378071,70.8467157248704,22.2354725033273,25.6987918332321,56.5728789427935,13.2678706251612,-35.6609252598826,-5.98193437287842,25.3924519056619
55.7570801984013,69.9201154453596,70.5777996225362,22.7264460204901,25.6676482129186,56.7354487985331,13.085638208611,-35.6565572086474,-5.96088022932323,25.3566116787042
55.6694444370712,69.7572352381507,70.2587204752689,23.2692643715619,25.6418428891652,56.925999758145,12.8651255852874,-35.6488740679164,-5.94184391505047,25.3154053721897
55.5793908942399,69.5619374411203,69.8845507803842,23.8627032436925,25.6193202954469,57.1375469901664,12.6072592605592,-35.6381209322005,-5.92522638155844,25.2680611420659
55.4854089524068,69.3348641624691,69.4508307345921,24.5046825502665,25.5970368899467,57.3615425059706,12.3142345891079,-35.6245369281662,-5.91099401793375,25.2136603834261
55.3860264335505,69.0773684699894,68.9540531427824,25.1925047497052,25.571542850315,57.5889088656131,11.9890857311432,-35.6083435982364,-5.89879386967604,25.1512306416051
55.2799459246903,68.7912304854306,68.3920147647771,25.9231082892272,25.5395256427287,57.8110558983423,11.6352152020767,-35.5897370798812,-5.88808788153578,25.079850830969
55.1661460180659,68.4783932067321,67.763996709643,26.6932931454051,25.4982294883286,58.0207515267912,11.2559459796709,-35.5688831349136,-5.87828987346798,24.9987532221345
55.043950749409,68.1407473582088,67.0707884476741,27.4998803170745,25.4457145221906,58.2127324052332,10.8541735764213,-35.5459141596209,-5.86889115800884,24.907407021046
54.9130718794526,67.7799809735749,66.3145888843803,28.339786258509,25.380952076777,58.3839805432513,10.432184015226,-35.5209276046569,-5.85956265285128,24.8055722578249
54.773623009434,67.3974944727188,65.4988145420897,29.2100205531494,25.3037725430766,58.5336537225667,9.99166046478921,-35.4939852992458,-5.85022381591229,24.693319991831
54.6260980303784,66.994371033832,64.6278387494881,30.1076387833613,25.2147024610319,58.6627279857163,9.53383539980666,-35.465113405774,-5.8410724795467,24.5710231792092
54.471305279404,66.5713881940548,63.7066859712045,31.0296928729811,25.1147465588717,58.7734723527185,9.0596810984408,-35.4343039173361,-5.83257461233675,24.4393280466157
54.310256089471,66.12905869936,62.7407091622763,31.9732155225688,25.0051741211155,58.8689071898039,8.57000409792144,-35.4015204888969,-5.82541850294974,24.2991153628505
54.1440208214237,65.6676925041686,61.7352809708279,32.9352570334856,24.8873499535333,58.9523774927783,8.06534956416956,-35.3667119676823,-5.82044295258924,24.1514550122405
53.9735809507489,65.1874729490618,60.6955304330425,33.9129686746008,24.7626196959398,59.0273022499813,7.54572552209013,-35.3298344067001,-5.81855265129877,23.9975502255315
53.7886966864637,64.6784085572883,59.5348360936785,34.9414994649415,24.5441618021567,59.1540857238565,6.83423310687357,-35.294612932277,-5.81864143662513,23.8370270731971
53.6217030272967,64.1700403167266,58.5233182643391,35.9088501168768,24.4868600643613,59.1693000782926,6.44311989270196,-35.2500844569995,-5.82740967761996,23.6760928967455
53.4320379296729,63.626172749621,57.3233462147021,36.9537978810719,24.272883991692,59.2889699211073,5.69125727266815,-35.2110780075563,-5.83772341332754,23.5089798701328
53.2605229976789,63.0804420173288,56.2718901342811,37.9357421583876,24.2078363754687,59.3127462800382,5.27040667587431,-35.1626184756533,-5.8578898178506,23.3438025328375
53.06560139988,62.5016643807896,55.0377075041708,38.9939089168424,23.9926943342472,59.4421193281885,4.44991622527276,-35.1206887733445,-5.88034996442805,23.1737421741222
52.8908101712087,61.9194349136968,53.9576712278082,39.9839105283689,23.9228007745361,59.4869913658348,3.98573716452089,-35.0696353700814,-5.9131142729076,23.006384969446
52.692541093398,61.3062955135315,52.7005568206957,41.0492113056455,23.7124901710863,59.6366552959007,3.08293461952515,-35.0262250202514,-5.94823568002466,22.8342541130184
52.5061502180749,60.6818129483672,51.5204141758579,42.0777075183549,23.5804626882298,59.7567774314136,2.34791155589989,-34.9788506270374,-5.99151356212469,22.6623078145966
52.3218435089635,60.038354188078,50.3331187085973,43.1053126869185,23.4499643459237,59.89331758098,1.57744305491542,-34.9322367908243,-6.0408388949715,22.4877678116831
52.1418365181668,59.3751139408362,49.1419032549623,44.1292421757534,23.3277281988086,60.0492123932452,0.773276953144651,-34.8872578698781,-6.0961185877181,22.3096603322073
51.9681748521836,58.6909717525615,47.9478047014231,45.1476124712975,23.2161603151451,60.2259835960461,-0.0632691011487628,-34.8448003910423,-6.15740624403278,22.126881075787
51.8025976015721,57.9849422561674,46.7513129119467,46.1588944341068,23.1173647389713,60.4242140957259,-0.930592613923472,-34.8057668336943,-6.22490417324077,21.9384051937392
51.6462059459284,57.2564891313412,45.5524829925703,47.162163546825,23.032824350238,60.6429883126514,-1.82700329396414,-34.7710235441523,-6.2989115192632,21.7434526676234
51.4992083687017,56.5058477289991,44.3512603713496,48.1572417618067,22.9632655530219,60.8792782760217,-2.75051569974865,-34.7413412375614,-6.37972068132231,21.5416427462064
51.3607829660157,55.7342866740754,43.1479035854691,49.1447200537484,22.9086398519199,61.1274965517472,-3.69836951924679,-34.7173342968995,-6.46748524906979,21.3331136104929
51.229087958042,54.9442565826761,41.943409842748,50.1258475761274,22.8681970351155,61.3794264656734,-4.66637122009961,-34.6994092376552,-6.56208544348174,21.1185834015058
51.1014195099454,54.1393980786603,40.7398349648539,51.1023074232327,22.8406098433182,61.6246944470839,-5.64824655257969,-34.6877337977377,-6.66301321626384,20.899338737266
50.9744836196704,53.3244081063736,39.5404164001419,52.0759276743527,22.8241230158412,61.8518189064986,-6.63525887597244,-34.682232703594,-6.7692947573044,20.6771511769058
50.8447275552983,52.5047855939141,38.3494524335008,53.0483895450035,22.8167189945985,62.0496736339923,-7.6163299938369,-34.6826072178443,-6.87946442577178,20.4541343590256
50.7086721994538,51.6864922608973,37.1719517146785,54.0209884008758,22.8163014481261,62.2090166313084,-8.57877405773454,-34.6883698372998,-6.9915978320145,20.2325610594895
50.5631985189991,50.8755719932259,36.0131270593785,54.9944824049065,22.8208893741882,62.3236621407816,-9.50955372324215,-34.698887019802,-7.1034011383816,20.0146608552317
50.4057627274277,50.0777715433582,34.8778460596046,55.9690357887375,22.8287913999318,62.3909797413299,-10.3967669087793,-34.7134285427622,-7.21234300265242,19.8024180973136
50.2345356399266,49.2981943608494,33.770154626171,56.9442387220871,22.8387073066609,62.411652726112,-11.2309601847738,-34.7312243592512,-7.31581122973413,19.5973887426051
50.0484726575579,48.5410014014536,32.6929590801971,57.9191731818392,22.8497071694694,62.3888871536751,-12.0059032316108,-34.7515242940312,-7.4112786292979,19.4005544802347
49.847319360867,47.8091585228956,31.6479025583003,58.8924979662011,22.8610791904725,62.3274019341358,-12.7186420052553,-34.7736473826719,-7.49646635380708,19.2122328328844
49.6315516992704,47.1042294761689,30.6354211377733,59.8625391867298,22.872093951998,62.2325124350602,-13.3688940981691,-34.7970058122869,-7.56949361486728,19.0320594212106
49.402249992515,46.4262259123168,29.6549279030611,60.8273837935828,22.8817707322414,62.1095001469214,-13.958052844738,-34.8210975996613,-7.62900117163256,18.8590502881376
49.1609152939315,45.7735409031863,28.7050557506999,61.7849778923089,22.8887350540583,61.9633134952336,-14.4881613037233,-34.845476591385,-7.67423619175565,18.6917388298672
48.909248816163,45.1429993018181,27.7838937817106,62.7332308366074,22.8912326820159,61.7985211869028,-14.9611899709338,-34.8697179718581,-7.70508963135015,18.5283681751421
48.6489228662887,44.5300517707629,26.8891746248671,63.6701220813868,22.8873253484383,61.6193728635228,-15.3788204894946,-34.8933967897971,-7.72208267374391,18.3671103671481
48.3813730077445,43.9291200750372,26.0184017665041,64.5938004801794,22.8752439446445,61.4298310906562,-15.742741829127,-34.9160886658656,-7.72630413698879,18.2062797818152
48.107637388108,43.3340736388103,25.1689345966481,65.5026581815016,22.8538223754176,61.2335118890027,-16.0552709704646,-34.9373925529725,-7.71930557475035,18.0445096506528
47.8282615082393,42.7387890902147,24.3380654820515,66.3953600242745,22.8228957998222,61.0335599828106,-16.3199929638659,-34.9569700030802,-7.70296477076804,17.880868202949
47.5432759127117,42.1377248345898,23.5231243433314,67.270818067619,22.783542723521,60.8325320361633,-16.5421256219612,-34.9745938973246,-7.67933049734671,17.7149048667168
47.2522426485259,41.5264380443246,22.7216316581105,68.1281166179288,22.7380899207628,60.6323425258168,-16.7284459220674,-34.9901991560045,-7.65046154335001,17.546633169344
46.9543574220485,40.9019819855409,21.9314936115783,68.9664086054425,22.6898649595121,60.4342741646758,-16.8868037372896,-35.003926512685,-7.61827248325914,17.3764692100096
46.6485904412538,40.2631420242612,21.1512030579556,69.7848128420541,22.6427434005295,60.2390243692027,-17.0254017581907,-35.0161486884327,-7.58439843833322,17.2051489388997
46.3338494940721,39.6104924036496,20.3799921787784,70.5823404982141,22.6005771181239,60.0467708639649,-17.1520699150645,-35.0274687653626,-7.55009016926832,17.0336440576129
46.0091515429141,38.9462787981477,19.6178889322777,71.3578684768161,22.566604459919,59.8572586317622,-17.2737025076278,-35.0386851505081,-7.51614749060659,16.863088333514
45.6737914467868,38.2741524151582,18.865658642114,72.1101604919186,22.5429389365315,59.6699049045248,-17.3959134950896,-35.0507257377961,-7.48289306927943,16.6947178183332
45.3274964545557,37.5987991457849,18.1246493902602,72.8379204278759,22.530216847907,59.4839061688334,-17.5228782034766,-35.064562860207,-7.45018277424613,16.5298226736552
44.9705522246165,36.9255188829577,17.396585921102,73.5398558198899,22.5274578188787,59.2983417020905,-17.6573088080413,-35.0811263506795,-7.41744675423292,16.3697054196654
44.6038822788234,36.2598109921389,16.6833615138081,74.2147357584531,22.5321570758413,59.1122916538378,-17.8005323902663,-35.1012311722131,-7.38375857544847,16.2156398480564
44.2290623777319,35.6070102863636,15.9868645078272,74.8614402372915,22.5405888701185,58.9249921329963,-17.9526540238635,-35.1255282804417,-7.34793431711043,16.0688263009153
43.8482576422318,34.9719976576159,15.308856401739,75.4790052167345,22.5482655728405,58.7360299759704,-18.1127768230499,-35.1544762037531,-7.30866400688625,15.9303423638409
43.4640826043975,34.3589880267752,14.6509010368819,76.0666651586857,22.5504779725512,58.5455555569562,-18.2792393283805,-35.1883223343993,-7.26467236320394,15.8010922770059
43.0793991567167,33.771382684693,14.0143339660026,76.6238888517113,22.5428439421864,58.3544763665485,-18.4498385692662,-35.2270824247824,-7.21489716344253,15.6817613661484
42.6970805020418,33.2116688174836,13.4002571908918,77.1504027559987,22.5218063325277,58.1645860594704,-18.6220288861253,-35.2705146264791,-7.15866514879208,15.5727817932679
42.3197763713421,32.6813569792527,12.8095448258266,77.6461999554206,22.4850339293142,57.9785807863183,-18.7931041483567,-35.3180946855066,-7.0958390886292,15.4743141035774
41.949712812557,32.1809613864549,12.2428496150984,78.1115381547387,22.4316882393228,57.7999219384733,-18.9603735170173,-35.3690042929344,-7.02690704468549,15.386248191294
41.588550431267,31.7100373139654,11.7006080496604,78.5469329919182,22.3625294307289,57.6325301946687,-19.1213290445184,-35.4221428281996,-6.95298916219174,15.3082269249265
41.2373142926886,31.2672862296308,11.1830487988689,78.9531512023059,22.2798509059419,57.4803390782303,-19.2737854549856,-35.4761671183035,-6.87575158859279,15.2396917345413
40.8998988359059,30.8459571453485,10.7144010571878,79.3130711495125,22.1816349480791,57.4134032372395,-19.2490073470082,-35.5238852386191,-6.80223127381593,15.1794981994147
40.5689896179514,30.4531619505247,10.2460031603103,79.6643318154274,22.0832061690138,57.3001145000368,-19.3796445153526,-35.574854669796,-6.72463772930008,15.1275114017301
40.2475727298176,30.0815834746131,9.80092421086131,79.9909470529887,21.9841731921852,57.2069779417695,-19.5046548021356,-35.6223356209799,-6.6499408360134,15.0828469891135
39.9350488042577,29.7282270491924,9.37981584178658,80.2936790547382,21.8894850607467,57.13592641052,-19.6157009962566,-35.6646197249726,-6.58021403109786,15.0444897086153
39.630613630329,29.3904223560971,8.98227146553478,80.5742265150469,21.803547945107,57.0854281950421,-19.7114129420358,-35.7004674407518,-6.51697910254859,15.0114792008646
39.3335652619899,29.0657746520289,8.6077766481014,80.8344200212002,21.729826223039,57.0529200038871,-19.7905587484426,-35.7289944535292,-6.46125860622105,14.9827948669416
39.043404447908,28.7522782698529,8.25577266286555,81.0761506830222,21.6706360647187,57.0354159079053,-19.8517000935947,-35.7497378959317,-6.41353482426955,14.9573564939767
38.7598660315842,28.448399372432,7.92567410604317,81.3013283405867,21.6271515313662,57.0300451278308,-19.8933072920639,-35.7626918409008,-6.37375804317819,14.9340605318693
38.482898088804,28.1531100149491,7.61687613752971,81.511829697613,21.5995867199006,57.0344498580331,-19.913989484019,-35.7682936301185,-6.341409241157,14.9118425393288
38.2126066261293,27.8658650580647,7.32875065306857,81.7094349943274,21.5874744755225,57.0469704786617,-19.9127427281416,-35.7673633154611,-6.31560988594037,14.8897523625948
37.9491826948311,27.5865261021909,7.06063304672195,81.8957617733678,21.5899577180963,57.0666313653874,-19.8891435012593,-35.7610084938532,-6.29526209778964,14.8670243120973
37.6928237936354,27.3152505040755,6.81180534217017,82.0722096335564,21.6060274830929,57.0929981173753,-19.8434488312988,-35.7505107842874,-6.27919582516758,14.8431277277147
37.4436574051016,27.0523701346104,6.58148243060646,82.2399288493601,21.6346663900026,57.1259868967049,-19.7765950945227,-35.7372083289249,-6.26629925301843,14.8177919671391
37.2016744601155,26.7982805057393,6.36880497357125,82.3998183077858,21.6748842296416,57.1656848552119,-19.6901081003901,-35.7223844003121,-6.25561499611326,14.7910080407424
36.9666832038826,26.5533502830527,6.17283745459263,82.5525478389556,21.7256646475949,57.2122083653277,-19.5859528657024,-35.7071691957728,-6.24639442151701,14.7630119075007
36.73829529467,26.3178510690572,5.99256624953511,82.6985921652359,21.7858703918122,57.2655973827807,-19.4663653917923,-35.6924612542928,-6.23811138197901,14.7342520374624
36.5159525520012,26.0919022808159,5.82689273916707,82.8382624308191,21.8541655944297,57.3257300446261,-19.3337140544878,-35.6788751474623,-6.23044312213322,14.7053404834183
36.2989942432263,25.8754265275645,5.67462030620602,82.9717264267089,21.9290008074811,57.392246833709,-19.190426289204,-35.6667209681969,-6.22323048934754,14.676986395287
36.0867537974376,25.6681151893766,5.53443879215893,83.099016499539,22.0086759984769,57.4644930858941,-19.0389884120804,-35.6560173819297,-6.21643125368704,14.6499146132264
35.8786641060965,25.4694089672341,5.40491239772654,83.2200307488328,22.0914616241138,57.5415060817246,-18.8819946872999,-35.6465342827579,-6.21007808003482,14.6247779188436
35.674345915623,25.2785010641012,5.28447633566669,83.3345360994473,22.1757329429589,57.6220717839031,-18.7221995807712,-35.6378560627089,-6.20424693427146,14.6020767635064
35.4736573219802,25.0943697037099,5.17144589519796,83.4421806131676,22.2600697275212,57.7048533440066,-18.5625236718245,-35.6294553776401,-6.1990350614318,14.5821018926979
35.2766941264204,24.915842146527,5.06404119022415,83.5425181605806,22.3432947075934,57.7885621551222,-18.4059822812243,-35.6207708648259,-6.19454305869073,14.5649115438223
35.0837463469045,24.7416854706946,4.96043136736026,83.6350436383632,22.4244576417319,57.872120868075,-18.2555387254604,-35.6112868497804,-6.19085440371575,14.5503464827245
34.8952285530228,24.5707118381671,4.85880098561753,83.7192336800595,22.5027984903888,57.9547675107926,-18.1139124478619,-35.6006133374794,-6.188008320969,14.5380761798704
34.7116059374516,24.401880441858,4.75743681719169,83.794587485341,22.5777286649674,58.0360712219862,-17.9833819957486,-35.588559275321,-6.18596756034817,14.5276621831896
34.5333342355109,24.2343779167487,4.65482582133423,83.8606638688945,22.6488516093552,58.1158652988702,-17.8656162386301,-35.5751860660503,-6.1845890872273,14.5186231836218
34.3608239738657,24.0676646428813,4.54974711519807,83.9171111666577,22.7160123051568,58.1941373800672,-17.7615542990702,-35.560827968812,-6.18360877953656,14.5104898839116
34.1944324669173,23.9014833207063,4.44133664505445,83.9636848899556,22.7793383752171,58.2709310829542,-17.6713414037368,-35.5460728138525,-6.18264873645674,14.5028433264202
34.0344818135476,23.7358342024263,4.32910673316986,84.000246129636,22.8392324610313,58.3462981723307,-17.5943176560572,-35.5317059789185,-6.18124935938724,14.4953350597747
33.8812964355465,23.5709262761489,4.21291413689362,84.0267355855342,22.8962999191033,58.4203054872147,-17.5290537218036,-35.51862742965,-6.17892130647507,14.4876910818354
33.7352480771627,23.407115921825,4.09288587155205,84.0431255021394,22.9512301669695,58.4930699079602,-17.4734325447396,-35.5077536867647,-6.17520704956842,14.4797047554413
33.5967910946124,23.2448447657734,3.96932557414606,84.0493621014505,23.00467093848,58.5647842633958,-17.4247829175417,-35.4999154287752,-6.16973921335293,14.4712265399395
33.4365725734049,23.0750017865964,3.87187917006898,84.072497598716,23.0397703267808,58.5335611204182,-17.3311993064724,-35.4888297184355,-6.17627641812162,14.474484394441
33.3146918612299,22.9166016375233,3.74717779262165,84.0562245492653,23.0750674280014,58.6225659893418,-17.245443616629,-35.4859839671828,-6.1674565072311,14.4647194403451
33.2021580707069,22.7621902236678,3.61585130077311,84.0307847707753,23.125474011485,58.6944755020593,-17.1957209910526,-35.4889262555571,-6.15572325208067,14.4538661044559
33.0999789217067,22.6110797089323,3.48257405598403,83.9937274345681,23.1780578826414,58.7678956055504,-17.1437286094498,-35.4961765502848,-6.14189362211021,14.4424633647585
33.0080641996316,22.4638426850524,3.34792774483693,83.9453591115804,23.2307821002137,58.8406212340034,-17.0864714537165,-35.5070152591871,-6.12645252442724,14.4307392097916
32.9265433163078,22.3208132447294,3.21271331922511,83.8854744399027,23.2828144578211,58.9129737996411,-17.0207900526526,-35.5206483117172,-6.10974245863247,14.4189499951331
32.8551948204675,22.1824073860601,3.07769070308327,83.814186516026,23.3333993952908,58.984706626755,-16.9452574340284,-35.5361902735464,-6.09207078164946,14.4074546218484
32.7934403036559,22.0490583990556,2.94371926254737,83.7318665725857,23.3816837625672,59.0556892650832,-16.8590150277238,-35.5527186139803,-6.07370297693043,14.3967028655172
32.7403152919282,21.9212106786225,2.8117112441134,83.6392030029084,23.4266732311499,59.1259224453025,-16.7618722557988,-35.5693435998008,-6.0548376695131,14.3872181027533
32.6944791401399,21.7992829854902,2.68260278361816,83.5372110024432,23.4673294291631,59.1955965355761,-16.6543873081617,-35.5852606176313,-6.03558928846045,14.3795711081475
32.6542532454707,21.6836130111132,2.55733014054597,83.4272254911497,23.5026947450854,59.2650894427822,-16.5379841751037,-35.5997840286017,-6.01597926822773,14.3743443090493
32.617693035968,21.5743897098786,2.43682820549256,83.310872226525,23.5320228102353,59.3349349378731,-16.4150068778751,-35.6123710762209,-5.99593810105247,14.3720866733921
32.5826959485916,21.4715865614517,2.32205086380074,83.1900206733701,23.554875653977,59.4057721745795,-16.2886700208696,-35.622645455651,-5.97531798667743,14.3732612920785
32.5471445273838,21.3749089167599,2.21400490590478,83.0667207353051,23.5711644427347,59.4782828425347,-16.162884806427,-35.6304236797398,-5.95391375138936,14.3781894136285
32.509078386657,21.2837651975161,2.11378132816949,82.9431246319631,23.5811252037417,59.5531127238773,-16.0419636978868,-35.635737871351,-5.9314881490935,14.3869955857125
32.466882543092,21.1972678762541,2.02256450550976,82.8213940602841,23.5852391206988,59.6307695584953,-15.930225425438,-35.6388414670504,-5.90779762045392,14.399558491959
32.4194737959229,21.1142681807959,1.94160118236701,82.703592763683,23.5841230775335,59.7114942095029,-15.8315380841388,-35.6401837300101,-5.88261559875094,14.4154715087235
32.3664630468436,21.0334276880077,1.8721171585901,82.5915657964612,23.5784251190728,59.7951192217186,-15.7488506280134,-35.6403457533068,-5.85575120652745,14.4340164482569
32.3082705057702,20.9533278192328,1.81517868288382,82.4868092624185,23.568756181519,59.8809520046428,-15.6837701174878,-35.6399417541032,-5.82706116366453,14.4541536296398
32.2461726385391,20.8726129135938,1.77150669952569,82.3903385679393,23.5556736758069,59.9677366816435,-15.636243079271,-35.6395000668498,-5.79645316989995,14.4745313323265
32.1822647889595,20.7901541915169,1.74126415753295,82.3025690020158,23.5397114559176,60.0537461062777,-15.6043959286524,-35.639344790253,-5.76388138329851,14.4935175723975
32.1193321495919,20.7052122864869,1.72384819526524,82.2232277432571,23.5214349367971,60.1370255356392,-15.5845831387532,-35.6395003359372,-5.72933817379604,14.5092565226794
32.0606337125126,20.6175684271943,1.71772780789985,82.1513180478044,23.5014963994947,60.2157530282872,-15.5716806419751,-35.6396374135315,-5.69284821323841,14.5197503302386
32.0096173934646,20.527593120001,1.72037008647457,82.0851520096781,23.480671925658,60.2886163763964,-15.5596372270045,-35.6390714129142,-5.65446911445038,14.5229642784019
31.9695973022224,20.4362293853706,1.72829077753671,82.0224580117781,23.4598689271512,60.3550696569786,-15.5422479545485,-35.6368146051875,-5.61429828949917,14.5169494932148
31.9434332842609,20.3448846903437,1.73724646292591,81.9605559688886,23.4400946945328,60.4153610634359,-15.5140431182717,-35.6316741872132,-5.57248126269562,14.4999738301774
31.9332556709411,20.2552470912187,1.74255843647431,81.8965826736928,23.4223753036444,60.4703163510245,-15.4711203720209,-35.6223809168213,-5.52921469959612,14.4706492436263
31.9402727824504,20.1690599644386,1.73952783632869,81.8277443856252,23.4076219827414,60.5209683473933,-15.4117287439214,-35.6077294605602,-5.48473908164893,14.4280429448333
31.9646850087187,20.0879000526521,1.72387533586259,81.7515732533968,23.3964634161116,60.5681793018217,-15.3364710544027,-35.5867119028025,-5.43932065292226,14.3717597212569
32.0057100998375,20.013002225599,1.69212562613269,81.666164296625,23.3890867770015,60.6123828883998,-15.2481121108468,-35.5586288468606,-5.393227558448,14.3019841525107
32.0617054650768,19.9451616685916,1.64186491942266,81.5703681093151,23.3851404156868,60.6535006168323,-15.1511051850978,-35.5231662393487,-5.34670831247515,14.2194747297081
32.1303606271632,19.8847241333646,1.57183019089609,81.4639130920809,23.3837390539556,60.6910111511922,-15.0510131335441,-35.4804296051639,-5.29998039872378,14.1255074590537
32.2089286362562,19.8316540842291,1.4818326601132,81.3474344264966,23.3835840806133,60.7241053414517,-14.9539779909021,-35.430931534525,-5.25323295854254,14.0217738703619
32.2944673627192,19.785655425807,1.37255862337443,81.222398148161,23.3831798716402,60.751850652906,-14.8663110562761,-35.3755337644111,-5.20664164812769,13.9102453929449
32.3840667746181,19.7463130627509,1.24531399392103,81.0909262102736,23.3811030697727,60.7733034444658,-14.7941866236648,-35.3153512476215,-5.16038852010468,13.7930202685658
32.4750437798035,19.7132249559482,1.10177995229707,80.9555473599672,23.3762719302034,60.7875315849364,-14.7433703132427,-35.2516305407681,-5.11467793969574,13.6721696496267
32.5650907827497,19.6861005276679,0.943830166545387,80.8189128642861,23.3681678373171,60.7935356077036,-14.7189132036745,-35.1856176692286,-5.0697419353936,13.5495973492027
32.6523682917304,19.6648095162737,0.773433821643273,80.6835212277432,23.356975079874,60.7900824594609,-14.7247816302677,-35.118431301223,-5.02583337717967,13.4269242853913
32.7355370041696,19.6493748951331,0.592642197587133,80.5514915161858,23.343619559253,60.7754898691248,-14.7634404629504,-35.0509560428925,-4.98321026072861,13.3054046444861
32.813731312647,19.6399141528408,0.403636514021139,80.4244136244834,23.3296985277819,60.7474157135966,-14.8354405672512,-34.9837683080892,-4.94211728271994,13.1858764255457
32.8864831826298,19.6365434058384,0.208804224606767,80.3032890488655,23.3173050569751,60.7027098187073,-14.9390704286667,-34.9171031412919,-4.90277156465917,13.0687449039224
32.9536113617583,19.6392653252711,0.010808982322733,80.1885592778534,23.3087669866585,60.6373736621155,-15.0701231561881,-34.8508640552417,-4.86535821979361,12.9539944533724
33.0150949196547,19.647862504933,-0.187376729242093,80.0802027802153,23.3063382002279,60.5466477764455,-15.2218137120303,-34.7846702802563,-4.83003850057743,12.8412223158438
33.0709516763717,19.6618133839248,-0.38249955197999,79.97786978934,23.3118923516361,60.4252100004072,-15.3848644628119,-34.7179294524614,-4.7969687465641,12.7296868579926
33.1211405554355,19.6802412123011,-0.571125305118665,79.881021152285,23.3266696461048,60.2674265252383,-15.5477622159239,-34.649921360351,-4.7663237885077,12.6183623294604
33.1655019300452,19.7019005066526,-0.749807422711659,79.7890445125518,23.3511161119437,60.0675652535663,-15.6971760324085,-34.5798803918491,-4.7383161047046,12.5059925025364
33.2037423042234,19.7252004508906,-0.915303939824439,79.7013344026352,23.3848373968063,59.8198741225856,-15.818510952673,-34.5070686586061,-4.71320282172525,12.3911374045057
33.2354609247588,19.7482602310198,-1.06481031321916,79.6173368428961,23.4266722892475,59.518455891278,-15.8965606682797,-34.4308358177062,-4.69127558492846,12.2722107976295
33.2918196327409,19.7475459250559,-1.20820143780174,79.5088533282333,23.3314989523969,59.2660989042249,-15.7097016592335,-34.3623980598558,-4.67230242419546,12.1347664165304
33.3121708598167,19.7610785347076,-1.32164312915171,79.429038050696,23.3456758032124,58.8493923197407,-15.6128656159988,-34.2779115992841,-4.65734002932668,12.0009223146608
33.3247037588308,19.7681687996977,-1.41523423655933,79.3518410394337,23.3636482412471,58.3528265814676,-15.4335029396333,-34.1885950065121,-4.64623325173089,11.8575219407769
33.329756528924,19.7662659868439,-1.48941639815815,79.2766591428219,23.3812337673706,57.7669984300674,-15.1569855115591,-34.094872801739,-4.63903665485001,11.7026893494921
33.3273275147507,19.7535439948607,-1.54547329611493,79.2036028243503,23.3987372560149,57.0788354842592,-14.7781546657904,-33.997050574184,-4.63555827868629,11.5347249990154
33.3175131376847,19.7286146547633,-1.58546474501089,79.1332363846985,23.4180240149304,56.2745644166969,-14.2974805312185,-33.8956433870808,-4.63535807078697,11.3521222059904
33.3004353765281,19.6906601160969,-1.61207742408872,79.0667215883509,23.4425509853251,55.3416680620115,-13.7218843500801,-33.7913844874996,-4.63774463222919,11.1536860663013
33.278752922568,19.641637466714,-1.62188127367418,78.999430580404,23.4906685424976,54.2381464704091,-13.0110834837801,-33.6858124329683,-4.64166389240136,10.9358197521672
33.2472866756154,19.5780329170255,-1.63070624203341,78.9462189057151,23.5417820361176,53.0245023324259,-12.2871430935497,-33.5787644548256,-4.6463144654367,10.7037221678776
33.2077640447997,19.5032376605783,-1.6358943839074,78.9046300187846,23.6152623087348,51.6801824047534,-11.5271398526459,-33.4720324196946,-4.65034538758627,10.455190997326
33.1591895804463,19.4191437297367,-1.64019851339596,78.8782624840114,23.7148365096404,50.2236035682569,-10.7541649475389,-33.3667836495065,-4.65261250194089,10.1911614392952
33.1000771889849,19.3282000929206,-1.64561247527824,78.8706963347717,23.842620166753,48.6821687169971,-9.98899315545687,-33.2641204941499,-4.6520758290492,9.91313545270474
33.0285310392577,19.2332207931065,-1.65318872087497,78.8850679706221,23.9978427545487,47.0892525414279,-9.24659645736152,-33.1650359868027,-4.64789069124344,9.62307819580676
32.9423494948462,19.1372490479912,-1.6629776688963,78.9237024410006,24.1768424043832,45.4802442384055,-8.5350818072366,-33.0703791916338,-4.63946631533682,9.32329385927848
32.8391471845229,19.0434456041413,-1.67410363671076,78.9879057627542,24.3736803311631,43.8886535278134,-7.85645659363074,-32.9808319172055,-4.62649541092996,9.01628581375204
32.7164640813158,18.9550044778496,-1.6849327626733,79.0779815365168,24.5812270190902,42.3430622261544,-7.20869462410147,-32.8968905130451,-4.60895460553748,8.70461885036269
32.5718444509729,18.87508675309,-1.69327336475864,79.1934726732754,24.7924646791155,40.865315186483,-6.58815211047756,-32.818850075964,-4.58707981131528,8.39079338039179
32.4028838457691,18.8067573950863,-1.69656350470121,79.3335629954877,25.0017102846582,39.469987054734,-5.99144892979296,-32.74679435475,-4.56132410743235,8.07713281811124
32.2072511479059,18.7529123702186,-1.69202773846747,79.4975292460072,25.2054948431342,38.1649221856922,-5.41641826654418,-32.6805985205908,-4.53230804473132,7.76568252878617
31.9826960539521,18.71619057006,-1.6768027654426,79.6851248000031,25.4029294859376,36.9525236525518,-4.86228272002592,-32.6199506023828,-4.5007722919174,7.45812297224027
31.7270541296669,18.6988731004811,-1.64803249508204,79.8968025557864,25.5955205671736,35.831433113756,-4.3294711252646,-32.5643913537897,-4.46753941492635,7.15570618750345
31.4382624540384,18.7027790814067,-1.60292747356094,80.1337344015735,25.7865234696951,34.7982591038234,-3.81937850302229,-32.5133657958229,-4.43348612666928,6.85922649208628
31.1143975189822,18.7291713765953,-1.53878454992871,80.3976388025406,25.9800152637157,33.8490529079949,-3.33412417169984,-32.4662770921945,-4.39952173150987,6.5690298926147
30.7537429325149,18.7786872380686,-1.45297214244537,80.6904686797819,26.1799079058403,32.9803035240859,-2.87623037476657,-32.4225362318465,-4.36656521965745,6.28505596745327
30.3548882065386,18.8513074565745,-1.34289772077798,81.0140309255404,26.3891177942624,32.1893407179686,-2.44818201523726,-32.3816068595488,-4.33551388640469,6.00689880386313
29.9168521271238,18.9463732505965,-1.20598025449843,81.3696084479279,26.6090579179175,31.4741839127983,-2.05193849480409,-32.343048798096,-4.30720003667328,5.73387484938591
29.4392159577742,19.0626532633842,-1.03964908118524,81.7576420356061,26.8395339214538,30.833007251705,-1.68853938683277,-32.306562497826,-4.28233812191801,5.46509275823949
28.9222452546775,19.1984550289043,-0.841383489038882,82.1775092736965,27.0790258146642,30.2634607499157,-1.35793087001865,-32.2720298528598,-4.26147116173557,5.1995266317465
28.3669767929905,19.351768130994,-0.608797015050496,82.6274164595265,27.3252504386632,29.7620800837584,-1.05905871758896,-32.2395389403275,-4.24493041362657,4.93609507005787
27.7752500916143,19.5204216976525,-0.339759552139851,83.1044007243036,27.5758457297121,29.3239527583585,-0.790176100621454,-32.209377245434,-4.23282312555805,4.67374520073042
27.1496709860399,19.7022374182205,-0.0325413226535261,83.6044257470157,27.8290026308885,28.9427162842862,-0.54924512871576,-32.1819830731522,-4.22505797035996,4.41153690395218
26.4935065781914,19.8951606188936,0.314042133925609,84.122546656126,28.0838944465862,28.6108683032437,-0.334290515342904,-32.157856536476,-4.22140748772364,4.14871998037906
25.8105243925206,20.0973559453269,0.700504557192747,84.6531182430799,28.3408137021493,28.3202876264612,-0.143592361434875,-32.1374449095737,-4.22159503484225,3.88479628773058
25.1047997579786,20.3072610922498,1.12659904614275,85.1900247408176,28.6010109047414,28.0628167954121,0.0243296717136432,-32.1210271554639,-4.2253845176062,3.6195597967952
24.3805206501378,20.5236009095362,1.59127226414582,85.726916512007,28.8663137997899,27.8307538175917,0.170912308158746,-32.1086255759862,-4.23264837949055,3.35310961534406
23.6418172802708,20.7453723230093,2.09266381737312,86.2574449544668,29.1386630367949,27.61714192087,0.297841476097881,-32.0999673421274,-4.24339523426665,3.0858334787282
22.8926355156363,20.971814182603,2.62814602448019,86.7754885954602,29.4197135247446,27.4158160352744,0.407344681219703,-32.0945060426834,-4.25775230327418,2.81836234034698
22.1366608265444,21.2023731416557,3.19439626734173,87.2753605499221,29.7106175935356,27.2212415439806,0.502405553363436,-32.0914966655267,-4.2759149635194,2.55150164767594
21.3772868869166,21.4366686909316,3.78749321140833,87.751983077394,30.0120371773695,27.0282428536444,0.586854988513125,-32.090101971733,-4.29808856049705,2.28615070137032
20.617615173188,21.6744531961302,4.40302831341013,88.2010129989788,30.3243495906243,26.831747688628,0.665319334679702,-32.0894998997918,-4.32444848522824,2.02322465568183
19.8604706749775,21.9155616098814,5.03622526238724,88.6189053316586,30.6479433444191,26.6266584657757,0.743021238171536,-32.0889639927929,-4.35513203937655,1.76359175901068
19.1084213572562,22.1598510745399,5.68206231338184,89.0029115582,30.9834713558709,26.4079119771203,0.825437376627407,-32.0879012067316,-4.39025795090656,1.50803243732869
18.3637919675726,22.4071387533421,6.33539391334923,89.3510198535024,31.3319491223997,26.170723655311,0.917829323548878,-32.0858487817114,-4.42995768549665,1.25721992082714
17.6286656314052,22.6571516144533,6.99106677002122,89.6618530775377,31.694646771187,25.9109558408108,1.02468921731299,-32.0824464300593,-4.47440140431628,1.01171697652237
16.9048707926676,22.9095014250125,7.64402320539217,89.9345446729931,32.0728025397698,25.6255168750927,1.14918116288839,-32.0774059205189,-4.52380677313928,0.771981164076155
16.1939572212694,23.163692026972,8.28938523778816,90.1686134558337,32.4672508876728,25.3126945650631,1.29269910847756,-32.0704968824441,-4.57842499381153,0.538371829034506
15.4971719872533,23.4191566048111,8.92251825136488,90.3638563426542,32.8780883676414,24.9723478239233,1.45468133504989,-32.0615594130086,-4.63850280349251,0.311155102542874
14.8154517720233,23.675313531634,9.53908033939013,90.5202726506599,33.3044896271603,24.6059149598212,1.63279885711942,-32.050544368904,-4.70422291418161,0.0905075150159971
14.1494481545292,23.9316234543907,10.1350668953616,90.6380244819866,33.7447446943239,24.2162394202027,1.82355655470933,-32.0375719810504,-4.7756306925284,-0.12347689293473
13.4995950071197,24.1876292483134,10.7068576819472,90.7174275268835,34.1965325878001,23.8072554593343,2.02322515011289,-32.0229898615783,-4.85256177555372,-0.330768470848248
12.8662125740977,24.4429646688031,11.2512685996046,90.7589598788319,34.6573899165957,23.3836049857249,2.22890600016138,-32.0074064656582,-4.93459031404959,-0.531366974226742
12.2496269821074,24.6973262289718,11.7656058646759,90.7632755160936,35.1252890004349,22.9502629389594,2.43947377103943,-31.9916797817858,-5.02101660426009,-0.725253309201161
11.6502757919953,24.9504142714129,12.2477163707379,90.7312127677805,35.5992168135654,22.5122293030958,2.65617000280464,-31.9768535770935,-5.11090473584583,-0.912347664637628
11.0687751465934,25.2018601312844,12.6960255594077,90.6637939600048,36.0796466355069,22.0743069516882,2.88271544981934,-31.9640504050824,-5.20316678320809,-1.09250230147269
10.5059383962287,25.4511620663391,13.1095560545946,90.5622187823713,36.5688163538764,21.6409418483975,3.12492669127397,-31.954345181232,-5.29667375282246,-1.26554292391869
9.96274967004512,25.6976496819512,13.4879259218039,90.4278589402704,37.070763319711,21.2160777852067,3.38992341714924,-31.9486491425209,-5.39036279386522,-1.43134170303456
9.44030144271641,25.9404860995949,13.8313295004919,90.2622634127564,37.5911038727781,20.8029851202157,3.68507985030672,-31.9476289657549,-5.48331222175045,-1.58988403677804
8.93509240175489,26.1745500655267,14.1367310858417,90.0705715259199,38.1339847341994,20.4452157425038,3.91989177254186,-31.950668849955,-5.57481671385772,-1.74038853751092
8.45713171225287,26.4074691994567,14.4139198975424,89.8479390970125,38.7148692965873,20.059631108058,4.29357534555574,-31.9597452856715,-5.66408483547777,-1.88489848020658
8.00298632561065,26.6337154076062,14.659714444454,89.6000592698993,39.3337391140824,19.6882691392886,4.71264065977959,-31.9740069449941,-5.75075873901254,-2.0227889186308
7.57300723994127,26.8523078600905,14.8761037292001,89.3296206777333,39.9969857102782,19.3311012052348,5.17446266305185,-31.9931783330797,-5.83428457854623,-2.15435117759432
7.16722820601718,27.0624100032881,15.0653288188113,89.0395882561541,40.7081821076435,18.985878454648,5.67512275441493,-32.0169626534514,-5.91403687741464,-2.27976250212763
6.78517881742486,27.2633363135829,15.229783053862,88.7332174916908,41.4679306907387,18.6494893220909,6.20814131568227,-32.0450174786129,-5.9892409109684,-2.39904949293107
6.42586059208193,27.4545391934578,15.3719156422019,88.4139305502111,42.2731687977954,18.3183762808817,6.76510673134895,-32.0769307500785,-6.05897322642718,-2.51208124948519
6.08778564949646,27.6355591724366,15.4941456197788,88.0851249782401,43.116689536958,17.9889736181437,7.33647536759957,-32.1121605402223,-6.12223026717155,-2.61860563937961
5.76907961846979,27.8059541410843,15.5987951548506,87.7499467544467,43.9870060887349,17.6581203668816,7.91238499134873,-32.1499692198493,-6.17804554348656,-2.71832510598449
5.46764256514214,27.965231329121,15.6880471602848,87.4110749488507,44.8686562825977,17.3233963766555,8.48336818064848,-32.1893929172829,-6.22561996758726,-2.81099473813029
5.18134970199861,28.1128042546807,15.7639270632644,87.0705682422474,45.7430044617179,16.9833539040472,9.04089166179484,-32.229273860154,-6.26443015217427,-2.896517914754
4.90826340133146,28.2479892542057,15.8283041601842,86.7298120396127,46.5895290524842,16.6376409727844,9.57769847519734,-32.2683563402849,-6.29429021421952,-2.97501730589764
4.64682380839988,28.3700475043963,15.8829060694837,86.3895830981045,47.3874967511959,16.2870336384195,10.0879788127786,-32.30542152609,-6.31535402559257,-3.04686920485138
4.39598982959193,28.4782694814641,15.9293404104502,86.0502231321136,48.1178379168875,15.9334118011843,10.5674270727796,-32.3394232930864,-6.32805540895216,-3.11269976604015
4.15531410282143,28.5720883903251,15.9691193465484,85.7118909518094,48.7649734709946,15.5797195415282,11.0132473445266,-32.3695895497824,-6.33299698932947,-3.1733483599182
3.92494978762036,28.6511987619241,16.0036833258145,85.374850001343,49.3183188175371,15.2299353116187,11.4241470429076,-32.3954677331211,-6.3308132632657,-3.22980642497624
3.70559822054367,28.715650755268,16.0344199741965,85.0397463840978,49.773218843157,14.8890418856281,11.8003185679564,-32.4169125619933,-6.32204389224955,-3.28314093396766
3.4984117109417,28.7658945308205,16.0626734696697,84.7078389032804,50.131153913404,14.5629494551874,12.1433691739285,-32.4340310429639,-6.30705380152396,-3.33441046556301
3.3048652544917,28.8027636408851,16.0897392690011,84.3811527602765,50.399185611759,14.2583069310573,12.4561382794999,-32.4471079912086,-6.28602551517843,-3.38458049125692
3.12660695513076,28.827406346673,16.1168388513241,84.0625383684123,50.5887515541724,13.9821431437291,12.7423511628031,-32.4565336937955,-6.25902898086632,-3.43444386406308
2.96529253470632,28.8411892470749,16.1450701125472,83.7556232422889,50.7140347808157,13.7413090282683,13.0061003163561,-32.4627475873746,-6.2261521244083,-3.48455173924125
2.82240743977013,28.8456015936443,16.1753327374798,83.4646474359353,50.7901966374065,13.5417406262042,13.2512101663406,-32.4662030124826,-6.18765920062417,-3.5351588462011
2.66199944072022,28.8452921157746,16.2011246001062,83.2143868336266,50.7493553754775,13.4266647032269,13.1741694829172,-32.4649698048014,-6.14072309820056,-3.57328440512861
2.55826690221018,28.8340816601103,16.2390870795698,82.9727059263319,50.7695411042921,13.3051124584901,13.4089092228635,-32.4637070116243,-6.09261746856949,-3.62302374464851
2.47787320984254,28.8187868387602,16.2799024236682,82.7554465850024,50.78573482688,13.2340975171675,13.6438411047251,-32.4615608984618,-6.04243134149352,-3.67363125206618
2.41748072749481,28.8003896852508,16.3222292673733,82.5690671944245,50.7991080924607,13.2064128777175,13.8650741043721,-32.4586017151259,-5.99162007696049,-3.72294649741469
2.3749791512374,28.7803456849478,16.3648160516466,82.4150871994837,50.812529390147,13.2143562312707,14.0679942662316,-32.4551356859951,-5.94209144428926,-3.76967672353961
2.34787927991604,28.7599881867869,16.406196477379,82.2929387058192,50.8275765873869,13.2487903474888,14.2492609140886,-32.4515005808943,-5.89568875346561,-3.81267694714997
2.33320211761841,28.7404561965367,16.4449043438924,82.2002223674979,50.8443240979671,13.3001214725056,14.4063326913387,-32.4479810240879,-5.85390378361045,-3.85101321636118
2.32809605189851,28.7226766291841,16.4796043316164,82.1337020984527,50.8622628331326,13.3595535011673,14.5381277790514,-32.4448042302189,-5.81789193365426,-3.88397432102252
2.32870134523537,28.7070685816594,16.5098376118912,82.0873814731612,50.8795408796969,13.4199384225942,14.6442198025634,-32.4420316034928,-5.78754691765794,-3.91162838662815
