-12.7487171278108,43.1028800597158,-5.74486552688988,83.6161082853972,39.9408753341804,37.1475851102385,24.2810810316723,-24.4559696215851,-6.59204119527701,-17.2812210351373
-12.1971096568688,42.9288964031003,-5.51606535916556,84.1072755618854,39.4635665556094,37.2215682595304,24.1655720529098,-24.4174576817149,-6.55989545293124,-17.3194539402165
-11.6120673515905,42.753366366453,-5.30433927996407,84.5904228314152,38.9700128110935,37.370704588634,23.8453423376977,-24.3806533559433,-6.52605307541729,-17.3609686251388
-10.9815954023847,42.58142658083,-5.10946628802935,85.0653895291162,38.5097008016442,37.4986364941448,23.448073579513,-24.3463413091294,-6.49250904273376,-17.4045711839502
-10.2958825102463,42.4156622741702,-4.93852096825195,85.528950000699,38.0882320554077,37.5713178546544,23.0022096138168,-24.3160917920457,-6.46081924358859,-17.44928178799
-9.55053420645771,42.2575349396206,-4.79647443219828,85.9774962454738,37.702787880475,37.573577559108,22.5230591335797,-24.290946506239,-6.43189600610071,-17.4938704292842
-8.7422055208017,42.1080250141693,-4.68754823475605,86.4077116628018,37.3459839470976,37.4965777658305,22.0252574021762,-24.2717431736435,-6.40631605005855,-17.536728901982
-7.86990920884086,41.9676470762365,-4.61490952800474,86.8162540535801,37.0064401884194,37.340376708768,21.522374243766,-24.2589046142053,-6.38416848771026,-17.5759657722521
-6.93470810022113,41.8365837371605,-4.5808589546729,87.1999040899999,36.6703688157863,37.1130503858597,21.0269331068592,-24.2523171164181,-6.36513772688984,-17.6096190742975
-5.93922158205186,41.7147434412288,-4.58692089099942,87.5557873087711,36.3232475525993,36.8283094053229,20.5503398246828,-24.2512949903458,-6.34865960335483,-17.6358887075656
-4.88718074568865,41.6017371214006,-4.63376342455366,87.8815990419897,35.9518999837458,36.5028479754802,20.1026948261903,-24.2546725801502,-6.33404940972991,-17.6532427164088
-3.78053362340265,41.4922406873227,-4.73999269900473,88.1766414398095,35.4475707411133,36.2315282205702,19.5692403187822,-24.263420651309,-6.32093409182794,-17.6622231895068
-2.62968429859252,41.3944520032418,-4.86725823607719,88.4392516696406,35.0018377596333,35.8811751948347,19.1963230063811,-24.2716448251561,-6.30764737144174,-17.6583990805024
-1.43692443632509,41.3024274564372,-5.03109641086184,88.6700866069608,34.5174223780255,35.5355667134405,18.8757126741226,-24.2807464996678,-6.29338543768078,-17.6435634364494
-0.207582908120477,41.2147672299462,-5.22866322730774,88.8703416982791,34.001396904714,35.2060853396297,18.6049246844953,-24.2900820898538,-6.27695554884876,-17.6181159882693
1.05342262801778,41.1295807911599,-5.4568006281363,89.041502272468,33.4644736901652,34.8976128910116,18.3839843643338,-24.2990951911969,-6.25730513753193,-17.582888065801
2.34164820692655,41.0445458493455,-5.71234273390244,89.1848669958716,32.9205277909777,34.6118116017779,18.2118002563668,-24.3074439458132,-6.2334706385857,-17.5389370013909
3.65317704648414,40.9569206399337,-5.99230210614793,89.3011254268164,32.3840386209124,34.3484827737407,18.086469136536,-24.3150930756469,-6.20454400540794,-17.4873907223923
4.98453109050389,40.8636068860978,-6.29411495100219,89.3901743079646,31.8670767365986,34.1068844559357,18.005152409737,-24.3222334623511,-6.16969924396366,-17.4293312399394
6.33248049936866,40.7612639889835,-6.61586922203228,89.4512307758137,31.3767951319677,33.8867444442339,17.9633129594588,-24.3292293859462,-6.12817745594806,-17.3657323995832
7.6937798669867,40.6464892408266,-6.9564005142127,89.4831185070868,30.9142025560103,33.6884962034604,17.9541253241215,-24.3366879461006,-6.07923389999621,-17.2974296714029
9.06485327876874,40.5159984518524,-7.31524693351157,89.4845230413456,30.4746031079867,33.5124640214347,17.9690582236052,-24.3454032296918,-6.02223596343075,-17.2251213206414
10.4414901366506,40.3667223828219,-7.69250676926333,89.4541249512024,30.0495980627314,33.3573611561559,17.999436122672,-24.3559478603092,-5.95700454874492,-17.1494358640059
11.818689309425,40.1958604123079,-8.08858074992986,89.3906204244782,29.630069516128,33.2191106749456,18.0378723959858,-24.3681281905237,-5.88412338809608,-17.0709999487047
13.190812769079,40.0010003226449,-8.50379719531855,89.2926607293075,29.2093294511526,33.0908113144439,18.0788240955054,-24.3807604894859,-5.80485752416509,-16.9903805097108
14.5520256943567,39.7803288267556,-8.93807995288573,89.1587599363545,28.7856085013755,32.9639148213546,18.1183683264446,-24.3919413030167,-5.72071378096971,-16.9079749046662
15.8967668328757,39.532846844567,-9.39086555070432,88.9872506332511,28.362974224596,32.8301126664692,18.1538008403168,-24.3996598368055,-5.63291967723793,-16.8240224405367
17.2200235213224,39.2584952398474,-9.86127597683414,88.7763893977371,27.950105004673,32.68306077174,18.1835218383678,-24.402492747005,-5.54200080100081,-16.7386869822671
18.5173545322773,38.9581567035621,-10.3483072457166,88.5246161870277,27.5575813029409,32.5193150732082,18.2071017854222,-24.4000170856637,-5.44761159445359,-16.6520603723214
19.7847086342128,38.6335446427515,-10.8508225473858,88.230834524765,27.1952846355,32.3386587320285,18.2250592206071,-24.3927453724741,-5.34869645497457,-16.5640957316402
21.0181592594812,38.2869920656115,-11.3673741991696,87.8946171485012,26.8708297383741,32.1438990562149,18.2384194864226,-24.3817957086898,-5.24383434590068,-16.474575120087
22.2136805963564,37.9211691090061,-11.8959789609497,87.5163330331643,26.5888615662288,31.9399233295471,18.2485165459323,-24.3685461067272,-5.13160182911888,-16.3831432454322
23.3670011376521,37.5388277789784,-12.4339332573161,87.0972472271174,26.3506800439804,31.7326781551409,18.2568380693653,-24.3543569768844,-5.01089725914543,-16.289337597107
24.4734958027351,37.1426562513403,-12.9777154036907,86.6397141236407,26.1536794904232,31.5288594398004,18.2646080971136,-24.3403848614175,-4.88119173131835,-16.1925706319629
25.5281397013621,36.7352530376617,-13.5230171070678,86.1474902202809,25.9906250160732,31.3361391999233,18.2724731549851,-24.3274999839229,-4.74264189930931,-16.0921094879875
26.5256419069379,36.3192147723646,-14.0649512508574,85.6259896157961,25.8493240910997,31.1634327264618,18.2806143933534,-24.3163341724798,-4.59602309290487,-15.9871083436254
27.4607986973605,35.8972618651234,-14.5984300600792,85.0823011370484,25.7130918255113,31.0207511011945,18.2891394384721,-24.3073281320508,-4.44258164714133,-15.8767242103078
28.3289833243648,35.4722650100538,-15.1185722712791,84.5249175173798,25.5624093210139,30.918447073958,18.2984351472733,-24.3006447063501,-4.28390948964895,-15.7603178640138
29.1266445056664,35.0470845550936,-15.6208822218226,83.9632146414824,25.3783317042053,30.8660347594219,18.3092128182694,-24.2961382343694,-4.12180370069879,-15.6376512564672
29.8516618280818,34.6242585828425,-16.1011545202985,83.4068132214868,25.1467981824214,30.8705148386457,18.3223591399069,-24.2934987643644,-3.9581024011545,-15.5089731552513
30.503526240831,34.2057108177156,-16.5554447116441,82.8649640172337,24.8613892195403,30.9343260504888,18.3389727071515,-24.2923725044846,-3.79455045043262,-15.3750026211927
31.0834761674288,33.7926162917359,-16.9804012158454,82.3459387339976,24.5232340636624,31.0541099865303,18.360545288378,-24.2923850167157,-3.6326965777356,-15.2368811046055
31.5946370007837,33.3854214066904,-17.3738808363573,81.856407427634,24.1387428590165,31.2214359826256,18.3889746079579,-24.2932114788992,-3.47378168675632,-15.0961328245177
32.0420358986938,32.9839901847464,-17.7355583150157,81.4009916124496,23.7163038017002,31.4252410299014,18.4263406993868,-24.294748638504,-3.31859155099673,-14.9546254082143
32.4323618010927,32.5878912062509,-18.0672309599027,80.9821921574295,23.2631747662408,31.6547975490999,18.4745060095025,-24.2973094914041,-3.16732220912697,-14.814450892128
32.7734637016524,32.1967885560284,-18.3726512143843,80.6006871272632,22.7837379120328,31.9018808344574,18.5347182622403,-24.3017030285491,-3.01954051021563,-14.6776567623864
33.0736871641154,31.810769959675,-18.6569108143061,80.2558427492962,22.27972610454,32.1613065959597,18.6074507934154,-24.3090561917616,-2.87428333066069,-14.5459042351191
33.3411952545604,31.4304718592787,-18.9254814135554,79.9461980446863,21.7524187955697,32.4301950689591,18.6924593271096,-24.3204451867594,-2.73029329680122,-14.4202171039734
33.5834183049834,31.0570185432601,-19.1830731269775,79.6696972421035,21.2061725909642,32.7070317653681,18.7888670380884,-24.3365898982556,-2.5863383852631,-14.3009233187641
33.8067111397687,30.691832691284,-19.4326813631889,79.423682634454,20.6515179290277,32.9911408945721,18.8952119660513,-24.3577136207003,-2.44155170477189,-14.1878122861996
34.0161751820413,30.3363639917062,-19.6752434632425,79.2049145969247,20.1052985562016,33.2823173665947,19.0096781276874,-24.3834943840221,-2.2957411322194,-14.0804362289815
34.2155261437779,29.9918314582489,-19.909837717443,79.0098038652495,19.5872205083032,33.5801086136304,19.1307400132058,-24.4130722676601,-2.14958851856202,-13.9783639158544
34.4069410838429,29.659134876485,-20.1339785933847,78.8347918150793,19.1150922387918,33.883237580643,19.2578239069791,-24.4451817133451,-2.00459788166868,-13.8812164030902
34.5909437267378,29.3390253522319,-20.343813165394,78.6767240590143,18.7013449293116,34.1901715319185,19.3913015789789,-24.478446378884,-1.86273521039333,-13.7885161985063
34.7664034098425,29.0324048488351,-20.5342251660528,78.5331150228157,18.3519303599496,34.5003019708511,19.5318929521664,-24.5116730726959,-1.72595657380547,-13.6995216340699
34.9306609614897,28.7405435714176,-20.6988728803678,78.4022807435634,18.0673993600398,34.8139827826846,19.6801504333774,-24.543968597285,-1.59589369400729,-13.6131857780202
35.0798641842123,28.4651498147716,-20.8304567029575,78.2833527592634,17.8450425579836,35.1305433975811,19.8362439201287,-24.5747414960836,-1.4737645740978,-13.5283279513913
35.209682844853,28.2083231047319,-20.9217459204701,78.1761873724031,17.6804937762102,35.4453734445751,19.9995170168689,-24.6037062696628,-1.36040291903268,-13.4440281699671
35.3164230781899,27.9724106397394,-20.9676085156499,78.0812164230962,17.5676941932677,35.7488994023624,20.1673072335855,-24.6308683849969,-1.25629305742652,-13.3600869284244
35.3982441891514,27.7597939256027,-20.9675343595639,77.9993271559348,17.4976352098077,36.0299529540374,20.3336694912489,-24.6564400150596,-1.16158685376584,-13.277316031196
35.4579446829742,27.5750722548399,-20.9161802866701,77.9242675713362,17.5124922882842,36.2413275478503,20.5081583217292,-24.679233322413,-1.07665864731556,-13.1988348823916
35.5202307027002,27.3783271622812,-20.8884708770389,77.8653791978033,17.1967257172419,36.4146020463013,20.8922592840017,-24.7275256191699,-1.01610507343067,-13.1418132874096
35.5399638433263,27.2509208237905,-20.7935696535258,77.8267263592096,17.2704597574203,36.6156158436762,20.9638762373759,-24.7462853279968,-0.947978837367999,-13.0747728876627
35.5499875548224,27.1476294938911,-20.7258851566787,77.8161111004796,17.2075780453765,36.8416394406307,21.027565190231,-24.7666047429274,-0.888162181167366,-13.0162440454183
35.5570221245889,27.0718242119445,-20.6804498530028,77.8250658347297,17.1082801740704,37.083785237158,21.0637230918433,-24.7868101267799,-0.836732911502261,-12.9676625262832
35.5668284885088,27.0183486499089,-20.674442146054,77.8549920408577,16.9259398898588,37.344015787453,21.0982031160173,-24.8077194498178,-0.794707707417905,-12.9296969860709
35.583239531886,26.9834566709821,-20.7108870602901,77.9031535233574,16.6713461301057,37.6243356215306,21.1324452961075,-24.8298641698803,-0.762937970054495,-12.9015525709715
35.6087675507865,26.962737755058,-20.7893986521548,77.9661733439493,16.3517654366263,37.9238850357818,21.1689088014323,-24.8538348030762,-0.742234796310822,-12.8817907361547
35.6446613163392,26.9523158716946,-20.9044380871036,78.0391977766742,15.9829149905192,38.2390991487926,21.2077389173679,-24.8802888828552,-0.733079400242173,-12.8683362991469
35.6911448746217,26.9491668934706,-21.0478481595601,78.1167678739661,15.5804092250522,38.5647849123363,21.2499614008404,-24.9098402414696,-0.735418530809664,-12.8586841843855
35.7408140987755,26.9635107751626,-21.1816386828178,78.1880152928964,15.3733337427211,39.022582637643,21.1340200428985,-24.9381901384452,-0.741647001823341,-12.8408643011414
35.8061367349971,26.969864852822,-21.3522924816826,78.2592409887779,14.9583809552718,39.3688463367419,21.1696485619072,-24.9760774031407,-0.765532360243521,-12.8309125641585
35.8793135238243,26.9803551712923,-21.5268765405556,78.3243024167227,14.5152688397588,39.6867488324564,21.2401079624778,-25.0180443914245,-0.79772163357134,-12.8172307068776
35.9584704141567,26.9966600969247,-21.69600017128,78.3827840274948,14.0675986383434,39.9846685269533,21.328488618697,-25.0643471054277,-0.835993865828971,-12.797741787131
36.0419138228168,27.0198762587328,-21.8527305722431,78.4358258455078,13.6260934565572,40.2620082232243,21.4284387136855,-25.1148837512532,-0.878367387002375,-12.7711789930255
36.1278548495625,27.050909955334,-21.9913514354361,78.4851653004182,13.2005263374712,40.5183891024175,21.5333141006116,-25.1692202229333,-0.922934200313009,-12.7367493296323
36.2143770476026,27.0904644902686,-22.1073320702343,78.5326788227815,12.7992616186635,40.7542379823544,21.6365668482835,-25.2267565529412,-0.967880208961376,-12.6939521724775
36.2993967517741,27.1390521393311,-22.1973303716733,78.5802688163473,12.4276799798342,40.9699748906171,21.7334180847528,-25.2869233230074,-1.01152111735311,-12.6424209662534
36.3805523929553,27.1969441402229,-22.2591176956795,78.6299675719635,12.0874821204887,41.1652348509193,21.8218181609096,-25.34927958407,-1.0524579282103,-12.5818026214814
36.4691666233725,27.2604698643934,-22.308389732052,78.682169734388,11.7069783794068,41.3191806111121,21.9986040291789,-25.4177412933976,-1.08545535128386,-12.5188178329274
36.5368797028381,27.3368266486415,-22.3052760749066,78.7388604795486,11.4638105350088,41.4717373573921,22.0735677815196,-25.4846541003781,-1.11692465344502,-12.4399111096311
36.5920796343568,27.4205050981874,-22.2777134159911,78.8080462578448,11.2193265483843,41.6065107815653,22.1425738941282,-25.5534828066724,-1.14500103250221,-12.3512662634267
36.6320309802506,27.5115267455961,-22.2199792702658,78.8900269681303,11.0072224104077,41.7200689070668,22.1978289249327,-25.6241867913511,-1.1690747466817,-12.2533722222362
36.6551829473859,27.6082951430939,-22.1351855551849,78.9886828248438,10.8179111857916,41.8100395591963,22.2440286242246,-25.6965984522698,-1.18913539752332,-12.1473916597002
36.6609301833763,27.7096809662811,-22.0248852435287,79.1068903544908,10.6546278012179,41.8761896151439,22.2790386729465,-25.7703358953399,-1.20508037339283,-12.0348510395539
36.650074615776,27.8146305187579,-21.8918747995427,79.2472411294931,10.5177074058996,41.9185016003754,22.3021524500996,-25.8446708276673,-1.21667594608248,-11.9177832465162
36.6247139593319,27.9223538880619,-21.7390430243398,79.4113076278833,10.4093113901591,41.9374422907373,22.313111036877,-25.9185429622876,-1.2236517455648,-11.7985205863479
36.5879734964449,28.0323447921234,-21.5690794190259,79.5995302100273,10.3329033224974,41.9341666636497,22.312389048354,-25.9906406880736,-1.22584603808112,-11.6794984155985
36.5436467719747,28.1444959031801,-21.383999423118,79.8112617431327,10.2936619563016,41.9105312199732,22.3005865941782,-26.0595460732377,-1.22328141725887,-11.5630972279444
36.4958776486137,28.259194523403,-21.1850812749286,80.044972613732,10.2976878622299,41.8687300022513,22.278050785714,-26.1238707938461,-1.2161702550618,-11.4515790562135
36.4488993790269,28.3773634542788,-20.9731141116322,80.2985350644848,10.35037310276,41.8107695102859,22.2447642609047,-26.1823586356383,-1.20488996898701,-11.3470467888382
36.4068058046486,28.5004555955466,-20.7487588208269,80.5696087498159,10.4541221334068,41.7381157722399,22.2006015776057,-26.2339304378079,-1.18996947565343,-11.2513793271318
36.3733548981174,28.6304471536724,-20.5128098639946,80.855962096154,10.6065779667435,41.6521219714017,22.1455767938515,-26.2777220725899,-1.17211339216738,-11.1661335326464
36.3518700651412,28.7697651809069,-20.2663441981784,81.1555239789011,10.8001882821949,41.5551716771774,22.0798578041334,-26.313157138095,-1.15226523872137,-11.0924545800798
36.3453445924479,28.9209983051532,-20.0108626334009,81.4660822162145,11.0230088471959,41.4515451233885,22.0037036353766,-26.3399931362129,-1.1316592281591,-11.0310832867647
36.356741203668,29.0863783984794,-19.7483586769315,81.7847711564518,11.2602653373643,41.3472008885925,21.9175742966559,-26.3582760633855,-1.1117587471412,-10.9824720151505
36.3892895882276,29.2671878782709,-19.4810940269168,82.1076589933385,11.4961350181625,41.2487056895311,21.8226255104174,-26.3682366563415,-1.09405545359892,-10.9468849839771
36.446601724464,29.4632369851072,-19.2110825535174,82.4296305087665,11.7152140155534,41.1621107048967,21.721551712094,-26.3702036535461,-1.07983081929387,-10.9243706163411
36.5325999644227,29.6725135793446,-18.9394890686487,82.7445712419929,11.9036627399788,41.0921176816612,21.6193915739191,-26.364565325752,-1.06995911008638,-10.9146400391849
36.6512674585479,29.8911503004458,-18.6660453272955,83.0458639894513,12.0504401335117,41.0414278655598,21.5237484571644,-26.351776995792,-1.06476308440163,-10.9169259898164
36.7642442365034,30.1169534908186,-18.428776547522,83.3634067977743,11.8566870623956,40.8972385963992,21.2883203447346,-26.2906756974674,-1.0656093772869,-10.9242704912519
36.9569149710684,30.337949439881,-18.1508463392619,83.6227251571131,11.8516534743827,40.8497317942355,21.2279737563781,-26.2629535489315,-1.06823481997356,-10.9469052729778
37.1891752920701,30.5522069842669,-17.8552193337034,83.853057755567,11.8240121462037,40.8289978299922,21.1869710627957,-26.231025162295,-1.07246618430088,-10.9744740261287
37.4580557031327,30.7554118427274,-17.5172515845793,84.0459422879831,11.8133414280291,40.7909652571642,21.1308061849225,-26.198475322244,-1.08106151681917,-11.0008506860802
37.7641669140499,30.9415929214849,-17.1639312009772,84.215411987673,11.737966501394,40.78192900597,21.1340062751486,-26.1573948521175,-1.08534350773423,-11.0258270236958
38.1028080705902,31.1098617297021,-16.7693735551289,84.3535378542426,11.6639122669034,40.7718567810821,21.1475629163819,-26.1116799039886,-1.0880218679773,-11.0434468279544
38.4714007146644,31.2594101881115,-16.3275491381626,84.4583736243548,11.6039366432074,40.7518797603613,21.1634113285539,-26.0613380493527,-1.08872724925487,-11.0509543592703
38.8683818434105,31.3908009915114,-15.8349444697001,84.5262614180836,11.5703588678226,40.7163586034704,21.1718997025105,-26.0064776984603,-1.08718520838822,-11.0468969377885
39.2935702500726,31.505545863394,-15.2912861638667,84.5519209910725,11.5715866790664,40.6621967338719,21.1649043321059,-25.9471951548053,-1.08298669050444,-11.0312243190606
39.7480691659355,31.6057304907727,-14.6993917538108,84.5289277688037,11.6118743864852,40.5892365725594,21.1364944371494,-25.8834648553746,-1.07550490780937,-11.0051201413709
40.2338040127536,31.6936489046093,-14.0644616488099,84.4504686200118,11.6918659522545,40.5001138718332,21.0829124395382,-25.8151094711356,-1.06392183787312,-10.9705610116096
40.7529550944594,31.7714623483409,-13.3931121451048,84.3100564602368,11.8092477714402,40.3989367285859,21.0029404640389,-25.7419802325419,-1.04735564829824,-10.9297547609576
41.307460428562,31.840878933584,-12.692436972972,84.101980723201,11.9591707831897,40.2891879136282,20.8988396683304,-25.6642555956722,-1.02510578850495,-10.8846648324799
41.8985875954361,31.9029129321382,-11.9691915397938,83.8215219746238,12.1350639966666,40.1723165322814,20.776564162834,-25.5826099906181,-0.99690757153734,-10.8366838372325
42.5266099035869,31.957787548352,-11.2291626235833,83.464982819344,12.3304545025724,40.0479889261647,20.6444178375337,-25.4981358958787,-0.96305259823015,-10.7864449259226
43.1907457040084,32.0049260649605,-10.4769132217332,83.0294842894129,12.5409475028042,39.9154202291328,20.5113555764354,-25.4121525362339,-0.924345062871164,-10.7338023808835
43.8893709000874,32.0430283912118,-9.71595683291767,82.5126884270725,12.7648619278917,39.774451039354,20.3862582416089,-25.3260605012686,-0.881965288337037,-10.6779908937452
44.6202721879163,32.0703685428693,-8.94906189261026,81.9127626506683,13.0022282684787,39.6255667302592,20.2780393388872,-25.2412614294913,-0.837325489681046,-10.6178818951793
45.3807612070146,32.0852411844245,-8.17837244326758,81.22862632475,13.2534141186312,39.4691537458866,20.1957163183049,-25.159086622198,-0.791947459226478,-10.5522304940648
46.1676819611688,32.0862593292202,-7.40535545811886,80.4603013354429,13.518632292587,39.3047546468325,20.1477453579904,-25.0806770688556,-0.747347207988988,-10.4798581905418
46.9774497269606,32.0724591169306,-6.63076812031467,79.60915880911,13.7981728311884,39.1309511237232,20.1406557947426,-25.0068478097919,-0.704916538488402,-10.3997815354394
47.8062419465589,32.0434278798238,-5.85475761506965,78.677829787767,14.0926039310115,38.9463610679453,20.1777045169706,-24.9381029083881,-0.665760602723419,-10.3112986194931
48.6502971768194,31.9995199309846,-5.07709200648944,77.6698450238852,14.4025666051458,38.751335242903,20.2581553065321,-24.8748325663683,-0.630479321794465,-10.21398339362
49.5060860976146,31.9420701308579,-4.29745946083914,76.5894320631632,14.7279776344129,38.5490784111648,20.3772644865844,-24.8174125442785,-0.599044318981191,-10.1075564309704
50.3702847825714,31.8735033003991,-3.51570095913165,75.4414528951854,15.0672992541207,38.3456993184535,20.5268792808416,-24.7660686186504,-0.570848914349408,-9.9916733922632
51.2398255498781,31.7971642387347,-2.73185556737992,74.230858565813,15.4182571664061,38.1495082705635,20.6967182111887,-24.7207399701609,-0.544780141255527,-9.86570919491992
52.1122135257615,31.7167361772066,-1.94601549252905,72.9615785491912,15.7798620626768,37.96940688604,20.8763877915719,-24.681103328516,-0.519295066444553,-9.72877270054236
52.9859487423186,31.6354123675069,-1.1580294485697,71.6356043021283,16.1537851258384,37.8120696585132,21.0580366150325,-24.6467014320896,-0.492639660331353,-9.58020156788471
53.8607813692962,31.555205413549,-0.367120463355815,70.2528119636042,16.5438756214822,37.6788006634892,21.2391195424853,-24.6170584834345,-0.463181190112418,-9.42023391436286
54.7376280169103,31.4766943520063,0.428426225409378,68.8114270551236,16.9545772872785,37.5640883361786,21.4237856527152,-24.5916860685108,-0.42968797973846,-9.25017108530941
55.6181515325709,31.3992888200508,1.23142231485598,67.3088113875308,17.3895064860872,37.4567411038449,21.6220098872698,-24.5700879587001,-0.391389818394358,-9.07184048825078
56.5042009450377,31.3218510410171,2.04585149317771,65.742216389174,17.8506220645706,37.3424151454937,21.8479091921754,-24.5519823006237,-0.347759295006141,-8.88681256271358
57.3973467847284,31.2433440749501,2.87688405575902,64.1092891982689,18.3380496322731,37.2062462968497,22.1186936426751,-24.5376488438315,-0.298196039436609,-8.69584771116253
58.2985754400001,31.1632439037019,3.73082432110466,62.4084998648523,18.8506939656243,37.0349739387926,22.4535220511037,-24.5280657584077,-0.241924186982317,-8.49864586254214
59.2081075597896,31.0816783842548,4.61513429900497,60.6397100031272,19.3875473267457,36.8180641228467,22.8710268572087,-24.5247170511664,-0.178241129820182,-8.29384622179911
60.1253238992981,30.9994019080214,5.53873457347913,58.8048182010237,19.949328793262,36.5475448114405,23.3860198114752,-24.5291940303603,-0.106956464852018,-8.07934939896226
61.0487031698894,30.9179032042996,6.51261776334167,56.9084134485462,20.5398718116219,36.2170919852044,24.0071260250229,-24.5428380525557,-0.0286725880725268,-7.85276983596632
61.9756701680908,30.8400098405304,7.55050618777964,54.9584849811483,21.1666619117399,35.8216669455016,24.735896349135,-24.5667358161575,0.0553702481619306,-7.61160135155041
62.902413449953,30.7709533323592,8.6690380867294,52.9669839518041,21.840203110495,35.3584594990875,25.5665083553379,-24.6020400315786,0.143759376689947,-7.3531260228778
63.8238224525888,30.7195342486938,9.88707479180424,50.9497494698285,22.5721559682505,34.8290839604498,26.4855284947047,-24.6501649787517,0.235278577021399,-7.07454367523143
64.7335937490436,30.6989951923092,11.2241998659061,48.9256574947851,23.3727632223391,34.2420603641331,27.4721059577092,-24.712516064264,0.329007905279124,-6.7734701334401
65.6243674733015,30.7271941371631,12.6988296488385,46.9155206750729,24.2484475572041,33.6132935997166,28.4992664100396,-24.7899253145327,0.424239562134039,-6.44841832639445
66.4878944382078,30.8257511449378,14.326229225058,44.941054410565,25.1999257991183,32.9632405653579,29.5366193519802,-24.8822760579168,0.520305098920529,-6.09908678362299
67.3155423209875,31.0181700761164,16.1167578828824,43.0234550820296,26.2210627907069,32.3124434459503,30.5540975500979,-24.9885900181919,0.616456638151302,-5.72659773516932
68.0991328466483,31.3276166633171,18.0749715513765,41.1815322190817,27.2990333636616,31.6781369206769,31.5256468349924,-25.1075221404002,0.711924119288149,-5.33346680958032
68.8316225943793,31.7750788567931,20.1997369131518,39.4302062815851,28.4160289773625,31.0728751924141,32.4318573268544,-25.2378994891864,0.806088042141061,-4.92311200881909
69.5073619383798,32.3775893073734,22.484497388351,37.7798692920571,29.5519413276732,30.5043820213665,33.2613149146111,-25.3787403882428,0.898618426547614,-4.4993630919356
70.1220870259503,33.1458041162139,24.9166981168132,36.2364506386863,30.6866986596716,29.9760888629376,34.0103868105242,-25.5286545792532,0.989495676518628,-4.06638032073492
70.6728824442778,34.0811103488831,27.4764281016989,34.8019460517705,31.8012654536839,29.4884264124563,34.6812875470662,-25.68516158634,1.07892341823547,-3.62877963809679
71.1583146487947,35.1733400223012,30.1356011969612,33.4751298880524,32.8778580171079,29.040146635306,35.2797930651233,-25.8445123959935,1.16718172689528,-3.19162638367114
71.5788198464614,36.4003507152072,32.859134804382,32.252200873542,33.9006999036142,28.6287859423448,35.8139751561248,-26.0022616007311,1.25446665924052,-2.7602433642422
71.9371423978641,37.7298299410354,35.6081699895848,31.1274135258136,34.8577429969285,28.250688951209,36.2934456814299,-26.1542602563407,1.34076156834021,-2.33997236669292
72.2384610271999,39.122468908739,38.3439753292664,30.0938254699453,35.7426053338805,27.9014214949949,36.7282894085473,-26.2973189537274,1.4257651715665,-1.93595996484622
72.4899827318484,40.53567124949,41.0312185392425,29.1440687552442,36.5556649194018,27.5766789109101,37.1278759132345,-26.4290944478544,1.50889343732705,-1.55291042692255
72.7000535064229,41.9275056930985,43.6400519533269,28.2709639315485,37.3036177766599,27.2733332867528,37.4998599612204,-26.5475318628216,1.58932970255124,-1.19480953798938
72.8771094614521,43.2604657670815,46.1469757323364,27.4679184732751,37.997395159342,26.9900367209746,37.8494368923101,-26.6506927636974,1.66602778444984,-0.864754674049327
73.0269474276039,44.4974803993104,48.4859055070817,26.7378058855548,38.5759046126379,26.7519422401289,38.1789269091983,-26.7347759275806,1.73958565627922,-0.566166105716387
73.1595648159807,45.6311765101459,50.7408726473986,26.0583775103109,39.1943660226063,26.511502207137,38.4847533607113,-26.8052077290823,1.80482202215724,-0.297604605339134
73.278130466785,46.6439644970332,52.8609516028236,25.4325220336353,39.7943312248564,26.2889701604463,38.769920538416,-26.8608765494677,1.86198666091966,-0.0601971240517138
73.3850382921106,47.5316693870973,54.8372537725843,24.8566144246496,40.3750711246855,26.0883385264705,39.0296264353585,-26.9041944682982,1.90992807462369,0.147868557051602
73.4813159841418,48.2959922241444,56.6651661966394,24.3265693276174,40.937318166589,25.9103531894597,39.2604845506417,-26.9378823255955,1.94784376400741,0.3294184091931
73.5665759315866,48.9417867141264,58.3405016733679,23.838914166614,41.4789941758213,25.7543570653678,39.4607141703095,-26.9643861527568,1.97536480357267,0.487748694076126
73.6392718757239,49.4752017208968,59.8590760423488,23.3911735960061,41.9956430271254,25.6183814864075,39.6304950268451,-26.9857054476919,1.99262793311095,0.626422265258391
73.6971375752215,49.9027704928168,61.2173676641736,22.9817927929151,42.4818540263172,25.499623329721,39.7720212330702,-27.0034333513915,2.00038868669939,0.74919061126504
73.7377503205698,50.2311431635116,62.4135133619158,22.6097044934668,42.9329331162581,25.3949961780258,39.8894071189563,-27.0187691839396,2.00003328834306,0.859759695823048
73.7590319086337,50.4668281958846,63.4477930087908,22.2738673015749,43.3457481461739,25.3015101196024,39.9884929984531,-27.0324156583074,1.99334303495579,0.961448089837445
73.759493358045,50.615754489005,64.322194395594,21.9730654451576,43.7182222649409,25.2167515828614,40.0763201005941,-27.04449151706,1.9820722686146,1.05696145111409
73.7382241626061,50.683029804231,65.0396632316844,21.7059885399221,44.0483464132921,25.1394166109039,40.1602589042488,-27.054652381465,1.96761289229221,1.14845503105117
73.7177390220581,50.7111489105255,65.724538025023,21.448064110668,44.5891372479752,25.2184407774858,40.0033469542457,-27.1125245789542,1.95731350519275,1.23160365667279
73.6523777305053,50.618994947459,66.0922246387276,21.2481000610018,44.7401236661538,25.1817469768737,40.0529725611877,-27.1147405084096,1.9420970911132,1.31807743955274
73.5666655378148,50.4682755951909,66.3710647197622,21.072329061852,44.9398512646388,25.1472334110075,40.1193689633748,-27.1185806853082,1.92264115294222,1.40700554671398
73.4612990461142,50.257602943999,66.5179761065867,20.9264114801906,45.0679779912193,25.1136513131087,40.2185834963457,-27.1199085880305,1.90229663982511,1.49929979692081
73.3395684546824,50.0015064962452,66.5692247901002,20.8062869181347,45.1699109300848,25.0919716256348,40.3395406782433,-27.1214727186987,1.88213366704354,1.59595210559546
73.2038715669588,49.7129454656007,66.5417142683001,20.7114448883554,45.2463144666247,25.0829861922443,40.4835255927807,-27.1249058513957,1.86341318803382,1.69748482528894
73.0569109210998,49.407076576165,66.458093723472,20.6412683019231,45.311454349432,25.0869734126219,40.6473040104418,-27.1318879337423,1.84764200438901,1.8035369401446
72.9010043574303,49.0985089953432,66.3366196118034,20.59645576156,45.3742252352259,25.1021304563739,40.8258930027887,-27.1435776692083,1.83644577786665,1.91291144338281
72.7378986503646,48.8004264588328,66.1921983202911,20.5786739616118,45.4421810961483,25.1260312660219,41.011473723873,-27.1603136083554,1.8313971988896,2.02406093452295
72.5686813958031,48.5238102743447,66.0357475403256,20.5903214254194,45.5203021178559,25.1559478126327,41.1946381588763,-27.1815194191665,1.83387646145424,2.13572235690717
72.3940189838516,48.2774826230479,65.8749454251051,20.6339477008073,45.6117248123822,25.1890618144561,41.3653039455407,-27.2059303566856,1.84493145658037,2.24683496054626
72.2146171495963,48.0685092952879,65.7148380710729,20.7114590145483,45.7175503424755,25.2224699408224,41.5135333051548,-27.2320429362486,1.86509414701354,2.35580487309415
72.0317404955635,47.9026017550522,65.5585276710589,20.8229151851908,45.8360840330672,25.2531834512373,41.6306367139364,-27.2585710954813,1.89424011905331,2.46008852582778
71.8475835629179,47.7844131050319,65.4083694387882,20.9648648322822,45.9625177260908,25.2780888471418,41.7105907119567,-27.284649354259,1.93158782933087,2.55650340421574
71.6654239129864,47.7175598753524,65.2677565460329,21.1287865031887,46.0900986719308,25.293937341446,41.7510747699216,-27.3097401968901,1.97579904756224,2.64184931609651
71.4895581614199,47.7039349984229,65.142386156642,21.301000657835,46.2118362389305,25.2973911008341,41.7539575099321,-27.3334897648165,2.02508913836693,2.71344335919585
71.3248656131608,47.7422740770446,65.0398086905396,21.4651160105361,46.3219846516113,25.2850013548273,41.7251294506702,-27.355696778782,2.07736154062222,2.76954258064533
71.1759850470509,47.8269175839924,64.9676189935861,21.6060072368926,46.4174777910697,25.253164346398,41.6731284038015,-27.3763586737787,2.13041609298091,2.80968178298524
71.0465091629359,47.948049557999,64.9318560364609,21.7127794607697,46.4986246585239,25.198473096718,41.6069907232657,-27.3957265118021,2.18218207648857,2.83478490004644
70.9385712972303,48.0935669756133,64.9363758062461,21.7794237804107,46.5682283400764,25.1186158642697,41.5348331475004,-27.4143158664171,2.23089010109876,2.84697529831326
70.85285451557,48.2513885878043,64.9828586208689,21.8039500621648,46.6298391592993,25.0133862732895,41.4637183296191,-27.4328389724691,2.27517418049125,2.84919843144092
70.7888248904111,48.4109594238859,65.0709372303545,21.7873522068865,46.6863175489823,24.8853085717936,41.3999531272209,-27.4520784909392,2.31415058105208,2.84479453634378
70.744934386823,48.5635397095706,65.1980258730726,21.7332145619957,46.7389427586859,24.7396378546368,41.3489713202994,-27.4727772712085,2.34749009601548,2.83710741428268
70.7186980475235,48.7016051880705,65.3587670968384,21.647984179349,46.7868207855629,24.5838220120175,41.3147004920741,-27.4955887032881,2.37545064405915,2.82916169654368
70.7067349091452,48.818048899181,65.5445387959379,21.5413581772041,46.8266521976679,24.4266551966929,41.2986908920218,-27.5210310605512,2.39884267332796,2.82343399744073
70.7048975850829,48.9058686989251,65.7436989935706,21.4261359004197,46.8533235199877,24.2771143713328,41.2993422382339,-27.5493817319079,2.41895284071654,2.82176990724581
70.7085566422479,48.9587537332125,65.9428035211197,21.317178591004,46.8614250466076,24.1429337543636,41.3115914763879,-27.580547969816,2.43745257734769,2.82541807091274
70.7130113139412,48.972543933597,66.1284838993741,21.229494809159,46.8471945637171,24.0294092738353,41.3273034156282,-27.6139894341579,2.45625488794014,2.83507915673761
70.7139618007562,48.9469999561774,66.2896281457428,21.1757720162365,46.8103318100098,23.9387909188804,41.3365229560019,-27.6487258131319,2.477290915147,2.85094461749367
70.7079909858488,48.886996930982,66.4193339419619,21.1639834205142,46.7548579131232,23.8701947944283,41.3296842994836,-27.6834431569561,2.50225610442768,2.87274598782145
70.6929603452051,48.8023868246387,66.5157462362474,21.1959184301743,46.6881773151438,23.820120631844,41.3002296108885,-27.7166964786068,2.53238540605103,2.89979293764177
70.6681854680322,48.70626306025,66.5811065648144,21.2672930688751,46.6185640256142,23.7835721503229,41.2464096125688,-27.7471299905997,2.5682818004599,2.93099862494806
70.6343063421126,48.6122031142487,66.6195258084365,21.3693901935456,46.5526649817391,23.7551950864598,41.1714104295242,-27.7736289352502,2.6098298992618,2.96493054163991
70.5929209660393,48.5318374856118,66.6353171856943,21.4913209152381,46.4948514228688,23.7300740197436,41.0820172170349,-27.7954222869958,2.65622441675691,2.99988621307935
70.5462427368439,48.473733791216,66.6332398889569,21.6217370100317,46.4481625280462,23.7042270260433,40.9869072088733,-27.8121741691063,2.70607978913613,3.03397545532263
70.4969171525601,48.4432681125815,66.6196991278943,21.7496751972698,46.4147001450425,23.674602940629,40.8954947167841,-27.8240490748795,2.75755498599268,3.06537188357487
70.4477751666934,48.4426086483632,66.6029193350553,21.865248868986,46.394927127498,23.6386442573769,40.8170794204436,-27.8317168165283,2.80849279359736,3.09287823604113
70.4014090323617,48.4706906419161,66.5917384088472,21.960681134663,46.3873339632722,23.5939721444226,40.7596278529304,-27.8362488164709,2.85661948362803,3.11634224852535
70.3598092072206,48.5236154694973,66.5941613958408,22.0312849931512,46.3892024634665,23.5385776561052,40.7282728535565,-27.8389102548692,2.89982222798327,3.13642300696331
70.3242245499276,48.5955355168711,66.6163386516145,22.075871875927,46.3978610703671,23.4714065904087,40.7242761800977,-27.8409275343114,2.93648122968192,3.15407030527605
70.295190907458,48.6797592257923,66.6619004443516,22.0964477657203,46.4116329473302,23.3928101074109,40.7451534863042,-27.8432715622008,2.96576518964674,3.17021252211853
70.2726496321689,48.7698550563781,66.7317828406079,22.0972668126857,46.4302826703434,23.3044976028135,40.7858148217418,-27.8464528114318,2.98775430869968,3.18560812128046
70.2561148046646,48.860485295573,66.8246956388957,22.0835507027556,46.4551474611659,23.2092212195952,40.839779781852,-27.8503887503075,3.00334098041612,3.20072540761749
70.2448896545905,48.9477223476022,66.9378093741185,22.0603744518319,46.4887950277341,23.110422148084,40.9000210941031,-27.8544289154077,3.01396981546803,3.21565258992052
70.238327269846,49.0288547038447,67.0673147303233,22.0320254404063,46.5342554167332,23.0117213581382,40.9597722267689,-27.8575281402392,3.02130299966816,3.23006477918406
70.2360418449513,49.101933005362,67.2090045256465,22.001820600471,46.5944518839167,22.9163109800536,41.0133158776554,-27.8585256909401,3.0268922648188,3.24327326051756
70.2379384386998,49.1653818201681,67.3588223417771,21.9722551204872,46.6719722970049,22.8265416803039,41.0563648756097,-27.8564844829629,3.0319387006339,3.25436967269049
70.2440325685995,49.217839841023,67.5130245179329,21.9453210015707,46.7685699896941,22.7437846098448,41.0860184281752,-27.8509437578007,3.03719986500833,3.26246503122227
70.25417638324,49.2582194674868,67.6679551582348,21.9227731818859,46.8841019905099,22.6684521774849,41.1006304189704,-27.8419965838309,3.04305280159532,3.26699742652786
70.2678603408799,49.2860275458253,67.8199573791121,21.906141977052,47.0157776167882,22.600181790123,41.0998158853043,-27.8302928686899,3.04965910564663,3.26801493004265
70.2841809571102,49.3019055787939,67.9657518689684,21.8964375410306,47.1585873833109,22.5382044165259,41.0846076416589,-27.8170090050398,3.05712661583604,3.26630045175292
70.3019367723565,49.3079996008033,68.1028703672366,21.8937549400089,47.3062774745654,22.4816481976183,41.0575980545279,-27.8036375727495,3.06552548581081,3.26322846458763
70.3197631852397,49.3077647833404,68.2297025675289,21.8971099592937,47.4520886518674,22.4295596582728,41.0227383749796,-27.7915024574074,3.07466375950108,3.26033273992095
70.3362679513857,49.3053609188216,68.3454081765201,21.9045780621313,47.5896548498141,22.3809055885575,40.9846354364519,-27.7812684970803,3.08379807970244,3.25881429161729
70.3501810934409,49.305148611428,68.4501785281449,21.9135360228035,47.7143295828816,22.3347948166718,40.9476511162785,-27.7728762217745,3.09166321439838,3.25935666558394
70.360503145216,49.3114577008357,68.5457215713297,21.9208524347863,47.8240631994274,22.290643247512,40.915268996699,-27.765841576273,3.09687871491877,3.26227875278097
70.366588693368,49.328403112187,68.6352941670659,21.9230338181415,47.9189861659673,22.2481331830763,40.8899094152898,-27.759491903967,3.09836785029763,3.2677270850229
70.3681263131352,49.3596287993855,68.7230468085745,21.9164052738697,48.000245125728,22.2072719116716,40.8730553535274,-27.7530419446582,3.09552757934585,3.2757663128495
70.3650305779904,49.408078353824,68.8131808785663,21.8973993839124,48.0691405966654,22.1686453304451,40.8654530817864,-27.7457000505991,3.0881823421853,3.28646755762327
70.3573004588232,49.4758431129067,68.9093192507417,21.8629696797567,48.1266501577834,22.1335494147987,40.8672186094063,-27.7368549946431,3.07643825718446,3.30004463580132
70.3449100817017,49.5640470313862,69.014039279359,21.8110429220334,48.1730364863442,22.1038225612597,40.8777881694001,-27.7262457638825,3.0605464128646,3.31694695779123
70.3277752610581,49.6727762208886,69.1285872465338,21.7408385645884,48.2077867578554,22.0815525214606,40.8957860616006,-27.7140291052565,3.04084801769024,3.33784844573994
70.3058097004937,49.8010752493464,69.252924095024,21.652939678168,48.2299370755047,22.0688013446553,40.9190316173266,-27.7007327041061,3.01779833700645,3.36357698370578
70.279026485519,49.9469721923449,69.3860090340626,21.5492106417452,48.2383283389205,22.0673582061102,40.9448336708125,-27.6871512964591,2.99203016681307,3.39502758132216
70.2476003512682,50.107492165562,69.5260447001904,21.432758164159,48.2316859534115,22.0786183884504,40.9704099581103,-27.6742543754136,2.96440713287874,3.4330580655438
70.2118669629011,50.2786722819936,69.6704902652604,21.3079387250572,48.208706834282,22.103696683523,40.9932146650285,-27.6631131545396,2.93600891350811,3.47836956779767
70.1722660461039,50.4555936097608,69.8158466444986,21.1803116335715,48.1682864712352,22.143763674571,41.0111384088184,-27.6548010298405,2.90804100538053,3.53140001828331
70.1292010115254,50.6324021906936,69.9572453983936,21.0566113282828,48.1098068146628,22.2004915192953,41.022590720131,-27.6502516197176,2.88171862881486,3.5922584837832
70.0828295053037,50.802351336664,70.087988448089,20.9447982176019,48.0333046918529,22.2764126067097,41.0264834695702,-27.6501119067818,2.85815507165282,3.66070401317315
70.0328633449004,50.9578717155478,70.1992154346787,20.8540747564262,47.9392462599165,22.3749216442026,41.0222255843469,-27.6546321509515,2.83823922855166,3.73616373563046
69.9784736639962,51.0905636665151,70.2794203299929,20.7947358778436,47.8270165726838,22.4996532566448,41.0099234899287,-27.663630671419,2.82250004777749,3.81775381195071
69.9183827333288,51.1912318394559,70.3139458866588,20.7777465274644,47.6924207231761,22.6533175828741,40.9907327832368,-27.6765794713991,2.81101572184007,3.90423331443615
69.8511362766949,51.2502445872025,70.2853690242342,20.8140792777617,47.5265124562861,22.836537493228,40.9668704071307,-27.6928257455315,2.80343497736419,3.9938709355379
69.7754443572805,51.2582397924232,70.1750016840248,20.9139974141581,47.3169031323247,23.047243286785,40.9408408441709,-27.7118628936517,2.79912265825638,4.084289916598
69.6904500402214,51.2070092390147,69.9647098531316,21.086356276754,47.050254619403,23.2809662628991,40.9139321268084,-27.7334769995477,2.79737620453464,4.17239047575284
69.5958703551525,51.0903216100778,69.6383247426778,21.3379346596754,46.7142829082685,23.5319666503528,40.8845639825828,-27.7576706186142,2.79759725781742,4.25440473865245
69.4920401609825,50.9043918572274,69.1825742442233,21.6729450035413,46.298895887603,23.7944208070613,40.8472909266686,-27.7844164145659,2.7993213065723,4.32610171333172
69.3798211964473,50.6479093940905,68.5877506832713,22.0928908205375,45.7969749886584,24.062903040192,40.7929611825428,-27.8133528236402,2.80213537725651,4.3831709146875
69.2373389503674,50.3094583260168,67.8652193911971,22.6206471787609,45.4282765003073,24.532551654511,40.4967139648827,-27.840610229039,2.80423237746603,4.42696159214613
69.1110054342232,49.9161472577593,66.98566692679,23.2069069872557,44.7713931375532,24.8216706445723,40.3407520989737,-27.8722107688596,2.80764106572196,4.44394329487509
68.9809358227948,49.4624222870634,65.9660619674117,23.8669541611499,44.01959882903,25.0865303623373,40.1485282694946,-27.9022144711018,2.81088567028358,4.43737862405407
68.8475402517506,48.9547381313806,64.8173517064238,24.5943615164854,43.1941812841384,25.3397359200585,39.9024374187627,-27.9286225886171,2.81313645968177,4.40679171075744
68.7118876844737,48.4016138923015,63.5534656785788,25.3810639583136,42.3081349547004,25.5817515090148,39.6026790907583,-27.9501096902731,2.81357841556311,4.35247701602555
68.5750661075609,47.8123743689866,62.1904446044532,26.2186412291847,41.3738392265442,25.8118582764594,39.2559439005022,-27.9659970444746,2.81113623874753,4.27544231204191
68.4376424603519,47.1958592528049,60.7441365108637,27.0998792346997,40.4035044868858,26.0288219278151,38.8723099117149,-27.9761716100198,2.80440471933521,4.17731042039486
68.2990860335213,46.5594208695649,59.228600583505,28.0202507173328,39.4098562538042,26.2307283169224,38.4623811879946,-27.9809226397278,2.79172637852975,4.06015809053776
68.1575444375065,45.908641272154,57.655771872275,28.9785074297984,38.4065725679028,26.4147908875977,38.0350829600162,-27.9808138484441,2.77142167465806,3.92626465912722
68.0101023628289,45.2477016042917,56.0359805057674,29.9761267239753,37.4080653416706,26.5775112522906,37.5966700958827,-27.9765413807656,2.74212477523511,3.77784189419314
67.8496989715423,44.5743986762249,54.3285469163927,31.0255555096505,36.3250011498645,26.7458788548649,37.1247834034873,-27.9681665297414,2.70201423809097,3.61670453473151
67.680099253101,43.9029927488301,52.640291877328,32.1109211370423,35.3731462154156,26.8595603878174,36.6731988554145,-27.9572285653209,2.65314626039891,3.44425454614829
67.4944846294375,43.230195940614,50.9283337178579,33.2434079415866,34.4628875883293,26.947162721431,36.2172282719283,-27.9429830558464,2.59530232600956,3.26108516510205
67.2896579304208,42.5583267373579,49.1966461656795,34.4236330960149,33.6021004509385,27.0156707069732,35.7520442707437,-27.9249842440375,2.52958455509794,3.067119735429
67.0623201585183,41.8898370109462,47.4462243069194,35.651034043204,32.7914480581911,27.0738619592733,35.2719084927342,-27.9024947272574,2.45728221093844,2.86180131490996
66.809151194275,41.2275512265918,45.6768712217678,36.9238511791435,32.0269158288959,27.1320129805398,34.7698848069373,-27.8746538007255,2.37969436348528,2.64434394409583
66.5270740205551,40.5747982094316,43.8889083579674,38.2391205972236,31.3011970553305,27.2002838115913,34.2395785292161,-27.8407203352133,2.29800122995292,2.41404550836246
66.2134817983124,39.9354931209928,42.0844557296496,39.5927059227814,30.6050727168497,27.2873888711441,33.6768566480665,-27.8002997489014,2.21313912074635,2.17059969875011
65.8662482380753,39.3142300573097,40.2676644088893,40.9795497423882,29.928407617713,27.4000506333126,33.0808798699874,-27.7534883066478,2.12563959464495,1.91429022176377
65.4835417349604,38.7163402925386,38.4441058453985,42.3942173041859,29.2608440305044,27.5433126368132,32.454153112441,-27.7009174832316,2.03547906281502,1.64604346643914
65.0636718922384,38.1478415494167,36.6200731929131,43.8314495342307,28.5924263909816,27.7214887335764,31.8020487272127,-27.6437477900674,1.9420493363995,1.36740209719804
64.6051691387851,37.6153066931399,34.8023605845011,45.2863030224072,27.9144759349524,27.9392710499523,31.1323182491992,-27.583629628205,1.84430656412619,1.08046167841319
64.107054330917,37.125718330081,32.9985732098097,46.753819306317,27.2209196403597,28.2018806747348,30.4546342045423,-27.5225264869362,1.74108203438009,0.787774726150695
63.5691452242155,36.6861814519477,31.2175518974712,48.2285345212951,26.50950117261,28.513412124553,29.7803408549862,-27.4623635419865,1.63147379284367,0.492233368442441
62.9922792751686,36.3032671992099,29.4692285740193,49.7042246257984,25.7815326111658,28.8742619644954,29.1225145728176,-27.4046894820009,1.51514765345288,0.196933612180605
62.3782545593527,35.9821126106852,27.7635409724256,51.1742601026741,25.039642583895,29.2796688797421,28.4955121605309,-27.3505379774206,1.39239913429019,-0.0949833541572964
61.7293065054895,35.7257273208954,26.1088457867258,52.63268717335,24.2850620453112,29.7205954468054,27.9131447541248,-27.3004397371764,1.26401443312229,-0.380448787281675
61.0473230979009,35.5347201777739,24.5106431182621,54.0756409290476,23.5165545875603,30.186621706173,27.3857319161074,-27.2545089266919,1.13105678717459,-0.656506088996275
60.333350904583,35.407213519719,22.9710688412054,55.5023751162031,22.7313984161786,30.6693797895628,26.9171293961417,-27.2127187216663,0.994628225036382,-0.920365124617164
59.5877574299438,35.3386477540579,21.4892300133172,56.9152756264538,21.9275004051185,31.1646534464165,26.5032358008665,-27.1753252691923,0.855662567456313,-1.1695961696958
58.8109088357779,35.3215436098066,20.0621412840636,58.318685214189,21.1055803716493,31.6720736595402,26.1330676747348,-27.1430373681087,0.714892058927277,-1.40252164389055
58.0039410127445,35.3456313854568,18.6857244325857,59.716985679559,20.2704355483062,32.1930828004226,25.7919134956219,-27.116732372477,0.573046060886071,-1.61866557000555
57.1692452187576,35.3986533217901,17.3554609231296,61.1127578052752,19.4305673318978,32.728766556209,25.4650790985136,-27.0969930842445,0.43113283610304,-1.81895926146856
56.31040746965,35.4677047179634,16.0666152146615,62.5058851250115,18.5960841376521,33.2785660999813,25.140956506313,-27.083758026321,0.290591573009162,-2.0055312984049
55.4315778345354,35.5407423481564,14.8142002315507,63.8939837373639,17.7758424413777,33.8401424510978,24.8124961545101,-27.076245089098,0.153216969618195,-2.18112578343815
54.5366926497401,35.6079789240503,13.5931654700982,65.2735529506586,16.975788233371,34.4102638215554,24.4769404876864,-27.0732672518497,0.020923502365575,-2.34838256680539
53.6291245226547,35.6627805436906,12.3991953636621,66.6408183464623,16.2001371481138,34.986002771657,24.1346330097701,-27.0737856941687,-0.104495766258188,-2.50931645559802
52.7118985713911,35.7015772632176,11.2298407311487,67.9918340254644,15.454870528835,35.56516872126,23.7878802282403,-27.0773169283274,-0.22149811817744,-2.66509489539706
51.7881413381544,35.7228169239833,10.0851871463177,69.3221956863183,14.7502816725586,36.1453466901793,23.440702269424,-27.0840292123158,-0.328805695753305,-2.81600188111782
50.8613442548606,35.7257012147544,8.96742900455222,70.6269717931235,14.0993657229162,36.722413875842,23.0992324874368,-27.094619864354,-0.425402834426699,-2.96167184337266
49.9352609122439,35.7094155968405,7.87964869303699,71.9010243197218,13.5134002474335,37.2901345973614,22.7712216894512,-27.109991450049,-0.510558894258859,-3.10166528463944
49.0135870484685,35.6728656834431,6.82465861256831,73.139429694947,12.998902211854,37.8410395920597,22.4643992698358,-27.1306989455054,-0.583810198281745,-3.2360512804781
48.0997182420256,35.614641855597,5.80423787628358,74.3378506084759,12.5572523812114,38.3680927658319,22.1851590041902,-27.1565013061606,-0.644904825760641,-3.36567462541212
47.1967631376003,35.5331937813382,4.81876388804877,75.4928476769567,12.1857585491299,38.8666890173335,21.9380154926588,-27.1865181182508,-0.693809034971438,-3.4921555312942
46.3077078917384,35.427096121207,3.86727201010286,76.6019773881814,11.8791699860871,39.3356345986758,21.7251557887246,-27.2198093939495,-0.730758401959891,-3.6175872265384
45.4354756912399,35.2951320253386,2.94783453610468,77.6636225425418,11.6309323854262,39.7763229959074,21.5462146221898,-27.2557394185392,-0.756230075805219,-3.74379147023696
44.5828313482092,35.1363041044416,2.05821501579151,78.6767008805114,11.4340244424152,40.1910257483512,21.3989870995598,-27.2940325307342,-0.770845915289271,-3.87159126975243
43.7522822373801,34.9500306417305,1.19661728050908,79.6403940854588,11.2816508421713,40.5814299194624,21.2808215374272,-27.3347048484712,-0.775313642225732,-4.00073366306388
42.9460385887915,34.7364689414872,0.362032911115448,80.5539877717057,11.1676886470005,40.9480001347958,21.1892741606433,-27.3777726258833,-0.770393969052544,-4.13027771126338
42.1660236924708,34.4967604380559,-0.445969656848813,81.4168369736379,11.0866150485603,41.289955104619,21.1216317931312,-27.422782637334,-0.756832323880566,-4.25899406954183
41.413972463344,34.2329688325328,-1.22764145055393,82.2283570850407,11.0331178435969,41.6050356946237,21.0747848034932,-27.4685182251201,-0.73530036468463,-4.38573380059529
40.6916123563094,33.9476352716223,-1.98325069025163,82.9879588147799,11.0021785085435,41.8892766385834,21.0457610102251,-27.5131804774511,-0.706440239068902,-4.50980569101353
40.0007983690085,33.6433198117573,-2.71306177650579,83.6950114053833,10.9896788995177,42.1376919065417,21.0317529673574,-27.5549679668951,-0.671003627087532,-4.63135397112472
39.3434738427735,33.3225788683096,-3.41736299032458,84.3489414391706,10.992351648698,42.345559454476,21.0299326296656,-27.5925916392285,-0.629961192263427,-4.75171249855019
38.7214845190027,32.9882996682708,-4.0966662573002,84.949360354159,11.0069781303459,42.5095379053816,21.0377831320845,-27.6254064955704,-0.584490131846547,-4.87344370778092
38.1363801818595,32.6439327429003,-4.75192072054284,85.4960604792855,11.0300938694248,42.6286111500198,21.0533258706482,-27.6533152581157,-0.535869482159759,-4.99966172750244
37.5892907386544,32.2933943654273,-5.38457963264038,85.9889457966118,11.0583238697496,42.7049039115824,21.0748517716572,-27.67670057331,-0.485386609923082,-5.13290867603944
37.0808600235534,31.9407714831296,-5.9964829605727,86.4280416156582,11.0886058824961,42.7439295332338,21.1006433323508,-27.6963305228315,-0.434310593366138,-5.27443063645004
36.6111561476574,31.5900042969256,-6.58953529723088,86.8136134302523,11.1184899239318,42.7537974470058,21.1289321438823,-27.713063851277,-0.383864824112837,-5.42414342008521
36.1795235875974,31.2446326030658,-7.16522797203932,87.1464064395902,11.1467282537966,42.7434753729693,21.1581110826154,-27.7274820798523,-0.33511883264542,-5.58089444979544
35.7844828926405,30.9076759955553,-7.72424899965362,87.4279518566143,11.1734454076857,42.7209429614852,21.1872066823759,-27.7397723526536,-0.288835559444745,-5.74270801433276
35.4238316667524,30.581658806574,-8.26638718174097,87.660693303409,11.1997646147243,42.6922507502347,21.2161117651471,-27.749983896524,-0.245363310525823,-5.90697383510229
35.0950048109766,30.26867948612,-8.79071919623977,87.8477370695637,11.2275244628427,42.6615934674007,21.2453179561628,-27.7584830675551,-0.204607049646107,-6.07067736430734
34.7955716842237,29.970430182215,-9.29597337476679,87.9923546347512,11.2589300373143,42.631553433446,21.27590167908,-27.7662779677455,-0.166125903304893,-6.2307810949208
34.5235596970178,29.6881636021856,-9.78087528662449,88.0975457334441,11.2959464120113,42.6030547134182,21.3101095910902,-27.7748969488459,-0.129359421709323,-6.38464899510519
34.2774117318455,29.4226492560299,-10.2443196222429,88.1658729741946,11.3401147477524,42.5753539340554,21.3516870982837,-27.7858212971645,-0.093759902129772,-6.53026542652087
34.0557279277232,29.1741845142194,-10.6854209757766,88.1996058023801,11.3928973641542,42.5463804566154,21.4053024784761,-27.7999130064356,-0.0587136128630673,-6.66621389203125
33.857028406216,28.9427031886848,-11.1035074341379,88.2010582098648,11.4558531273714,42.5133952705461,21.4754098554292,-27.8172453506767,-0.0234776011178677,-6.79159618290386
33.6796472000963,28.7279083640117,-11.4980481547213,88.1728820502658,11.530358827729,42.4736533363358,21.5652863932273,-27.837300343706,0.0127403520351756,-6.90599036022812
33.5217731513911,28.5293091294916,-11.8685667464947,88.1181034431361,11.6170279920675,42.4248047660617,21.6766337734823,-27.859263623363,0.0506647241365469,-7.00940415470338
33.3776701042009,28.3456115315384,-12.1973208055884,88.0343042236571,11.7434753471,42.329400310433,21.7848280481001,-27.8830697357122,0.0849292248986668,-7.09917133062396
33.2535101658861,28.1767004133014,-12.518831958814,87.935895756105,11.8490912556449,42.2574778011829,21.939155326614,-27.9063970411525,0.127667212845123,-7.18196009243966
33.0828872670651,28.0239898818314,-12.8692689010019,87.8638597738123,11.6194741245736,42.0583908480748,21.9349488239301,-27.8764668668348,0.163274079566593,-7.24442853595349
32.9845792040849,27.8800072406016,-13.1204823012314,87.7282723492371,11.7982077865209,41.9671881721305,22.0786022437101,-27.9000753062975,0.207248435153239,-7.30633248122437
32.9007547817858,27.7443561178212,-13.3671258789202,87.5851054046294,11.9177160361118,41.8915818259477,22.2674658686326,-27.920104928992,0.259128363330758,-7.36256265684088
32.8260933398632,27.6174592554451,-13.5840597516233,87.4312764908144,12.071857024421,41.8278961563244,22.4395342739788,-27.9393526294365,0.314834892247904,-7.41041695295762
32.7584780185555,27.4964277567568,-13.7784512697495,87.2718706558842,12.2191105677654,41.768774791179,22.6030793499479,-27.956292286113,0.373532415365454,-7.45065169790822
32.6959428852528,27.3797165861369,-13.9501701809546,87.1082982198544,12.363001192847,41.714129319184,22.751472861163,-27.9710466467115,0.434608642942069,-7.48366500819277
32.636775206909,27.2654099990107,-14.1015233349828,86.9418455887351,12.4966191354716,41.6643739658937,22.8843251151165,-27.9837137836791,0.497261186942986,-7.51005146353258
32.5793970722616,27.1517511350798,-14.2345299836193,86.7726219931234,12.6167437261976,41.6202692728768,23.0013614417469,-27.9943631878477,0.560570959718972,-7.53051969559348
32.5224635695061,27.0370285786227,-14.3516099576083,86.5999977534585,12.7194327909439,41.5821393976086,23.1044997779151,-28.0028177448817,0.623671776574328,-7.54597902040321
32.4647959777656,26.9196619429269,-14.4551978119811,86.4229066130827,12.8011696964447,41.5499696455588,23.1971326399094,-28.0086617286989,0.685912773779008,-7.55738641593126
32.4053100215752,26.7982266254522,-14.547508926905,86.2402636795054,12.8590353462343,41.5235194741344,23.283497832313,-28.0114058732556,0.746933903651846,-7.56551075403817
32.3430282521008,26.6714859695388,-14.6302997892333,86.0512351178666,12.8914982584743,41.502435593046,23.3675606077317,-28.010686625762,0.806682035049348,-7.57078276624942
32.2771690664486,26.5383488529468,-14.7048166084473,85.8553659342703,12.8989165993092,41.4861674631774,23.4521211199847,-28.0063213559062,0.865371416026249,-7.57333657807369
32.2072320113437,26.3977664702737,-14.7718924217707,85.6525973375318,12.883508125374,41.4738681008692,23.5384072408968,-27.9982081833451,0.923397609476574,-7.57320833844674
32.1330408696231,26.2487152716638,-14.8321165214051,85.4432101049823,12.8487708342576,41.4645584074563,23.6261332740402,-27.9862105251127,0.98125314173918,-7.57056279029338
32.0547382717067,26.0903363036751,-14.8860131096276,85.2277252833178,12.7984957897167,41.4574759135695,23.7139712492436,-27.9701192439081,1.03946802361392,-7.56581131145455
31.9727518424214,25.9221508855236,-14.9341875922719,85.0068352155064,12.7355407330577,41.4523824776474,23.8003412712199,-27.9496890537521,1.09856433026462,-7.55960177319452
31.887724302378,25.7442151408557,-14.9773068956838,84.7814464509611,12.6609552798903,41.4496459285948,23.884195971238,-27.9247196826356,1.15902562866505,-7.55271006655563
31.8003599434352,25.5571429432254,-15.0157816630423,84.5528301353729,12.5741209979992,41.4501093445053,23.9653304934968,-27.8951369137546,1.2212899736914,-7.54583273445388
31.7112376083448,25.3620402160044,-15.0492711667119,84.3227887769607,12.4740417715496,41.4548791997499,24.0438899904916,-27.861028911032,1.28576793340086,-7.53937493045866
31.620756001229,25.1603557170768,-15.0763628805641,84.093752894134,12.3611108669997,41.4647568253758,24.1194829148857,-27.8226509025755,1.35285783296322,-7.53340520804868
31.529270154956,24.9536540532767,-15.094669890824,83.8687190230032,12.2384257889307,41.4791771694069,24.1908031420953,-27.7804126800362,1.42292744148297,-7.52778954303935
31.4372879553796,24.7434636975212,-15.1013029299011,83.6509690483038,12.1121854351731,41.4954219932336,24.256098381304,-27.7347931765997,1.49627453906783,-7.52236342542316
31.3456273468209,24.5312883309259,-15.0935557508066,83.4436815369457,11.9909530541038,41.5087785726133,24.3141063057221,-27.6862127927859,1.57305963121206,-7.51708166709821
31.2555513714083,24.318731221237,-15.0696444960799,83.2496125934267,11.8841837772929,41.5134108444978,24.3647780974308,-27.6350049779919,1.65320051524338,-7.51216777517073
31.1688356993025,24.1077170316251,-15.0293399798392,83.0708761573166,11.8007627891435,41.5035893613517,24.409353489679,-27.5814904756322,1.73630252434006,-7.50820363170888
31.0876527235843,23.9006915479653,-14.9743027873017,82.9087404989395,11.7476644965617,41.4751467749422,24.4500093843211,-27.5260262249287,1.82165645515502,-7.5060754739993
31.0142686192119,23.7005654083584,-14.9079491652001,82.7633954232328,11.7289439124518,41.4266801243497,24.4893960854554,-27.4689730784495,1.9082419209528,-7.50680660890218
30.9506831992573,23.5103881763888,-14.8348733831799,82.6337744574923,11.7454470881998,41.3598189148871,24.5300879658429,-27.4106019964876,1.99475137451323,-7.51136207670776
30.8983447317775,23.3329431652014,-14.7600252880149,82.5175889798387,11.7951364557921,41.2783649377647,24.5740087547404,-27.3509829734,2.07970739863148,-7.52047476661382
30.8579944439271,23.1704184209405,-14.6879074062077,82.4116635977492,11.8737620381401,41.1867148372435,24.6219478625604,-27.2899498278772,2.16165872205003,-7.53452408515539
30.8296450071808,23.0242395409815,-14.6221019676698,82.3125077625132,11.975463634224,41.0883838984409,24.6732997503882,-27.2272174619851,2.23937164686319,-7.55348916484232
30.8126743069955,22.8950605660325,-14.5652348368398,82.2168997264452,12.0930937374712,40.985447806109,24.7261811451678,-27.1625906623594,2.31194638448936,-7.57696216260695
30.8059728776326,22.7828350826523,-14.519136956962,82.1222681752686,12.2186752845313,40.8790280062384,24.7778921712717,-27.0961279964495,2.37883321812747,-7.60418034057764
30.8080873403222,22.6869148530396,-14.484937427975,82.0268498133137,12.3442424049824,40.7701826925728,24.8254920175276,-27.0281953853046,2.43976527658161,-7.63406888691033
30.8173736448733,22.6061513086944,-14.463051459456,81.9296982501425,12.4628236755349,40.6605091606406,24.8662834360936,-26.9594129401949,2.49465578125785,-7.66534141179966
30.8322041723713,22.5389701999697,-14.4531513561438,81.8305543713227,12.5693335530868,40.5521993262539,24.8981429452282,-26.8905410314859,2.54350968653445,-7.69669119171502
30.8512060066746,22.4834286646184,-14.4542289575964,81.7295881843134,12.6610196320617,40.4476492222062,24.9197313564297,-26.8223669303942,2.58637319742756,-7.72702294027894
30.8734162103951,22.4373275152576,-14.4648215533089,81.6271129957248,12.737114778592,40.3489552675492,24.93057882745,-26.7555829518675,2.62333020991403,-7.75562124042444
30.8982501136933,22.3984426876013,-14.4832923481522,81.5234146806031,12.7980335334242,40.2576839489051,24.9310551915343,-26.6906371022276,2.65454525564367,-7.78217229687963
30.9253064969386,22.3648465973633,-14.5079940206797,81.4187835553743,12.8446847163163,40.1749823994253,24.922324112527,-26.627647031799,2.68032281791643,-7.8066433235255
30.9541435094763,22.3351857140133,-14.5373412519437,81.3137068755805,12.8779775741646,40.1017593688792,24.9062982108175,-26.5664713637786,2.70113236140854,-7.82913125795314
30.9841323475656,22.3087726973829,-14.5698808455166,81.2090948431673,12.8985653429705,40.038731936971,24.8855048722417,-26.5069018968934,2.71757085170803,-7.84976806508043
31.0144011987665,22.2854743682471,-14.604343050219,81.1064204719293,12.9070434546333,39.9864036361056,24.8627415754994,-26.4488585508238,2.73028087971366,-7.86866270788029
31.043876434204,22.265481761205,-14.6396509876157,81.0076501811798,12.9045894530176,39.9450710894568,24.8404062604106,-26.3924806446103,2.73987343770768,-7.88588093986099
31.0714690901265,22.2490330371181,-14.6748974686324,80.9148530347832,12.8937076653782,39.9147726327648,24.8196183833925,-26.3381002336296,2.74690039489796,-7.90151659144946
31.0963979697536,22.2361337004567,-14.7093474175304,80.829542105115,12.8784266719573,39.89511132414,24.7996617641404,-26.2861584928162,2.75188619407226,-7.91583204079587
31.1185077420088,22.226362107271,-14.742559583372,80.7520792919026,12.8633587795749,39.8850812536356,24.778389337669,-26.2370928050348,2.75538354889132,-7.9293615066816
31.1383830728826,22.2188609655896,-14.7745796262058,80.6815218032246,12.8520324108158,39.8830693379957,24.7535530894933,-26.1911932464816,2.75800160369328,-7.94290704819969
31.157179416769,22.2125122046637,-14.806026901345,80.6159510800499,12.8457307276149,39.8870481161963,24.7241261409177,-26.1484571601915,2.76037945701015,-7.95744157919617
31.1762724928806,22.2061778303455,-14.8379876495289,80.553004625587,12.8434604255382,39.8948359727058,24.6907715169976,-26.1085107083831,2.76311029425675,-7.97394265303236
31.1968919979719,22.1988814831591,-14.8717398253463,80.4903384665525,12.8428078432029,39.9043619924299,24.6554710925575,-26.0706565893506,2.76665356528478,-7.9931704122484
31.2198607093668,22.1898704067818,-14.9083894211534,80.4259365077625,12.8412073213681,39.9139241421078,24.6207850076287,-26.0340171924681,2.77129389453584,-8.01546073057856
31.2454858601066,22.1785873695589,-14.9485368769577,80.3583124807302,12.8370221341659,39.9223629242763,24.5890856806043,-25.9977217584848,2.77716144158983,-8.04062228203399
31.2735872102836,22.1646349124061,-14.9920618972395,80.2866279535082,12.830019254831,39.9290931671464,24.5619653146486,-25.9611317516054,2.78426142534495,-8.06796312121372
31.3036297182232,22.1477527584442,-15.0380862644119,80.2106774767236,12.8213366741579,39.933977311834,24.5400042838509,-25.9240363828504,2.79247090900064,-8.09643350593299
31.3349281966526,22.1277720340501,-15.0851509255577,80.1307246395517,12.8131823336178,39.9370555655822,24.5229200305887,-25.8867103054692,2.80151010178921,-8.12485673876563
31.3668664801236,22.1045693055116,-15.1315699881393,80.0472592400684,12.8083005095688,39.938343749229,24.5098131242268,-25.8498240970127,2.81090786479918,-8.15219390823309
31.3990559241145,22.0780806523336,-15.1758484838975,79.9607644200623,12.8093027042993,39.9379018308984,24.499259539031,-25.8142579954289,2.81999915149305,-8.17776472632577
31.4313771750094,22.0483757317418,-15.21696165901,79.8715862723818,12.8182413689171,39.9359330207747,24.4893618134566,-25.7808603355544,2.82801414204057,-8.20132919673541
31.4638927493447,22.0157486639683,-15.2543297707179,79.7799552281873,12.8366896388079,39.9326139444356,24.4779136985165,-25.7502216769787,2.83424952731931,-8.22298251487689
31.4966936855342,21.9807907915909,-15.2876038032443,79.6860691320198,12.8660391198269,39.9278688126508,24.4625845131034,-25.7225461017476,2.83822819270537,-8.24295249254268
31.5298070577682,21.9444004675619,-15.3165520010397,79.5901111275076,12.9074930717589,39.9213582111252,24.4410975194904,-25.6976371820789,2.83978243733862,-8.26147477086853
31.5632311961745,21.9076784469664,-15.3411647995869,79.4922045667612,12.9615947531745,39.9125082222053,24.4115230459044,-25.6749640595925,2.8390578879538,-8.27882981526415
31.5970406377563,21.8717300466521,-15.3618736317936,79.3923711748912,13.0276318807571,39.900443802534,24.3726191965604,-25.6537710182692,2.83645661981618,-8.2954562070294
31.631475102643,21.8374871100055,-15.3797338155212,79.2905059148168,13.10349662332,39.8840600706089,24.3239547700412,-25.6331989057098,2.83252678481995,-8.31202188709712
31.6669612768386,21.8056549166754,-15.3964359043919,79.1864026905336,13.1862621012598,39.8622870426985,24.2656437160293,-25.612412120974,2.82779081676424,-8.3294145549586
31.7040297284368,21.7767894996786,-15.4140333021753,79.0798983068371,13.2731917764051,39.8342370407379,24.1977708734108,-25.5907361023964,2.82255530053338,-8.34863971473587
31.7431465663313,21.7514158134166,-15.4343922505759,78.9710908963784,13.3629507442092,39.7990025114288,24.1197258456439,-25.5677643846316,2.81680258913565,-8.3706521141147
31.7845570355856,21.730094374242,-15.4585465974683,78.8605033906812,13.4569166139756,39.7550907779311,24.0297004381377,-25.543408782273,2.81020408194069,-8.39621367134252
31.8282102106042,21.713433957671,-15.4862341532403,78.7491458731986,13.5599956100225,39.6996352767813,23.924623858909,-25.5179017600627,2.8022166526539,-8.4258316973783
31.8737475386438,21.7021127928567,-15.5157873732655,78.6385384380845,13.6803689474093,39.6276224857753,23.8005761868676,-25.491700954459,2.79223587830267,-8.45975773394619
31.920526149605,21.6969272018371,-15.5443048017279,78.530732522598,13.8284678645034,39.5313319651502,23.6533946701652,-25.4653075209916,2.77976651095759,-8.49803859092337
31.967706539727,21.6988147846685,-15.5679350437909,78.4282578398046,14.0158044633208,39.4000972130933,23.4792747558754,-25.4391555282288,2.7645378041918,-8.54064288283603
32.0144326714832,21.7088295377264,-15.5821933922244,78.3339123340513,14.2538699178819,39.2203981653975,23.275495785015,-25.4136417421415,2.74655309196653,-8.58765594994984
32.0600336071966,21.7281427197385,-15.5822405291245,78.2504553743113,14.5530552084086,38.976191745588,23.0413902801708,-25.3892208315834,2.72611219011763,-8.63944697101878
32.1196430778806,21.7511767442881,-15.5841130489275,78.1824669025802,14.7479938936381,38.5639535953297,22.8760638218559,-25.3875352763784,2.70675349038544,-8.69965268880117
32.1641817268425,21.7913236092353,-15.5479696306628,78.1290864212568,15.1252598160523,38.0921788424731,22.6366372960368,-25.3687193470515,2.68340990078342,-8.76429703529156
32.206918911098,21.8458414084289,-15.4831948248822,78.0931509377377,15.5769726513688,37.4998654851458,22.3830842742379,-25.3526075954232,2.65974490945057,-8.83671013773398
32.2491203241547,21.9185056614547,-15.3715554510536,78.0696548861266,16.1395254153692,36.7101281124982,22.1442811414501,-25.3391103260568,2.63831428155825,-8.91879980102802
32.2871025566808,22.0088576044646,-15.2367331028853,78.0743249232558,16.711939939177,35.8039496279603,21.9153052626225,-25.3286066994878,2.61616385053248,-9.01111671009215
32.3198159989464,22.1213128073951,-15.0633392059395,78.104711325998,17.3272571175467,34.7415285572277,21.7060783587995,-25.3198011727516,2.59523060436587,-9.11502607566231
32.3442353792226,22.2585133022778,-14.8496794012993,78.1652680330292,17.9683405295172,33.5305211549873,21.5232258352792,-25.3115343739971,2.5754017053081,-9.23134443726648
32.3565335290589,22.4229083549113,-14.5950655117019,78.2610015647716,18.6189692346752,32.1942029884591,21.3677962468485,-25.3026929633089,2.55617817100205,-9.36056828599946
32.3524939828637,22.6165174462028,-14.3001077853498,78.3968106975374,19.2636025276467,30.770099450712,21.2380370664081,-25.2924428032982,2.5365835081571,-9.50286044490534
32.3279421305622,22.8407235593807,-13.9663648059053,78.5765486646597,19.88913652321,29.3067801639356,21.1311245654468,-25.2802990535794,2.51516589182399,-9.65795052926048
32.2791470009542,23.096086149033,-13.595698969486,78.8021245042125,20.4865677049501,27.8573323156144,21.0447530891316,-25.2660606826363,2.49008866461067,-9.82499854541904
32.2031128711911,23.3823398369045,-13.1897466132181,79.0729999179558,21.0517346804373,26.4711242383541,20.9780703111908,-25.2497143978797,2.45929641959938,-10.0024901894274
32.097707707833,23.6986096463983,-12.7496956627947,79.3861940754702,21.5848534591555,25.1865041833469,20.9317798473452,-25.2313928957569,2.42069795139298,-10.188303500397
31.9616325388117,24.0436976282967,-12.2762957733579,79.7366229405403,22.089619897152,24.0267959926084,20.9074045113533,-25.2114030058061,2.37233655629907,-10.380057305446
31.7942594057113,24.4163251743923,-11.7700240285558,80.1176034256609,22.5722300889742,23.0002629062461,20.9062512840265,-25.1902553384771,2.31258184754825,-10.5756091870368
31.5953759555727,24.8153506292138,-11.2313520315115,80.5214898928905,23.0400491033853,22.1030678767747,20.9287217899431,-25.1686460472966,2.24030399247278,-10.7733923630185
31.3649181126276,25.2400414357829,-10.6610051284524,80.9404344178604,23.5002192878423,21.3236810966622,20.9739793177335,-25.1474289033316,2.15494555567551,-10.9724412602197
31.1027770184421,25.6903494810223,-10.0601634823112,81.367157707389,23.9587728600957,20.6474527854631,21.0397502046945,-25.1276086561384,2.05654119783308,-11.172219196192
30.8086800631775,26.1669939077941,-9.43068403192133,81.7955481684937,24.4202950155841,20.0606710272221,21.122336002663,-25.1102615628348,1.94574801091984,-11.3724368619339
30.4820713302294,26.6712515946573,-8.77531564301944,82.220986200542,24.8880963213626,19.5535326461737,21.2170057226746,-25.0962513617591,1.82378589585387,-11.5729573516426
30.1219658980777,27.2045104745606,-8.09766778249765,82.6404489882713,25.3649202417957,19.1211070297695,21.3187020698229,-25.0858360565581,1.69220483157266,-11.7737315323674
29.7268554326103,27.7676601634987,-7.40185223394553,83.0524885117413,25.8538525579037,18.7619543651703,21.4226992540955,-25.0784292741902,1.5525332438658,-11.9747031410334
29.2947450323538,28.3604803610184,-6.69202951538229,83.457021262881,26.3592277550195,18.475601040551,21.5248921699635,-25.0726405413502,1.40589551259085,-12.1757285308333
28.8233063650476,28.9813064497942,-5.97200640418658,83.8548234215412,26.8877989228547,18.2605454947961,21.6220031434214,-25.0665291311379,1.25271502227294,-12.3765137283743
28.3100851900468,29.6270933093079,-5.24486485423884,84.246868567033,27.4497874900572,18.1132815228497,21.7122435638701,-25.0579594059983,1.09264128841073,-12.5765285482837
27.7527762546213,30.2938213815479,-4.51274223126848,84.6338114847843,28.0586129846476,18.0281402805656,21.7961465810252,-25.0450936041354,0.924882527187178,-12.7749270466486
27.1495507571609,30.9771408232213,-3.7770081450309,85.0157754569063,28.7287982613565,17.9984486464049,21.8766867081346,-25.0270351055868,0.74895546276118,-12.9705331792212
26.4991840628296,31.6728875936921,-3.03892753202179,85.3923712553631,29.4726965624233,18.0191101202315,21.9585672475679,-25.0041272054461,0.565199179043634,-13.1619471800564
25.8008271243253,32.3771611339302,-2.30051181024069,85.762786992263,30.2973116263444,18.0889045706277,22.0473862428767,-24.9775144347979,0.374496079199418,-13.3477620322934
25.0536937364045,33.0861886915239,-1.56506111332504,86.1258666902841,31.202491484653,18.2106926257138,22.1488701057343,-24.9484539221137,0.177714974572423,-13.5267732001563
24.2569605885324,33.796226677896,-0.837238969758912,86.4801812873292,32.1807346916515,18.3897174315917,22.2676963734525,-24.9178788105276,-0.0245308509916753,-13.6981150119603
23.4099209009422,34.503444818751,-0.122836491698416,86.8240662859742,33.217966761976,18.6314750531353,22.4059638776393,-24.8861750570766,-0.231905930799677,-13.8613610702023
22.5123014456033,35.2038125472851,0.571690406474056,87.15558910203,34.2949851450888,18.9398401797499,22.562141460592,-24.853151823252,-0.4443292014786,-14.0165618188465
21.5645657801801,35.8931445979376,1.23980511252429,87.4725107647623,35.3894794715631,19.3153052047589,22.7310917541834,-24.8182292920807,-0.661903485565735,-14.1641411106094
20.5680475929717,36.5673543404356,1.8753542889164,87.7723754536353,36.4782819355936,19.7537652209875,22.9049062293434,-24.7806941592155,-0.884776655846332,-14.3047129829617
19.5249254582829,37.2227819839351,2.47279441650341,88.0527543726849,37.5395670247088,20.2465491453873,23.0740804656453,-24.7399091605495,-1.1129622557003,-14.4389530623925
18.4381479481899,37.8564258770514,3.02727259809415,88.3115193690696,38.5548439098466,20.7816918940561,23.2288555604198,-24.6955067592101,-1.34620361891835,-14.5675396063456
17.31136038677,38.4660241823668,3.53464348755671,88.5470249745075,39.5105637826709,21.3461266637883,23.3603367475967,-24.6475467716155,-1.58389358900284,-14.6911083164559
16.1488328150428,39.0500255079029,3.99143858254306,88.7581708033907,40.3991612228087,21.9282800801785,23.4610404213003,-24.5965725653851,-1.82496404144449,-14.8102147168234
14.9554241729342,39.6074788328549,4.39487094887665,88.9443883799072,41.2193839539529,22.51993361037,23.5252508433889,-24.5436609049887,-2.06774424819559,-14.9253515161863
13.7366001485402,40.1378727818665,4.74293950592102,89.1056539632808,41.9755164406706,23.11615864216,23.5498838849332,-24.4905774213572,-2.30988401807927,-15.0370476319185
12.4983860702842,40.6409235882104,5.03452532325919,89.2425978379039,42.6750188801449,23.7131047606495,23.5362010424418,-24.4397770898126,-2.54848426638292,-15.145986016866
11.2471398459394,41.1162965823736,5.26933760509499,89.3565671609874,43.3254582627332,24.3053178640734,23.4915250811297,-24.3939001104711,-2.7805977037484,-15.2530578227418
9.98929442184231,41.5634066330348,5.44773782906068,89.449398968797,43.9329209069732,24.8853608019671,23.4288167599791,-24.3551201937502,-3.00389715052331,-15.3593321029914
8.73129368575318,41.981466486539,5.57062658428791,89.5230017486387,44.5024408776465,25.4459854896585,23.3633661308467,-24.3250560090432,-3.21694848333729,-15.4659178312769
7.4796585382942,42.3696843324158,5.63949027081336,89.5790911255214,45.038693930322,25.9822046533021,23.3087774732096,-24.3051950316651,-3.41894742240124,-15.5737496265967
6.24092736002543,42.7274220859819,5.65646533604326,89.6191411892154,45.5458809837077,26.4919618673345,23.2744897994794,-24.2971635197337,-3.60939307983474,-15.6834910203398
5.02136436694386,43.054273427363,5.62428436597035,89.6443646721758,46.0270556453221,26.9760960162703,23.2652967187935,-24.3025559206349,-3.78804272670255,-15.7956289459742
3.82663816366454,43.3500568959278,5.54617394093957,89.6556030022365,46.4833242826576,27.4378823271846,23.2825807960921,-24.3225946867476,-3.95501091082248,-15.9105573389903
2.66173866691517,43.6147200907547,5.42577967922529,89.6531210231423,46.9135862118031,27.8821877120646,23.3262592144967,-24.3578902690399,-4.11079390204415,-16.0285355060332
1.53118135028923,43.8482487798966,5.26711164623901,89.6363025630231,47.3153255874658,28.3146523253628,23.3960134717121,-24.4083520070609,-4.25617031423137,-16.1496540490304
0.439386370384778,44.0506565206484,5.074562039233,89.6032691024285,47.6861545353334,28.7408042932016,23.4916683937905,-24.4732115797666,-4.39207372175421,-16.2739481267086
-0.609046573510719,44.2220130440473,4.85298572668673,89.550748474165,48.0252344207046,29.1645022232342,23.6134347393741,-24.5510234733116,-4.51959223023354,-16.4015774538638
-1.60951177863367,44.3624893485094,4.60769616084365,89.4745522585909,48.3339164860895,29.5859080652054,23.7617702517567,-24.6395997452535,-4.64005327488896,-16.5328244397136
-2.55797747385257,44.4724468472987,4.34431034847776,89.3704276024574,48.6157312946699,30.0002927558376,23.9362960438559,-24.7360959693729,-4.75498297445321,-16.667821567224
-3.45936410977733,44.5500154776836,4.06143081806803,89.2369555907634,48.8063682616846,30.4455028240032,23.9647694100939,-24.8392134881452,-4.86227103323786,-16.8019053685333
-4.29794980532708,44.6019584566934,3.77901351313338,89.0677231830743,49.0561047774361,30.8219867689361,24.1718752728003,-24.9416859670376,-4.97023606571137,-16.942249665971
-5.07853857196981,44.6264410956878,3.49387032866085,88.8624171983542,49.2947321459562,31.1537326514193,24.4068770022858,-25.0423048495759,-5.07620998968814,-17.0847087208176
-5.80210909544093,44.6252815938928,3.2096529727085,88.6203890997011,49.5259345438622,31.4423951007741,24.646186555466,-25.1382937132284,-5.17975346667423,-17.2280509677153
-6.46940472304596,44.6003813866486,2.93027117970014,88.341521781475,49.7513758952421,31.6861438660471,24.882590390198,-25.2276588454716,-5.27958629149763,-17.3715218526323
-7.08123199898855,44.5535021082558,2.66009095006233,88.0264695337056,49.9713052008165,31.8846548328002,25.1143719579107,-25.3096362547816,-5.37348032014507,-17.5147132811884
-7.63842650397906,44.4859856785252,2.40398084844862,87.6770050614957,50.1854777990318,32.0386193471019,25.3438190372308,-25.3847403369253,-5.45863836045156,-17.6574864641583
-8.14211691834472,44.3985431862709,2.16690864576585,87.2965345883869,50.393089920836,32.1491515565074,25.5748328196732,-25.454348423036,-5.53231565474296,-17.7996948800622
-8.59407455438143,44.2912440829473,1.95341267674929,86.890286400149,50.5926358994338,32.2176034945971,25.8111157265092,-25.5201117059738,-5.59236107723491,-17.9409476863083
-8.99683733171974,44.1637237930448,1.76732407153699,86.464848846682,50.7825485474719,32.2455736824237,26.0561692256688,-25.5835354422067,-5.63747688348093,-18.0805854278602
-9.35368086451976,44.0155890299334,1.61147529820651,86.0276562352983,50.9617121182994,32.234839412006,26.3132248354169,-25.6458271897033,-5.6672028089341,-18.2177367700452
-9.66858595685877,43.8469323558546,1.48709254749521,85.5869120320794,51.129126766399,32.1873080101744,26.5836038424109,-25.707853478933,-5.68172726729778,-18.3513527971945
-9.9461004776845,43.6587492969148,1.39333760728237,85.1514201078784,51.2839219728563,32.1054405572341,26.8651991696885,-25.76999464322,-5.68169251715522,-18.4802914283038
-10.1910414537998,43.4531130971758,1.32746876318933,84.7298366880894,51.4265453089254,31.9932990459571,27.1529101956353,-25.8318596576671,-5.66813338033711,-18.6034638577717
-10.4082105204754,43.2331313972976,1.28529445423706,84.3298307791563,51.5595828038333,31.8573887413141,27.4402070111485,-25.8920172712341,-5.64256620296202,-18.7199483771566
-10.6021797735752,43.0027549549814,1.26157926804289,83.9576498604704,51.68692457892,31.7064251123739,27.7203260070428,-25.9480768102561,-5.60708778719994,-18.8290302908663
-10.776976982533,42.766501204216,1.25061671309318,83.6178450093298,51.8123715484084,31.5503392266271,27.9868911332763,-25.9973693872457,-5.56426371476255,-18.9302123505033
-10.9356556049569,42.5291981936018,1.24699156039561,83.3130101178014,51.9387710197905,31.3990883133485,28.234203097194,-26.0379012555176,-5.5168027433311,-19.0232556921304
-11.0800150960502,42.2958594391408,1.24617932922618,83.0438255873935,52.0674114834752,31.2613041661804,28.4573475835168,-26.0689017787507,-5.46725519459587,-19.1082075918807
-11.2102427901065,42.0721589280033,1.24474936562335,82.8107839947356,52.1975696526729,31.1436740998201,28.6519370479323,-26.0904938734492,-5.41800830498091,-19.1849741258053
-11.3267268437563,41.8630833873827,1.24133394525194,82.6098484520228,52.3260727102317,31.0481705493818,28.8164759492721,-26.104404435045,-5.37087698740912,-19.2540460983075
