1.77693151327893,20.172949161265,26.6695292331785,82.7241166897049,52.1805219845493,9.07718259656997,14.0470606126665,-32.7270532468533,-3.66409551346302,-1.40553573460473
1.71978280856538,20.2305686087607,26.6064154929132,82.845870296831,51.6923204282633,9.64227790780887,14.012593084323,-32.7500618184185,-3.63678311547932,-1.35101939523357
1.65897337412937,20.2835292988493,26.5393933056983,82.9793345492008,51.1456075058507,10.2398214540712,13.9843461272114,-32.7695207809621,-3.60837094948422,-1.28869050145344
1.59936490494015,20.33427388928,26.4621417368135,83.1320179751052,50.5891840910965,10.882731320078,13.9518549976544,-32.7906655286559,-3.57984398162636,-1.22322894363654
1.54556343788007,20.3799771855256,26.3699080768229,83.3092270426599,50.0309321994113,11.5811337649589,13.9169321846928,-32.8146778578463,-3.55232119816628,-1.15529575614842
1.50236298465282,20.4179313374763,26.2582500169221,83.5137630157494,49.4750264284229,12.3356277339473,13.8793424043248,-32.8417156068489,-3.52660614821772,-1.08587033604657
1.47578970295294,20.445168229825,26.1221991700902,83.7475687161476,48.9254565682803,13.1425297024032,13.8394011546932,-32.8716441419719,-3.50344578173733,-1.01636556257109
1.47278762339465,20.4588140832231,25.9565483181041,84.0107474059311,48.3850115135406,13.9936501524367,13.797597126931,-32.9040034158384,-3.48354219900585,-0.948618701016898
1.50096054794143,20.4563468827257,25.7559559618664,84.3015598184096,47.8549957428977,14.8777402651444,13.7548305745975,-32.9380963355127,-3.46748945027045,-0.884746527326915
1.56822229214592,20.4358044458088,25.5151037503034,84.6165342191158,47.3351541578356,15.7821603498547,13.7124438206662,-32.9730847046692,-3.4557410906723,-0.826948675186221
1.68241281913599,20.3959213701067,25.228941105113,84.9506718923703,46.8239881009682,16.6943260342075,13.6721205492165,-33.0080932292747,-3.44858644065601,-0.777294771118243
1.83397135503302,20.3382077881139,24.8692726398095,85.3028598065066,46.2380971583766,17.6954627588972,13.4277508056766,-33.0338830194286,-3.45025110160393,-0.732594997142939
2.06187947065941,20.2609021706428,24.4756754418896,85.6575484883268,45.7534046676195,18.6121741830332,13.344146176392,-33.0667982629708,-3.45254649721572,-0.705472666879097
2.35628122289741,20.1651509010142,24.026759139986,86.0101314247678,45.2774118559711,19.5087998359336,13.266554940524,-33.0981816301209,-3.45878044747448,-0.69031389853891
2.72074533212481,20.0524592810029,23.5214657912824,86.3526950631587,44.8078222862728,20.3778242472992,13.1917967225833,-33.1274284574596,-3.46815592974433,-0.686584886611409
3.15730752546344,19.9248241540083,22.960410640109,86.6772014811883,44.3437637009225,21.2120808306874,13.1189023924519,-33.1542954919409,-3.47946399360679,-0.693031241964193
3.66615997508031,19.7846267080136,22.3457372971706,86.9760143230278,43.8850471010037,22.0044415005802,13.0456608025445,-33.1786463964234,-3.49107038080128,-0.707575844896418
4.24564705403714,19.6345150287748,21.6810579787833,87.2421957296448,43.4321003927021,22.7475009075527,12.9687493521677,-33.200407693946,-3.50096188739318,-0.727415289953225
4.89237671551037,19.477283561841,20.971312631827,87.4697442561621,42.9858643098094,23.4335285952815,12.8841447610018,-33.2195322505361,-3.50687131859129,-0.749182666485779
5.60143463208114,19.3157514852437,20.22254931652,87.6537560898166,42.5476648644834,24.0547257718858,12.7876473376077,-33.2359631263737,-3.50647632535331,-0.769156985673215
6.36668537574952,19.1526451096451,19.441633771846,87.7904903024596,42.1190747206959,24.6037627387877,12.6754050020607,-33.2496033416482,-3.497641764843,-0.783496904872229
7.18113811422016,18.990493326132,18.635903061291,87.8773307176476,41.7017618972251,25.0745213500492,12.5443464822651,-33.2603037814986,-3.47865385868763,-0.788473136698794
8.0373465229942,18.8315463687757,17.8127881255266,87.9126563864928,41.2973195837913,25.4629252842019,12.3924785466914,-33.2678806585648,-3.44839181477177,-0.780676262414044
8.92780579987858,18.6777245118237,16.9794387814818,87.8956526293068,40.907078290735,25.7677139205579,12.2190473422796,-33.2721631723128,-3.40640304864816,-0.757184031728188
9.84530761371977,18.530596140959,16.1423885607111,87.8261068915611,40.5319160328722,25.9910108980499,12.0245902963183,-33.2730579304543,-3.35288018971122,-0.715680743214311
10.783218728043,18.3913776597773,15.307294997767,87.7042336672903,40.1720960831069,26.1385597220709,11.8109068278392,-33.2706081242773,-3.28856418451218,-0.654527010250102
11.7356599077047,18.2609436373634,14.4787841802862,87.5305610342088,39.8271695854478,26.2195429941804,11.5809596845575,-33.2650252500172,-3.21460916144007,-0.572780315930259
12.6975765429185,18.1398353444366,13.6604161993685,87.3058919415346,39.4959781154375,26.2459630131813,11.338696510625,-33.2566778056753,-3.13244280900425,-0.470167468954705
13.6647094616519,18.0282596091167,12.8547704386465,87.0313316017484,39.1767753373749,26.231632714574,11.088766203884,-33.246033425118,-3.0436451086678,-0.347011744390356
14.6334905526889,17.926076726902,12.0636296092442,86.7083536025095,38.8674557306334,26.1908946422461,10.8361101451182,-33.2335655488264,-2.94985304641364,-0.204120941397848
15.6008988117627,17.8327831142452,11.2882253024916,86.3388663719671,38.5658385863791,26.1372347164232,10.5854448559829,-33.2196475335884,-2.8526856859344,-0.0426473826708655
16.5643153485608,17.7474991060671,10.5295004777285,85.9252415782212,38.269925848488,26.0819776168429,10.3407113844257,-33.2044620209135,-2.75367746452278,0.136064376403169
17.5214098764515,17.6689743640853,9.78834646572137,85.4702780548547,37.9780539209513,26.0332434949457,10.1046134201176,-33.1879510219246,-2.65420869743338,0.33062335466626
18.4700770533665,17.5956224223918,9.06578143038068,84.9770965724963,37.6888953381653,25.9953121481511,9.87836714271424,-33.1698234862683,-2.55543056337884,0.539711918544018
19.4084221836741,17.5255905146585,8.36305045985896,84.4489850109335,37.4013172744394,25.9684796455651,9.66173850191612,-33.1496233653938,-2.45819534042625,0.762160903127419
20.3347783222272,17.4568612209381,7.68164139692263,83.8892306433634,37.1141486266504,25.9494164951046,9.45337170187408,-33.1268454361523,-2.36301471589814,0.996965268324341
21.2477269213426,17.3873729351613,7.02322308596199,83.3009801735527,36.8259357741051,25.9319721263359,9.25134119118476,-33.1010736352883,-2.27007045190658,1.24323561510906
22.1460948567185,17.3151424931178,6.38952288138139,82.6871594512833,36.5347752071968,25.9083335871079,9.05380493183271,-33.0721118317311,-2.17928844893513,1.50009833602005
23.0289101695832,17.2383770968923,5.78216712872834,82.0504691523185,36.2382941307238,25.8704255914757,8.85961185554668,-33.0400797156166,-2.09046425055928,1.76657605078892
23.8953120618419,17.1555691724733,5.20251115399432,81.3934569241015,35.9338077875064,25.8114108951159,8.66872992544289,-33.0054528718738,-2.00340614880697,2.04149074993601
24.7428681148472,17.0642631271595,4.64512913088479,80.7217858196809,35.630196083837,25.7924882570423,8.39421620750986,-32.9675891817814,-1.91810823224042,2.32288777383197
25.5734839939514,16.9662999354011,4.12265654593963,80.0323098974194,35.2991880753469,25.6829302889952,8.21387350559615,-32.9302611181711,-1.8345498331639,2.6102103324544
26.384443884216,16.8600768849965,3.62899033652677,79.3307894444305,34.9533583260749,25.5513963739331,8.04442108514898,-32.8933095184244,-1.75312025485565,2.90129949100103
27.1739445213211,16.7456991826741,3.16333506377532,78.620880108461,34.5925068635711,25.4067211654933,7.88880541459133,-32.8577228317833,-1.67418837463512,3.19459793021882
27.9397008200215,16.623609190577,2.72441414529905,77.9069552869627,34.2176261213955,25.2615366831392,7.75015845893214,-32.8242502363492,-1.5981234667253,3.48885439102975
28.6789386779304,16.4945020152998,2.31061954193827,77.1942165264241,33.8311033175934,25.131458081379,7.63077865595129,-32.7933001023176,-1.52520398361759,3.7832294279332
29.3884734700649,16.3592138412232,1.9202016463253,76.4886963743236,33.43663022981,25.0338392047232,7.53170284252355,-32.7649266404231,-1.45556900549312,4.07733829668806
30.0648549571293,16.2186044448821,1.55145952602314,75.7971463493747,33.0389622146488,24.9865313361623,7.45245460105045,-32.738882407635,-1.38920845532406,4.37121068796214
30.7045678087022,16.0734461532792,1.20289710914762,75.126794610664,32.6435480095489,25.0068463187065,7.39099579760389,-32.7147133968379,-1.32598624213638,4.66517657615649
31.3042745713949,15.924330766222,0.873320380753958,74.4849737081831,32.2560670590292,25.1108189122361,7.34386330564721,-32.6918701958944,-1.26568526732039,4.95969756717589
31.8610840537855,15.7716062866698,0.561867349560523,73.8786435164352,31.8819248115806,25.3127381310424,7.30642846680999,-32.6698126730414,-1.20806055984493,5.25517042063625
32.3728233894991,15.6153538655901,0.267979093405908,73.313861018559,31.5257658609021,25.6248201946969,7.27319834969335,-32.6480932009989,-1.15288707891919,5.55173308009993
32.8382886127459,15.4554102610532,-0.00867130983679708,72.7952676754172,31.1910675102924,26.0568638101419,7.23809282128225,-32.6264115302772,-1.09999288249911,5.84910183339695
33.2574474456786,15.291433716865,-0.268276529098314,72.3256705377339,30.8798706794435,26.615770825476,7.19466898040101,-32.6046408793301,-1.04927510128682,6.14646204556303
33.6315698129067,15.1230040383631,-0.511010387422653,71.905783464968,30.5926899977641,27.3049093316778,7.13630950404541,-32.5828287808931,-1.00070229092178,6.44242664627592
33.9632670740944,14.9497424479655,-0.737156549041443,71.5341715197032,30.3286202024595,28.1234032862442,7.05643042263115,-32.5611776059123,-0.954309315595303,6.73506792344587
34.2564299787502,14.7714343099399,-0.947244575787588,71.207408699071,30.0856236134321,29.0655173789241,6.94878171464279,-32.540008884761,-0.910188852807722,7.02201980087379
34.5160668269214,14.588137716127,-1.14218004297821,70.9204225867741,29.8609488024626,30.1203442739936,6.80789585671608,-32.519714273736,-0.868478461468072,7.30063933553405
34.7480552415633,14.4002619997261,-1.32334656645172,70.66696742237,29.6516015786472,31.2719807762842,6.62968045608305,-32.5006963299907,-0.829337854582949,7.568207643483
34.9588302459156,14.2086021903152,-1.49265292608574,70.4401485852415,29.4547742387801,32.5003010265318,6.41206691771343,-32.4833041378871,-0.792911523010174,7.82214435883078
35.1550354376851,14.0143198223623,-1.65250192634142,70.2329227136369,29.2681441083269,33.7823177000157,6.15555092046066,-32.4677702778997,-0.759277820324124,8.06020986602681
35.3431633598701,13.8188688338962,-1.80567005629393,70.0385171782318,29.0899820756323,35.0939979095151,5.86342933139444,-32.4541556854029,-0.728393433722752,8.28067599263371
35.5292087199421,13.6238764616221,-1.95510529263451,69.8507412219666,28.9190646702847,36.4122978350945,5.54157820805067,-32.442309068533,-0.70004688400997,8.48245349709675
35.7183562383996,13.4309995849502,-2.10366794993825,69.664187989328,28.7544449702167,37.717115664683,5.19773000747075,-32.4318491460421,-0.673834257047279,8.66516865257548
35.9147231952074,13.2417831137527,-2.25384981809344,69.4743456506589,28.5951818755106,38.9928465201152,4.84036390920615,-32.4221793951045,-0.649166511163758,8.82918166737685
36.1211734423099,13.057546428268,-2.40750790414833,69.2776454748134,28.4401315431705,40.2292675038393,4.4774619863824,-32.412542269051,-0.625312831477438,8.97554041207764
36.339213924959,12.8793166870548,-2.56564393893787,69.0714757673755,28.2878688974482,41.4215927211544,4.11544448531978,-32.4021107492311,-0.60147905723392,9.10586758998522
36.5700952359978,12.7093088605115,-2.71947330384832,68.8489099641411,28.1605515838931,42.5276699288767,3.79659958787925,-32.3913792462239,-0.577440938710674,9.22098769521116
36.8102785139255,12.5450208501295,-2.88569601035621,68.6200536972667,28.0087746596723,43.6359708702413,3.44523839978043,-32.3771471538523,-0.551546977075846,9.32536480248761
37.0586194039623,12.3881689593513,-3.05352008153003,68.3798618097811,27.8544235113102,44.7089531812457,3.09973660567596,-32.3602991163168,-0.523979344534015,9.42017366536258
37.3118526814458,12.2389362177555,-3.21970612859458,68.1294345582247,27.6967791253496,45.7498859200758,2.76067680593452,-32.3407889248313,-0.494772201352901,9.50741953314931
37.5659403307535,12.0974928905064,-3.38063037016421,67.8710133134675,27.5351957108425,46.7615612083427,2.42699896929492,-32.3187995230161,-0.464283475043795,9.58881507456332
37.8164076673533,11.9640741219749,-3.53234074501551,67.6077823865106,27.3695270320966,47.7443345676176,2.09802101636148,-32.2947466104439,-0.433167701138579,9.66572815931413
38.0586554997387,11.8390150823309,-3.67089545823389,67.3437801792566,27.2000291727076,48.695816340072,1.77389277736115,-32.2692089278084,-0.402273462841326,9.73920753635173
38.2882763821282,11.7227540374459,-3.79270683585907,67.083756196192,27.0271825049592,49.611134139661,1.45573170802195,-32.2428493222139,-0.372515460567038,9.81004106956277
38.5013564310527,11.6158121112302,-3.8948535795399,66.8329609678631,26.8514949133698,50.4836300785371,1.14550814500961,-32.216347273116,-0.344755708953528,9.87880863854349
38.694739646517,11.5187619344921,-3.97534061343286,66.5968675284335,26.6733357259847,51.3058662866165,0.84571781851702,-32.190355019312,-0.319719155444614,9.94590482820719
38.8662296336583,11.4321955462573,-4.03328969464257,66.3808344473104,26.492829565227,52.0707984074491,0.558877693572849,-32.1654777674893,-0.297951812327418,10.0115311477547
39.0147056692491,11.3566967221441,-4.0690392988107,66.1897354967275,26.3098163200787,52.7729423959785,0.286909620973333,-32.1422679352179,-0.279812985361581,10.075680399501
39.1401383070935,11.2928174213701,-4.08412549238062,66.0275976544509,26.1238664692705,53.4093232593341,0.0305346759335745,-32.1212204161151,-0.26548488476882,10.1381449128522
39.2435032721445,11.2410554676034,-4.0811180969665,65.8973011309208,25.9343348842054,53.9800004075691,-0.211156535292364,-32.1027615095733,-0.254984345780153,10.1985716853042
39.3464197620054,11.1827428173717,-4.07593120781392,65.7782373136033,25.6126241585002,54.5378047329616,-0.235000156403937,-32.0946444031235,-0.247727764684355,10.2447185417478
39.4112008108726,11.158284027467,-4.04655863558093,65.7157244814573,25.4321720007593,54.9767011364037,-0.473905780257536,-32.0837063603195,-0.244274045651609,10.2996763995181
39.4610190022981,11.1455831106502,-4.01112253352997,65.6859855167301,25.2304806399299,55.3783260446075,-0.708103153264329,-32.075051178831,-0.243561671245642,10.3530261951907
39.498351612078,11.1464467983039,-3.97051538102332,65.6868202367237,25.0235852133211,55.7367644919568,-0.945805525070118,-32.0695524005157,-0.245134618218944,10.4039527843895
39.5261114643727,11.1606235902256,-3.92673563668555,65.7153014544268,24.8091534041792,56.0594190760305,-1.18929176657588,-32.0673606995964,-0.248217608635153,10.4528013813212
39.5466965133259,11.1882561408482,-3.88015068117149,65.7681368980304,24.5905555339742,56.3516859743616,-1.44330065180608,-32.0684505531928,-0.25193198033799,10.5003575923212
39.5620607776678,11.2295523140559,-3.83013629046448,65.8420288905535,24.3721891694477,56.6175820575048,-1.71145673656585,-32.0727603615323,-0.25534405179221,10.5476529312772
39.5736484882832,11.2848484297299,-3.77511311217231,65.9339163679265,24.1600913346746,56.8593647573784,-1.99566811158272,-32.0802440668779,-0.257545256531129,10.595841827334
39.5823697485714,11.3545884688524,-3.71283569759232,66.0412596117373,23.9614522123769,57.0777111864043,-2.29560613447653,-32.0909004247868,-0.257736820004506,10.6460840006992
39.5886166421615,11.4392496783494,-3.64068669825745,66.1622880147147,23.7840188222258,57.2719838335446,-2.60843672105163,-32.1047883848801,-0.255309670813889,10.6994371536701
39.5923240111267,11.5392088570033,-3.5559695413021,66.2962051685514,23.6352695552635,57.4405267756765,-2.92889441978768,-32.1220284020192,-0.24990545930143,10.7567611714175
39.5930804733037,11.6545684969726,-3.45616894614517,66.4433111802135,23.5215230217507,57.5809453525622,-3.24978713845488,-32.1427890093645,-0.241449268459118,10.8186319445731
39.5902890400544,11.7849773516527,-3.33917241617244,66.6050012375837,23.4471254441628,57.6903748206824,-3.56291711303537,-32.1672585973525,-0.230150558603948,10.8852630291268
39.5833656599154,11.9294885382969,-3.20345185749142,66.7836087515434,23.4138518717505,57.7657668597738,-3.86026528014825,-32.1956025998204,-0.216476125949528,10.9564373829877
39.5719527600226,12.086494523565,-3.04820649654227,66.9820863028356,23.4206128104241,57.8042288806156,-4.13517503598878,-32.2279072209958,-0.201105012831036,11.0314567611772
39.5561191129805,12.2537634119551,-2.87346567537833,67.203552187623,23.4635045174708,57.8034369351625,-4.38324303724496,-32.2641139257359,-0.184877807232285,11.1091204692736
39.5365191018233,12.4285806536668,-2.68014390334709,67.4507660868356,23.5361911319856,57.7621059287309,-4.6027045475433,-32.3039537137626,-0.168750000456087,11.1877460612716
39.5144914002549,12.6079808992059,-2.47003253367282,67.7256222770174,23.6305710456481,57.6804479424802,-4.79426520940248,-32.3468938682582,-0.153751982745132,11.2652421774952
39.4920855887168,12.7890396257587,-2.24570817529201,68.028751742561,23.7376573301213,57.5605054226744,-4.96051078130455,-32.3921100745797,-0.140950873761763,11.3392390842948
39.4720138307338,12.9691842926738,-2.0103445599005,68.3593016292869,23.8485781852489,57.4062405632842,-5.10513926910521,-32.4384943950494,-0.13140717001947,11.4072745725915
39.4575338659929,13.1464809821087,-1.76743420715239,68.7149189242939,23.9555661842719,57.223307805517,-5.23226034540446,-32.4847065893073,-0.126124262676924,11.4670199855575
39.4522786216692,13.3198558595957,-1.52045153133972,69.0919199297167,24.0527674730131,57.018517281854,-5.34591194014336,-32.5292716494362,-0.125996467419547,11.5165168972654
39.4600545639174,13.4892212537167,-1.27250729170619,69.485591979411,24.1367014323556,56.7990797112047,-5.44981475285237,-32.5707169188662,-0.131763489938034,11.554388012877
39.484634043768,13.65549191681,-1.02604722006792,69.8905561060896,24.2062664564519,56.5717776280772,-5.54728663875294,-32.6077284700374,-0.143973730098632,11.5799908840042
39.5295663175606,13.8204954173668,-0.782636983042888,70.3011195369809,24.2623049573963,56.3422226940613,-5.64120644023625,-32.6392956282894,-0.162951354583544,11.5934956788952
39.5980277292125,13.9867982296906,-0.542858908337318,70.711562061592,24.3068598471068,56.1143398335496,-5.73394972008539,-32.6648122321086,-0.188760578055627,11.5958807743124
39.6927235942321,14.1574817779389,-0.306328293968523,71.1163258624825,24.342326075795,55.8901750986803,-5.82728614068099,-32.6841143184647,-0.221167194116413,11.5888487479864
39.8158435193685,14.3359070011795,-0.0718190487754518,71.5101074418111,24.3707043033039,55.6700619620645,-5.92228629619281,-32.6974506142715,-0.259607461494622,11.5746721005705
39.9690607482309,14.5255009377453,0.162529708268882,71.8878740740695,24.393108524773,55.4531094331214,-6.01930230677009,-32.7053974555959,-0.303181454947813,11.555985802886
40.1535580184189,14.7295863087937,0.398968536805694,72.2448384865375,24.4095920473976,55.2379096667328,-6.11805860768631,-32.7087390951985,-0.350687292799655,11.5355529665852
40.3700599928815,14.9512595347826,0.639901025285928,72.5764226727117,24.4192685809091,55.0233172676465,-6.21784028645448,-32.7083363345275,-0.400702844787676,11.5160369762896
40.6188561004641,15.1933098223692,0.88769537880368,72.8782308155111,24.4206414160577,54.8091373067447,-6.31772613143263,-32.7050026333974,-0.451706209494495,11.4998131974954
40.8998059061205,15.4581664054511,1.14456802176593,73.146041054452,24.4120235635234,54.5965791294531,-6.41680145327391,-32.6994013285837,-0.502213613761619,11.4888438507396
41.1875590793957,15.7387189834713,1.44152474967813,73.4005400332396,24.3977248363426,54.1533211027654,-6.50573755396162,-32.6740069283071,-0.55990606872221,11.491814899885
41.5300729282365,16.0528688674881,1.72174445782305,73.59020131711,24.3461920722406,53.931014902071,-6.58880630345083,-32.6651926801807,-0.605864502944015,11.4964171611781
41.901517767661,16.3949088400397,2.01611328511949,73.7348546039905,24.2845255324325,53.7261597519808,-6.67825098534624,-32.655257374701,-0.6481324366353,11.5094847451463
42.2998562215866,16.7655026067358,2.32675373452964,73.8312217616273,24.2104114168988,53.5404709205014,-6.76714883991216,-32.6432097461805,-0.686541383563736,11.5311109527763
42.7227565540214,17.165057040365,2.65543895933113,73.876507196094,24.1247643713795,53.3786562939761,-6.85493683978363,-32.6285993726118,-0.721204786682294,11.5613583894404
43.1675920953363,17.5936764829201,3.00395555378102,73.8683533300073,24.0290198007081,53.2445702965472,-6.94127500277622,-32.6109980333192,-0.752590993837956,11.6001956963358
43.6315587628867,18.0512390373753,3.37409512172345,73.8048253378703,23.9249119047821,53.1407959069235,-7.02565702150875,-32.5900709449946,-0.781467201883981,11.647564275084
44.111800175078,18.5374956489257,3.76760368022183,73.684377373601,23.8143800573372,53.0685764873662,-7.10736039211883,-32.5656571956796,-0.808815511591566,11.7034383692768
44.6055249685415,19.052170850363,4.18613021866074,73.5057960652932,23.6994838253168,53.0279300559514,-7.18539971937008,-32.5378226578819,-0.835725566563304,11.7678704544968
45.1100990563939,19.5950561891663,4.63119579781532,73.2681344573817,23.5823197470496,53.0178556332643,-7.25848266177311,-32.5068768581216,-0.863268260634799,11.8410229778732
45.6231010013245,20.1660904170485,5.10419159096417,72.970651447792,23.4649378276541,53.0365471049978,-7.32499260309058,-32.4733515590325,-0.892361592013048,11.923185764862
46.1423369932211,20.7654211686365,5.60639947240118,72.6127686101103,23.3492544607627,53.0815664888414,-7.38301291994845,-32.4379439744031,-0.923647852725441,12.0147763007819
46.6658205933217,21.3934413182261,6.13901807592676,72.1940511503393,23.2369580578784,53.1499799898095,-7.43038678699866,-32.4014331824641,-0.95740441249193,12.1163207699162
47.1917294545016,22.050790650753,6.70317526576776,71.7142147976166,23.1294087948649,53.2384948332189,-7.46478930679073,-32.3645843134769,-0.993504584611587,12.2284172071661
47.7183552404142,22.7383117929078,7.29991497165654,71.1731560833475,23.0275446105873,53.3436323618673,-7.48378444664071,-32.3280593426795,-1.03143320729383,12.3516856313279
48.2440632216289,23.4569510558054,7.93015835981541,70.5709992316879,22.9318150002844,53.4619420668942,-7.48484549207492,-32.2923530749001,-1.07035044620906,12.4867113430546
48.7672745656451,24.2076021397757,8.594650750621,69.9081490385107,22.8421651867395,53.5902289219872,-7.46532841206075,-32.2577672431274,-1.10919157571632,12.6339871388873
49.2864780316237,24.9909035872402,9.29391230071269,69.1853369574583,22.7580857669501,53.7257533039162,-7.42240087842028,-32.2244267126649,-1.14678973767491,12.7938595840374
49.8002701894008,25.8070165428404,10.0282104110831,68.4036482596387,22.6787314044656,53.8663715048404,-7.35294773771373,-32.1923332044843,-1.18200982823014,12.9664840474726
50.3074159837262,26.6554226656573,10.7975653360084,67.5645217259007,22.6030995497831,54.0106024834555,-7.25349705294959,-32.1614456151042,-1.21388184235447,13.151792417879
50.8069154352502,27.5347871980103,11.6017899461407,66.6697196824897,22.5302464515396,54.1576141627932,-7.1202313921054,-32.1317713648959,-1.24172011046644,13.3494765054267
51.2980579191495,28.4429253465156,12.4405546690537,65.7212752407572,22.4595031179268,54.3071111133419,-6.94914853290774,-32.1034496055918,-1.26521246503711,13.5589899352107
51.7804432786753,29.3768919603294,13.3134636010536,64.7214339443524,22.3906439295589,54.459092817353,-6.73639942864595,-32.0768056959459,-1.2844635163448,13.7795719034846
52.2612739446262,30.3290341267572,14.2488759457329,63.6505032849842,22.3286208833121,54.5887551025508,-6.32906344475756,-32.0497358137287,-1.30231601222068,14.0092093341105
52.7189890455902,31.3078465797644,15.1613835258464,62.576483714414,22.2606280436438,54.7675231821399,-6.16704720003215,-32.030655095163,-1.31267084751254,14.2499926683773
53.1828340717692,32.2935137311872,16.1661361660425,61.4140040056799,22.2086627163707,54.8993368767513,-5.65822775112176,-32.0098701540673,-1.32570325295438,14.4968086891703
53.63041363097,33.2949363220975,17.1744630019454,60.2337149933299,22.1550059515409,55.0518814846528,-5.25244997459259,-31.9958900749875,-1.33567178864104,14.7518736589648
54.0684806635698,34.3057439262454,18.2160432729303,59.0168432967002,22.1096143075166,55.199151278869,-4.80594588838343,-31.9865116364929,-1.34578920586459,15.0136081821871
54.4957859319693,35.3243187353568,19.2906625939793,57.7679034715982,22.0724644148905,55.3371959377383,-4.32329106158623,-31.981737299942,-1.35672414188098,15.2816694725964
54.9102825866148,36.3499885750986,20.3980713676109,56.4921217556509,22.0445682394643,55.4630928618591,-3.81164382325863,-31.9811944782468,-1.36877960138289,15.5560973791393
55.3092089518011,37.3828017446921,21.5376937131004,55.1954417028255,22.0265960901881,55.5753771851389,-3.27902497254155,-31.984161029101,-1.38187742511645,15.8372088576251
55.6893143159267,38.4232350684479,22.7084786978657,53.8843345162866,22.0188370034474,55.6746378895443,-2.73352369812168,-31.9897043854542,-1.39560757533278,16.1254539499877
56.0472126784275,39.4718419625359,23.9087980958793,52.5654926720411,22.0212089328129,55.7636606549805,-2.18252739067376,-31.9968683957825,-1.40931941866553,16.421221707734
56.3797824460073,40.5289146111173,25.1364252289556,51.2454604456316,22.0333164308978,55.8470263909294,-1.63211525396663,-32.0048461186563,-1.42222272070953,16.7246425934438
56.6845237310788,41.594219369373,26.3886052390837,49.9302651163965,22.0545446163256,55.9302508869365,-1.0867502301826,-32.013087270007,-1.43347242040253,17.0354341821025
56.9598127430818,42.6668358571012,27.6622029650513,48.6250985749966,22.0841740454865,56.0186870883093,-0.549327030366246,-32.021321001553,-1.44222710413606,17.3528204414559
57.2050326813292,43.7451026102748,28.9539002603404,47.3340790457348,22.1215016706569,56.1164733735676,-0.0215108096411894,-32.0295076175633,-1.44768637457331,17.6755322862525
57.4205920816672,44.826654024307,30.2604142313015,46.0601082274979,22.1659547245273,56.225781329069,0.495814673400023,-32.037751397193,-1.44912061975101,18.0018785573059
57.6078562946142,45.9085256902015,31.57871642143,44.8048303295698,22.2171859063358,56.3465050434546,1.00220393420218,-32.0462082521209,-1.44590713550539,18.3298670435199
57.7580690284339,46.9868187424074,32.8446114925539,43.6025148240133,22.2405339186047,56.5201598972582,1.30208727825892,-32.0593789652014,-1.43576783559647,18.6585136698717
57.9069315433011,48.0593991703324,34.2418052495906,42.3507891637728,22.3431004616565,56.6123909546611,1.98156592668056,-32.064278510629,-1.42390982296698,18.9822951325529
58.0138781326856,49.1187334004569,35.5153387916697,41.1853040058357,22.3739911000528,56.7920022085578,2.26009766284049,-32.0782505416834,-1.40329781900579,19.3035861580377
58.1262885812966,50.1682758940072,36.9301017850097,39.9650399445274,22.4975182023023,56.8777742811365,2.92428623291682,-32.0838663785196,-1.38094340609841,19.6165893263048
58.2035619035468,51.1943458521197,38.2110217798579,38.8288383172563,22.5435529775507,57.0436422090558,3.1886076807812,-32.0983429895814,-1.35134032764063,19.9242211960777
58.2929704183186,52.2080536820308,39.646522850914,37.6318092422744,22.6940194875161,57.1016447102223,3.8491555142469,-32.1043387298361,-1.32122684005002,20.2216311145514
58.3527563441965,53.1897576751083,40.9412378206129,36.5171218668586,22.7637435126617,57.2360310047149,4.11465320351432,-32.118848923686,-1.28647388804707,20.5128180385565
58.4293925633354,54.1593272169129,42.4071194067277,35.3367402080337,22.9517797276457,57.2502441715649,4.78726625251016,-32.1250502421067,-1.25332020058283,20.7938774736942
58.4792908708507,55.0907762078729,43.72666608529,34.2392762879451,23.0563275921887,57.3426478473147,5.07219410100799,-32.1395083780148,-1.21839298123845,21.0696799526971
58.5477449376207,56.0134908947228,45.2355314648057,33.0735428735924,23.2959184772538,57.3054437684356,5.77175199939254,-32.1462395855591,-1.1871853667642,21.3372158476847
58.5893383206037,56.893980157386,46.5904537723683,31.9945603069978,23.4457398804875,57.3536607754216,6.09168008809172,-32.160986318919,-1.15633320623428,21.6014584365605
58.6480827447529,57.771604241664,48.1520004179922,30.8472818896415,23.7496973349379,57.2661952446179,6.82794234577196,-32.1687664561861,-1.13049600150643,21.8603231059373
58.6774881133861,58.6035964682818,49.5462716079666,29.7939103733184,23.9506767896506,57.2754670763528,7.19147087898073,-32.1840488095197,-1.10578380343306,22.1178066985264
58.7202535079782,59.4396335705051,51.1610900165086,28.6745855491568,24.3262609845692,57.1463286711616,7.9653350070684,-32.1929399169782,-1.08611121164813,22.3728175300978
58.7303031491401,60.2259097470056,52.5874734907192,27.6589387217225,24.5780200562218,57.1267576084635,8.37073523257069,-32.2083846086786,-1.06691830680126,22.6272276510397
58.7487925713883,61.0228080188787,54.2432669112729,26.5815964958441,25.0251450772354,56.9683444900299,9.17152318285152,-32.2176351329847,-1.05157525308302,22.8809837471534
58.7320580645128,61.7645480183831,55.682338150306,25.6188612074355,25.3215513145261,56.9303022855703,9.60538414245647,-32.2322124403909,-1.03514710716051,23.1329780868718
58.7190561301586,62.5226227880781,57.3546846462623,24.5995574024737,25.8327988888092,56.7531716591644,10.4116176287816,-32.2404643884763,-1.02071383136771,23.384283073051
58.6705135103061,63.2196004104877,58.7782629790096,23.7048218619998,26.1629194436499,56.702237577316,10.8513503144846,-32.2528628931379,-1.00361237218824,23.630647265127
58.622087049338,63.9380569070058,60.4355110950055,22.7578392300967,26.7239388364268,56.5102464115904,11.6356996764484,-32.2585565147896,-0.986863305294703,23.8744406899595
58.5402997084378,64.5901466921218,61.8123755913257,21.9423367540124,27.0726435414624,56.445184814019,12.0550091949158,-32.2674119252654,-0.96681488349924,24.1089319260169
58.4563164841658,65.2684770912739,63.4211265084506,21.0766277088322,27.662579033098,56.2355424763955,12.790508982747,-32.2688429645694,-0.946540838616001,24.3379232911804
58.3431864583518,65.8763686239783,64.7213874033879,20.3451098527629,28.0108984900309,56.1518426169556,13.1652366050692,-32.2725757136747,-0.923899227415107,24.5534183332652
58.2268278023836,66.5142384975359,66.2496087468312,19.5627003692825,28.6032883974258,55.9211041607063,13.8302590697645,-32.2677514276671,-0.90195690589964,24.7605616750652
58.0871124804171,67.0784410903794,67.4470804048561,18.9129200802387,28.9297131497958,55.8178990471037,14.1434001221998,-32.2645447929136,-0.88007476738723,24.9513460998755
57.9445440363808,67.6742321081577,68.8665395143678,18.2095273442493,29.4960303035716,55.5692269743189,14.7252490365059,-32.2515139840757,-0.861086889018848,25.131928197038
57.7857522807201,68.1933820225071,69.941693363993,17.6337857644844,29.7807326117123,55.4536151750419,14.9705262154671,-32.2399404117793,-0.845289998664081,25.2951358133804
57.6259179513108,68.7428262055616,71.2321533311651,17.0013370463924,30.2975725123425,55.1988296914038,15.4674477116434,-32.2177530855355,-0.834973809612166,25.4477580220326
57.4578506159219,69.2124504659708,72.1753406563302,16.4901227706153,30.5282837220923,55.083834918897,15.6499149431665,-32.1977798143482,-0.830449350395665,25.5836669353123
57.2913488222786,69.7079104095672,73.32674373587,15.9213503643725,30.9835685106401,54.8394261505484,16.0693808784839,-32.1674452739575,-0.83318819736178,25.7100928181704
57.1244530859398,70.1199908263347,74.1366513209686,15.4686040892898,31.1581691541429,54.738602894254,16.2013896426651,-32.1410802320686,-0.842620685437266,25.8215125911695
56.9607857371494,70.5213835368974,74.9955305234405,15.00929380984,31.4115325496427,54.5910964673079,16.4229477043109,-32.1095412050063,-0.859085562582783,25.9240009168396
56.8035004187141,70.8904447200932,75.8007302833721,14.5761304941534,31.6540249014865,54.4521563500533,16.6337994249472,-32.0771521052112,-0.881362998338661,26.0168643873593
56.6534297795062,71.221785865697,76.5370863971852,14.1759421731838,31.8731770673595,54.3291849519167,16.8250509210653,-32.045375826898,-0.908110747929785,26.1012594681644
56.5117911469908,71.5134136296505,77.2019089500024,13.8115568583313,32.0687787063738,54.2231821409493,16.9975991442459,-32.015557046855,-0.937577178602201,26.1781690027685
56.3796665102292,71.7646946591113,77.7947678241082,13.4849828433219,32.2420894877421,54.1331982841742,17.1536345513336,-31.9889697910016,-0.967792867586418,26.2484090757347
56.2579278013203,71.9761610766562,78.316460538339,13.1975401731755,32.3943781367676,54.0569568429854,17.2957031828237,-31.9667271350539,-0.9967530167106,26.3126333117183
56.1472342272654,72.1494447721408,78.7689320716357,12.9496985456972,32.526683399752,53.9912647481044,17.4264665907681,-31.9496932540929,-1.02258765206967,26.371340574904
56.048034557697,72.2871376790014,79.1551212440562,12.7409846465221,32.6397435193949,53.9325266445146,17.5484495339064,-31.9384140434424,-1.0437070720104,26.4248855564324
55.9605728625441,72.3925930350872,79.4787362811997,12.5699765697468,32.7340004165334,53.8772579510851,17.6637968618739,-31.9330744666683,-1.05891271680565,26.4734895603016
55.8849012076001,72.4697013253256,79.744088462116,12.4343611228935,32.80969951414,53.8224645409271,17.7741259942111,-31.9334870995396,-1.06746714229567,26.5172548669069
55.8659591329349,72.6084638770108,80.2699113740507,12.1873603655131,33.2022693212377,53.9610651685309,17.8511936552983,-31.9404052126409,-1.06495414121567,26.5382941041906
55.8175409172101,72.6262217101732,80.3465810465987,12.1366371318601,33.1162343403146,53.9082384180582,17.9171124022222,-31.951431636635,-1.05998851423017,26.5674237716806
55.7760441935846,72.6489541325882,80.4945760225441,12.0781904003011,33.1672091815844,53.8274214893162,18.039336381356,-31.9642036942181,-1.04859766387095,26.5958424717329
55.7433369647372,72.6489813088036,80.5587473916308,12.0556143224872,33.1381576329486,53.7439223464165,18.1408847640128,-31.9789725508419,-1.03269263552944,26.6194235802259
55.7203583719198,72.6436364075633,80.6095934884763,12.0442568048106,33.1198855190824,53.6549620394224,18.244191949201,-31.9950198903484,-1.01270461693592,26.6386250991155
55.7064548950004,72.6314861917517,80.631906798033,12.0465628143614,33.083776950369,53.5648282331644,18.3393756219425,-32.0114609219751,-0.989980854523085,26.6532085884091
55.7010581778554,72.6169928198374,80.6405471465209,12.0559446942275,33.0451038243362,53.474179589982,18.4288691901971,-32.027629674329,-0.965600072798516,26.6634503095902
55.7034221965762,72.6017684675758,80.6381554617836,12.0698303458831,33.002947581402,53.3853470793676,18.5105631403999,-32.0431220946621,-0.940610884218359,26.669610621645
55.7127568172318,72.587860767203,80.6304260793624,12.0849678027241,32.962184982589,53.3003220792217,18.5837290078714,-32.0578415316302,-0.915826852116957,26.6721105438037
55.7281868601582,72.5765894216266,80.6203911753819,12.099212698273,32.925042520535,53.2210325299354,18.6471742774714,-32.071968972835,-0.891829273621523,26.6714532924881
55.7487798698587,72.5690003790363,80.6105877372641,12.1108740434951,32.8938640937566,53.1486815795756,18.7003875867596,-32.0859091768505,-0.868942129875045,26.6682210374662
55.7735610790907,72.5657033191495,80.602417219179,12.1189101257006,32.8698213352938,53.0834864526967,18.7436493406097,-32.1002105975982,-0.847262326005707,26.6630295810151
55.8015423487684,72.5669243983974,80.5965678569563,12.1227718797257,32.8532686957284,53.0244849373413,18.778390798327,-32.1154766350289,-0.826708288685222,26.6564906099601
55.8317495887406,72.5724843860841,80.59304453584,12.1223422543006,32.8436904897182,52.9696086690966,18.8072156586994,-32.1322784161068,-0.807088913861617,26.6491706911778
55.8632489264717,72.5818257601231,80.5913392143364,12.1178111683234,32.8399928511335,52.9159602492512,18.8337373180572,-32.1510792422674,-0.788177154090785,26.6415566199679
55.8951673224685,72.5940563532861,80.5905622164953,12.1095517888984,32.8408080361167,52.8602621656997,18.8621852041994,-32.1721765603334,-0.769777689529155,26.6340281479612
55.9267056734167,72.6080305557823,80.5896242947703,12.0979849365847,32.8448481234635,52.7993910036072,18.8968590049085,-32.1956651782564,-0.751777812754558,26.6268423915592
55.9571409004826,72.6224647899114,80.5874527578163,12.0834529396579,32.8512008468722,52.7309075841539,18.9415004863851,-32.2214240274862,-0.734174862724249,26.6201342785101
55.9858143999546,72.6360865425471,80.5832478246495,12.0661145599289,32.8595223584188,52.6534961834154,18.9986770951404,-32.2491276364131,-0.717077452035445,26.6139376966234
56.0121088761001,72.6478064323804,80.5767639252565,12.0458739128641,32.8700847791311,52.5672522014734,19.0692678354851,-32.2782814615997,-0.700682336124648,26.6082282969348
56.0354238902987,72.6568949334253,80.5686027712492,12.0223499240054,32.883678236133,52.4737945735857,19.1521293971511,-32.3082773131018,-0.68523358302037,26.6029815845614
56.0551668839203,72.6631358835931,80.5604944297537,11.9948903667822,32.9014000533906,52.3762152683641,19.2439940548925,-32.3384620221784,-0.670974833604967,26.5982319354226
56.0707746774228,72.6669242073576,80.5555213893028,11.9626337294228,32.9243868583203,52.2788971056586,19.3396233180526,-32.36821031437,-0.658106561540544,26.5941145665918
56.0817689922742,72.6692789053271,80.55821287789,11.9246210059173,32.9535456779458,52.187225726247,19.4322182041043,-32.3969921044221,-0.646757045142075,26.5908760079225
56.0878339341101,72.671755516743,80.574423403932,11.8799534821528,32.9893229066977,52.1072004037891,19.5140643696261,-32.4244248452773,-0.636969515344946,26.5888476651204
56.0888923922379,72.6762624157322,80.6109306363778,11.8279799524753,33.0315297440062,52.0449351292587,19.5773577872212,-32.4503027726968,-0.628701930432094,26.5883872243123
56.0851576184601,72.6848076046701,80.6747486225967,11.7684809890068,33.0792370704031,52.0060576150114,19.6151121317903,-32.4745973017278,-0.621833075977433,26.5898000703418
56.0771449668585,72.6992197580338,80.7722330688825,11.701808416229,33.1307631448026,51.9950559818993,19.6220101794286,-32.4974272993346,-0.616170147234163,26.5932561938824
56.0656413791815,72.7208916649737,80.9081223587875,11.6289446006994,33.1837839753641,52.0146606115072,19.5950583526695,-32.5190044452242,-0.611457331799801,26.5987179941271
56.0516408336184,72.7505842899231,81.0846872160208,11.551469076405,33.2355794197133,52.0653556267088,19.5339493372863,-32.5395656329117,-0.60738921510327,26.6058925037722
56.0362594593015,72.7883124152967,81.3011491929074,11.4714487689835,33.2833917508231,52.1450950125312,19.4411103017125,-32.5593085101747,-0.603633784677389,26.6142188105084
56.0206443520166,72.833317826581,81.5534786946314,11.3912887116629,33.324837357853,52.2492739650399,19.3214737033071,-32.5783457028467,-0.599866140591862,26.6228971382955
56.005887143842,72.8841265768684,81.8346033208885,11.3135837621654,33.3582901714294,52.3709841102071,19.182030044864,-32.5966876941618,-0.595807962936026,26.6309589389549
55.9929497999971,72.9386795613025,82.134963710186,11.2409967447931,33.383145097688,52.5015512155596,19.0312161819922,-32.6142553888523,-0.591263652813573,26.6373680682649
55.9826087753097,72.9945180741897,82.443283985849,11.1761601440479,33.3998674268542,52.6313089014952,18.8781876670065,-32.6309145311048,-0.586144719365981,26.6411348116835
55.975424611226,73.049001124619,82.7474177124374,11.121570432705,33.4097601611526,52.7505115785592,18.732035319085,-32.6465187858893,-0.580478478601733,26.641421070299
55.9717431384671,73.0995320455411,83.0351927302657,11.0794343821898,33.4144679349834,52.8502539126567,18.6010220671502,-32.6609475893704,-0.574402019837535,26.6376186344461
55.9717280797588,73.1437760249487,83.2952589419639,11.0514471509979,33.4153671598036,52.9232571502791,18.4919171534266,-32.6741280738886,-0.568145008264727,26.6293918433776
55.9754152221082,73.1798528377248,83.5179695627859,11.0385265165043,33.4130813051064,52.9644083003583,18.4094920573605,-32.686036385549,-0.562004785208463,26.6166866199042
55.9827712242715,73.2064888951118,83.6962673378511,11.0405714648952,33.4073291698028,52.9709925792758,18.3562275669319,-32.6966809903706,-0.556315689529197,26.5997152778516
55.9937391294514,73.2231123028856,83.8264436721718,11.0563283848946,33.3971701957362,52.94263052929,18.3322645926877,-32.706076530215,-0.551413609923728,26.5789283781104
56.0082577243801,73.2298773508044,83.9085721883877,11.083423628459,33.3815349953496,52.8809926170111,18.3356055044633,-32.7142192057433,-0.54759794319796,26.5549816340309
56.0262511071848,73.2276133695505,83.9464509544832,11.1185704449099,33.3598130876976,52.7893869874218,18.3625382260108,-32.7210731931841,-0.545095891286156,26.52869996706
56.0475952689237,73.2177075373856,83.9470190562924,11.1579058397807,33.3322709743846,52.6722977386385,18.4082186688529,-32.7265734359487,-0.544036277901046,26.501035908316
56.0720769318751,73.2019475994189,83.9193785576525,11.1973781579377,33.3001829829592,52.5349206076971,18.4673169395614,-32.7306448916682,-0.544440179048032,26.473017940533
56.0993638991077,73.1823600948383,83.8736651147431,11.2330975303036,33.2656958732208,52.3827278089642,18.5346223302319,-32.7332332289964,-0.546233522785667,26.4456858673429
56.1290044927039,73.1610760350026,83.8200193318751,11.2615785519699,33.2315306602766,52.2210940546048,18.6055208074571,-32.7343379942432,-0.549282801311238,26.4200135213931
56.1604666747611,73.1402405951897,83.7678302032177,11.2798408535256,33.2006314673078,52.0550165692348,18.6762966272909,-32.7340379523887,-0.553449706478188,26.3968227846529
56.1932175108146,73.1219652259781,83.7253068924338,11.2853755677651,33.1758410344421,51.8889548308364,18.7442444408713,-32.7325012199344,-0.558655153281002,26.376695945944
56.2268335738321,73.1083086242629,83.6993394587844,11.2760184551286,33.1596545093781,51.7268012422537,18.8075992530827,-32.7299786836404,-0.564939494159515,26.3598955145014
56.2611246139117,73.1012702270241,83.695558920503,11.249783240658,33.1540823444098,51.5719741723663,18.865307341887,-32.7267840604177,-0.572505084754071,26.3463019994079
56.296247918643,73.1027837744878,83.7185003161892,11.2047024358386,33.1606277862205,51.4276023506059,18.916683116987,-32.7232653555572,-0.581730077303627,26.3353805826575
56.3327905362626,73.1147042779432,83.7717920455248,11.1387081020709,33.1803534102097,51.2967486176013,18.9610229907854,-32.7197715695309,-0.593147601658228,26.326186044615
56.3718004327953,73.1387851642464,83.8583204846847,11.0495732461102,33.2139875729876,51.1826072807969,18.9972626223478,-32.7166176404921,-0.60739117901819,26.3174112732447
56.4147535846843,73.1766420462668,83.980337145585,10.9349297764982,33.2620178264689,51.0886094200836,19.0237537583902,-32.7140508410949,-0.625114152293765,26.307479159829
56.4634506071991,73.2296981539307,84.1394861339449,10.7923756932693,33.3247344911412,51.0183888598074,19.0382012303012,-32.7122229293208,-0.646896708931546,26.2946723325896
56.5198442644622,73.2991087890213,84.3367415922696,10.6196738782346,33.4022139600335,50.9755949941697,19.0377561732132,-32.7111734495846,-0.67315699159229,26.2772911048801
56.5858088362813,73.3856708039013,84.5722648575023,10.4150244208865,33.4942558763978,50.963575823067,19.0192288323125,-32.7108294158162,-0.704081512229605,26.2538272560761
56.6628731786197,73.4897355503113,84.8452158978273,10.1773670630234,33.60030214269,50.9849834829015,18.9793727262743,-32.7110240139563,-0.739584970176605,26.2231393331829
56.7802831314416,73.67451059652,85.3327043408715,9.81822777859724,33.7430391306932,51.0302486383461,19.0412663180321,-32.7146877539073,-0.77341566390367,26.1738911929763
56.860279179127,73.7585421611176,85.512665152807,9.59189555210801,33.8347212911428,51.1109655516646,18.8470354606295,-32.7134719924898,-0.822273405278997,26.1346345690886
56.999707654712,73.9827899505584,86.0870129260455,9.16021192605557,34.0257945185079,51.2616424718839,18.8469956382642,-32.7147040701356,-0.861753648819061,26.0707207225064
57.0952981004798,74.082170065208,86.2719841760485,8.89922680255065,34.1181408422575,51.3899802155878,18.5808699199841,-32.7141704979805,-0.916022332358594,26.0214486743983
57.2521379517681,74.3462236087345,86.918362180169,8.40194592758901,34.3275958376895,51.6141374965289,18.5352506354534,-32.7139778600861,-0.957546781931526,25.9482790446626
57.3843314120052,74.5517552088861,87.3668333542521,7.98782143787661,34.4883096175923,51.8152995854867,18.3523463943325,-32.7137656752781,-1.00518188705524,25.8850554362407
57.5126245631443,74.7616886789459,87.7925253699897,7.56971803931092,34.6301762696061,52.0330414344168,18.1352039497417,-32.7134930613377,-1.05193237232444,25.8252657608173
57.6342248612512,74.9804253161376,88.2039745252027,7.14588192648425,34.7576190597497,52.2577783769656,17.8975230373295,-32.7138241285891,-1.09643930711635,25.7712339954016
57.7454544633096,75.2082178543616,88.5955947697542,6.71983287642119,34.867960234501,52.4852033746139,17.6444635837957,-32.7153246823276,-1.13778314753089,25.7254128090489
57.8432602707035,75.4446817774292,88.9599595802156,6.29558518076634,34.9576408435635,52.714433396947,17.3798982697466,-32.7186726116854,-1.17517640609521,25.6896590309909
57.925544357245,75.6887418468128,89.2888947566092,5.87740866579899,35.0232766863871,52.9479560576489,17.1069037182484,-32.7246487534801,-1.20793791944028,25.6650198886669
57.991332707911,75.9382994070165,89.5736195732004,5.47002615944303,35.0620453699966,53.1914513921696,16.8277181797577,-32.7341001725782,-1.23546607004896,25.6516298655581
58.0408260454342,76.1900290891256,89.8051521413648,5.07876138406402,35.0720778734277,53.4530383973614,16.5438874149881,-32.7478861947463,-1.2572050948528,25.6487057067824
58.0753310905149,76.4393869480606,89.9750753163531,4.70954392598711,35.0528641767492,53.7420025546546,16.2566398964397,-32.7668094507479,-1.27261799030707,25.6546327694013
58.0800304149125,76.6222964703695,89.972647760902,4.44825768275075,35.1070228348964,53.9929862399429,15.8711251418396,-32.7888173772144,-1.28513583211899,25.668678392067
58.1080888704944,76.9053375103128,90.0990949352445,4.06604404704637,34.9382764399602,54.4385966621209,15.6698971870978,-32.8220317099067,-1.28262259209196,25.6835381176879
58.1006922605504,77.0767919302236,90.024120621032,3.851614347611,34.9276264831709,54.742420360935,15.3787697874972,-32.8565657440216,-1.27897179940405,25.7032175550808
58.1019332742719,77.2607141780874,89.9304080685698,3.62871016437066,34.7825611676603,55.1704712632973,15.1712188966355,-32.8979480712525,-1.26507043830216,25.7204463588422
58.1177278310502,77.4386874867438,89.7461720239946,3.42139438615969,34.6103360425791,55.8157347613475,14.8482958947979,-32.9526616507622,-1.23919848761841,25.7257661073098
58.1148984108721,77.5386485651372,89.5346310257939,3.33230601293096,34.47165524801,56.1744366454692,14.7601743250216,-33.0043976364244,-1.2105358121993,25.7347614541967
58.1314727153343,77.6035420317879,89.1585951796513,3.28150063696589,34.3437453992149,56.9267196047315,14.3692310697727,-33.0657495951587,-1.17168224665019,25.7222274767668
58.1458155809996,77.6061689985784,88.751887831212,3.31928572971868,34.2109424550699,57.5350245150481,14.1356803035456,-33.1269493271603,-1.12771443311533,25.7055369647932
58.1666311565849,77.5497371332404,88.2756456718314,3.43251202572685,34.0623051448686,58.1421331850233,13.9336360061003,-33.1884603508573,-1.07894910771089,25.6778443507806
58.193621881044,77.4254970022718,87.7127263103793,3.62929189304735,33.8932886368881,58.7531397806117,13.7455854053491,-33.2489166916399,-1.02640253990363,25.6390545396515
58.2255327569716,77.2251323361814,87.0435787388756,3.91723515159712,33.6928434403904,59.3679492065383,13.5588019400169,-33.3065990754597,-0.971422021035499,25.5896897288241
58.2600209656517,76.9403268793314,86.2429750615403,4.30439997208641,33.447234868895,59.9909988248388,13.3553481790176,-33.3598915640563,-0.915339762767476,25.5307546206627
58.2933631236539,76.5631829633625,85.2810793472773,4.79919220108225,33.1421446486282,60.6328156041871,13.1103479381861,-33.4074080518741,-0.859374468277166,25.4636930983532
58.3202053893782,76.0872625482813,84.1269517907777,5.40958533451491,32.7650228282013,61.3095504752332,12.7924422370932,-33.4480785011574,-0.804584949996738,25.3903423252049
58.3335154572884,75.5092179873939,82.7543791181571,6.14167117766636,32.3079062375502,62.0407595406528,12.3662100058054,-33.4812116168656,-0.751859858863114,25.3128626307955
58.3249932140378,74.8308836092441,81.1495129132149,6.99759539002967,31.7702965796074,62.8452669626848,11.7968835151107,-33.5065384058126,-0.701926987955389,25.2335937241793
58.2605693351735,73.9667964604236,78.9550660630511,8.10333332217534,30.9862757584393,63.9628282347832,10.73957569547,-33.5238626661236,-0.654066248062435,25.1597000912398
58.2040240404526,73.199934974827,77.2234965793317,9.08158835111429,30.4691896913119,64.7541946263738,10.0671791492155,-33.5347767446402,-0.61258715500812,25.0795139992211
58.0546523412818,72.2231822620323,74.7170601980059,10.3773893900051,29.6135018220826,66.0093752031799,8.63551739401158,-33.5390232138557,-0.572722942702359,25.012359909658
57.8896036569456,71.3071816621005,72.4602143717501,11.620145894835,28.9296721297725,67.1013236092092,7.33682596752709,-33.5390815843698,-0.538217654560018,24.943753463649
57.691473471519,70.397876629088,70.1981738401071,12.8986516347478,28.2491028541508,68.1628848926823,5.94758043692365,-33.5361393281885,-0.508029363219293,24.8760644990053
57.4645786237491,69.514176990796,67.9807375342505,14.1928437973921,27.6014226755655,69.1590256265951,4.49967860413474,-33.531476684336,-0.482116313734416,24.8083336966129
57.2154089218484,68.6688233655416,65.8405707362399,15.4875623342653,26.9910286668829,70.0490284871673,3.03357199266776,-33.5261133112665,-0.460418148356755,24.7386945978549
56.9500339761098,67.868799950197,63.7981563091343,16.7721261927433,26.4182844467525,70.8005682753003,1.58620678115596,-33.5206206019216,-0.442771938196792,24.6653122623599
56.6733948445149,67.1159588003616,61.8629310132347,18.0404771459127,25.8804457193821,71.3931838929446,0.187425655252109,-33.5150519183604,-0.428898506503125,24.5866011551003
56.3892036660216,66.4083887750362,60.0370528107221,19.2901734755213,25.3737943704544,71.8188405113052,-1.13997291858263,-33.5089590737946,-0.418411569853017,24.5013362830958
56.1000909630365,65.7416869254653,58.3184630337443,20.5213801903681,24.8949475747986,72.0807528661838,-2.37936072233077,-33.5014845336345,-0.410852031703547,24.4086915666733
55.8078354303054,65.1100383225119,56.7029404152213,21.7359909759448,24.441461377825,72.1910197575806,-3.51919487756693,-33.4915100235868,-0.405733367131296,24.308232375403
55.5135705476728,64.5070964198401,55.185156628613,22.9369370555894,24.0118642132155,72.1676681447232,-4.55217064646921,-33.4778335511748,-0.402580031499179,24.19988316112
55.2475584441439,63.9489653272206,53.9418009984094,24.0472447641237,23.7214293742197,72.1241026896183,-5.13362528398167,-33.4573852027353,-0.402475862025751,24.081725448671
54.9196043161108,63.3618725941724,52.4047003036106,25.3173985698947,23.2059504599437,71.7948417924045,-6.30538608467315,-33.4351545962581,-0.400365962234265,23.9605742809858
54.6497039105723,62.8285222051903,51.3112606548282,26.4196795305594,22.965690201189,71.6288125868366,-6.67551265731863,-33.402547368536,-0.402151485537187,23.8301045264899
54.3529853209181,62.2875251866202,50.1333769242904,27.5895976657175,22.6521235467109,71.3088525975134,-7.24115195023758,-33.3654574019546,-0.402833042042709,23.6955396519502
54.0498959182241,61.7516744439894,48.988098186827,28.7738964601898,22.3352286825638,70.9276097157223,-7.76638808649262,-33.3221947935092,-0.403287407993651,23.5563542859758
53.7427777445776,61.222353239362,47.8863040572608,29.965071661156,22.0342552914359,70.5110154229311,-8.22886349370283,-33.2731137524732,-0.403302883835763,23.4133889356613
53.4312520585947,60.6997961167401,46.8214514353994,31.1630604536635,21.7534729370151,70.0712887816871,-8.64002323938972,-33.2189258299432,-0.402667035680617,23.2674246648526
53.1146656606682,60.1844148597708,45.7847189165159,32.3686618193205,21.4939717843091,69.6161915251548,-9.01726236418987,-33.1605638490424,-0.401315304478305,23.1189766500457
52.7926247731568,59.6767346639323,44.768108173268,33.5823320317426,21.2560084001237,69.1513174395132,-9.37776972101696,-33.0991254388787,-0.399402203712034,22.9682236488822
52.4652102270982,59.1771210633676,43.7652758501378,34.803947239353,21.039140932364,68.6808925706491,-9.73613064741902,-33.0358172687919,-0.397340745484153,22.8149729796291
52.104555440986,58.682306970385,42.6294969043223,36.11141204976,20.7260825174218,68.0142305184801,-10.479779496787,-32.9748629489526,-0.393135725830845,22.6578216761174
51.7940282401559,58.2006623153042,41.7658419233468,37.2786631499052,20.6361388689809,67.713144184308,-10.5293465015209,-32.9087444578081,-0.395458294977084,22.4983529325637
51.4332262762513,57.7220711485299,40.673122320715,38.5814968926932,20.393348714839,67.073343451907,-11.261001146183,-32.8501206690301,-0.395254949722685,22.3323244793278
51.0992298551871,57.2477210099706,39.7076329348971,39.817296114924,20.2505825958854,66.6177217246114,-11.6637960144231,-32.7911898441743,-0.401391276889699,22.1608289492797
50.7686220558642,56.7725266916824,38.7425782418232,41.0554492788321,20.1051196524649,66.1649060283874,-12.0919698621602,-32.7353685650707,-0.412359584518356,21.9817870366099
50.4462598934346,56.291955242677,37.7858885653509,42.2891146925605,19.9631348940918,65.7274661344276,-12.5244010544923,-32.6828313233633,-0.429336229189102,21.794018935747
50.1358821565687,55.8003275834723,36.8390705013715,43.5153179275918,19.8224678060339,65.3093229394188,-12.9554255049916,-32.6333240111309,-0.453235828182897,21.5964745934523
49.8413431032988,55.2911190201427,35.9041178082678,44.7308534834951,19.6829870850283,64.9144611766567,-13.3781187279487,-32.586221380717,-0.484767642118234,21.3882934193752
49.5663350580646,54.7572033317387,34.9829363727097,45.9326454844051,19.5459347513786,64.5459121015299,-13.7856593840505,-32.5406439692416,-0.524395786859786,21.168824893818
49.3141771393765,54.191235315863,34.077122279018,47.1178704099936,19.4135400014717,64.2053134587651,-14.1716751740621,-32.4956258819497,-0.572308605714001,20.9376299707134
49.0875924984341,53.5861650270484,33.1876684435346,48.2840921251396,19.2884033063775,63.8925780684973,-14.5307608691332,-32.4503055297679,-0.628382948322805,20.6944778836758
48.8884959834689,52.9358466249611,32.3146595005506,49.4293807850315,19.172819047107,63.6057550984586,-14.8591040615294,-32.4041044973254,-0.692145966064374,20.4393519122118
48.7178149906815,52.2356707210348,31.4570313725819,50.55239131574,19.0681918457533,63.3411199163439,-15.1550915912686,-32.3568617610298,-0.762745197865303,20.1724748747447
48.5753657437607,51.4831296755928,30.6124798469063,51.6523768023884,18.9746870731993,63.0934994767302,-15.4197153977613,-32.3088997837,-0.838943298185037,19.8943578774725
48.4598029349503,50.6782285505996,29.7775715892636,52.7291240669351,18.8911924305163,62.8567995750688,-15.6566331758254,-32.2610133863042,-0.919153489595711,19.6058653521526
48.3686560094535,49.8236791868713,28.9480586798446,53.7828164243371,18.815573256516,62.624660609993,-15.8718254150334,-32.2143870881918,-1.00152346409588,19.3082795651602
48.2984598628121,48.9248504770284,28.1193475336769,54.8138462552527,18.7451185591078,62.3911378466522,-16.0728799396009,-32.170457411563,-1.08406071157361,19.0033429741375
48.2449781533658,47.9894820217756,27.2870391157532,55.8226139460455,18.677032775765,62.1512883520454,-16.2680089366598,-32.1307420558234,-1.16477794675282,18.6932590118797
48.2035028726002,47.0271952731647,26.447442256125,56.8093546293394,18.608841585681,61.901562714379,-16.4649619971458,-32.0966592686509,-1.24183122950777,18.3806399371336
48.1691976694919,46.0488565006554,25.5979658592384,57.7740255776639,18.5386365023203,61.6399514864044,-16.6700353024511,-32.0693597699703,-1.31362842318948,18.0684013492373
48.1374405330137,45.0658605891567,24.737321375635,58.7162680474688,18.4651534644954,61.3659081468997,-16.8873683206815,-32.0495905936808,-1.37889815540677,17.7596131887601
48.104118806048,44.0894125281466,23.8655121917419,59.6354371511166,18.3877320100383,61.0801292258428,-17.1186469061577,-32.0376049870629,-1.43672265590708,17.4573234538103
48.0658376228978,43.1298816413556,22.9836392195528,60.5306799348064,18.3062167241202,60.7842908777555,-17.3632137617875,-32.0331253855202,-1.4865462445759,17.1643726715276
48.0200199007554,42.196289334395,22.093593736393,61.4010375849163,18.2208499049264,60.4808171650448,-17.6184757771866,-32.0353593209089,-1.52817301913965,16.8832157581266
47.9648982810931,41.2959643351752,21.1977253265442,62.2455503666193,18.1321832104023,60.1727092777719,-17.8804401824757,-32.0430633303932,-1.56176390160099,16.6157648735648
47.8994209011591,40.4343667001641,20.2985609304445,63.0633500348604,18.0410188247907,59.863424386804,-18.1442222386662,-32.0546477954687,-1.58783699902254,16.3632633548242
47.8231062584531,39.6150557491574,19.3986183276991,63.8537315773037,17.9483800129999,59.556775560656,-18.404430037475,-32.0683143642471,-1.60726811517463,16.1261979188551
47.7358838847603,38.8397674531322,18.5003187959101,64.6162023160007,17.8555043213938,59.2568290893158,-18.6554135236942,-32.0822158636267,-1.62128193887501,15.904254915457
47.6379492894394,38.1085729484304,17.6059737480419,65.3505097420529,17.7638468537817,58.967787184106,-18.8914283774061,-32.0946258719351,-1.631420750674,15.6963263788711
47.5296490377612,37.4201013286775,16.7178076656432,66.0566502741397,17.6750778051366,58.6938475495692,-19.106788332164,-32.1041008785353,-1.63947832248581,15.5005715467832
47.4114002088951,36.7718148443051,15.8379850987255,66.7348618248985,17.5910639254878,58.4390257526536,-19.2960646837637,-32.1096136526416,-1.64739337787628,15.3145371829233
47.2836418175909,36.1603187502462,14.9686247402456,67.3856037530559,17.5138352793202,58.2069261407963,-19.4543564142349,-32.1106365962226,-1.65710848738025,15.1353343798012
47.1468150363793,35.5816767951419,14.1117967430391,68.0095255263929,17.4455416370164,58.0004670830273,-19.577611430477,-32.1071619395376,-1.67041229591535,14.9598613454769
47.0013712689113,35.0316970512617,13.2695037728123,68.6074199847591,17.3883896094548,57.8216010882194,-19.6629388897663,-32.0996600476229,-1.68879048505384,14.785052237893
46.8478076919865,34.506158764371,12.4436444134606,69.1801540587205,17.3445370135625,57.671095266845,-19.7088323786092,-32.0889921922676,-1.71331139585754,14.6081232075685
46.686725568551,34.0009688019841,11.6359570342615,69.7285752918235,17.3159268992737,57.548432508812,-19.715240579131,-32.0763030043204,-1.74456600413257,14.426782889435
46.518897126926,33.5122590638739,10.8479482013204,70.2534059713567,17.3040744042955,57.4518606071838,-19.6834721890996,-32.0629147716861,-1.78266985246842,14.239381222123
46.3453156140284,33.0364543473555,10.0808208308269,70.7551502563661,17.3098561164785,57.3785761443897,-19.6159797607788,-32.0502307680442,-1.82731829332264,14.0449882319826
46.1671980315363,32.5703451094351,9.33542645520942,71.2340437037095,17.333367243145,57.3250051018544,-19.516101201358,-32.0396373256723,-1.87787100573025,13.8434149563619
45.9859199726524,32.1111866358352,8.61226475731517,71.6900636023441,17.3738926926561,57.2871385863388,-19.3878284213949,-32.0323890546186,-1.93343540312617,13.6351990063706
45.8028883019854,31.6568190216079,7.91153881486221,72.122995688032,17.4299936866259,57.2608853669132,-19.2356278728152,-32.0294758407381,-1.99292661070623,13.4215704318583
45.6193870228268,31.2057757299768,7.23325285114198,72.5325304920902,17.4996688166731,57.242401368046,-19.0642914079494,-32.0314946240768,-2.05510004663082,13.2043962191226
45.4364440751847,30.7573400255329,6.57732341788495,72.918355360269,17.5805318639256,57.2283587605618,-18.8787802167769,-32.0385632506983,-2.11856941688373,12.9860893219505
45.2547534819075,30.3115243381956,5.94367349770553,73.2802203545998,17.6699613998937,57.2161349613488,-18.6840414633193,-32.050305925357,-2.18182857927642,12.7694706126484
45.0803845652849,29.861698497389,5.3563815078629,73.5950283433301,17.7645851640343,57.2742364686141,-18.3234341022497,-32.0639761278373,-2.24606784993235,12.557561985505
44.901773775044,29.4237154111875,4.76734272122157,73.9087169837221,17.8642355959211,57.2583633624391,-18.1252740624331,-32.0822720438071,-2.30415405480008,12.3534696332143
44.7243178668991,28.9918787401035,4.19967846624109,74.1995369524896,17.9624277194074,57.2395007427163,-17.9368051036804,-32.1021832829742,-2.35718102180658,12.1600610164532
44.5478767543363,28.567649040047,3.65460599540889,74.4666841453575,18.0579283868361,57.2203485802927,-17.7550431839809,-32.1224338013155,-2.4038206304701,11.9797467168698
44.371939791925,28.1528176730513,3.13232898056125,74.7106338170383,18.1482065703918,57.2021869499179,-17.5819981563328,-32.1420133008974,-2.44286451552842,11.814498938577
44.1959142223179,27.749185130099,2.63296021146646,74.9321718191004,18.2308725500082,57.1865818570877,-17.4192644852486,-32.1602185641834,-2.47337558433462,11.6656818752907
44.0191674192972,27.3584624472384,2.15656487663917,75.1323583336734,18.3039705897443,57.1752324504494,-17.2679143081606,-32.1767031922051,-2.49473462116495,11.5340091783468
43.8410510818939,26.9821723939314,1.70317194157212,75.3125079158096,18.3661686535552,57.169798955708,-17.128635498172,-32.1914731611195,-2.50665886806586,11.4195484754439
43.6609273901321,26.6215473797913,1.27278763969722,75.4741334314524,18.4169278148204,57.1717863217342,-17.001868129552,-32.2048350660851,-2.50919565608363,11.3217585627022
43.4782072955015,26.2774356846877,0.865400204160907,75.618850453165,18.4566234758866,57.1824748685933,-16.8878893345301,-32.2173109101852,-2.50269447724016,11.2395501875395
43.2924042280457,25.9502327560505,0.480967440127924,75.7482484846977,18.4865798311431,57.2028628062034,-16.7868192451191,-32.2295330057741,-2.48776323783209,11.1713654823204
43.1031976101212,25.6398538974578,0.119388178385632,75.8637450516169,18.5089855000019,57.2335831789389,-16.6985468825711,-32.2421314237547,-2.4652159493167,11.1152747855441
42.9104929747055,25.3457595440512,-0.21953242494884,75.9664481142214,18.5266775977773,57.2747826112083,-16.6226020481619,-32.2556260957048,-2.43601943816222,11.0690912686634
42.7144625390091,25.0670354675296,-0.536110868000753,76.0570564504342,18.5428107024014,57.3259871717763,-16.5580175837239,-32.270335170758,-2.40124567971253,11.0305024834204
42.5155536668358,24.8025196676273,-0.830798555262263,76.1358226369279,18.5604585560697,57.3860085064339,-16.5032330598313,-32.2863095852628,-2.36203370381131,10.9972137072113
42.314461847111,24.5509586316316,-1.10418188567935,76.2025898241553,18.5822185832028,57.4529452267868,-16.4560882414123,-32.3033012325395,-2.31956036040497,10.9670924245239
42.1120757837909,24.3111705900333,-1.35697904645855,76.2568962979964,18.6098927516527,57.5243105387622,-16.413942041121,-32.3207690345891,-2.27501380339904,10.9382992119527
41.8736765498407,24.0799079746187,-1.57815311104411,76.351617686706,18.5375177235801,57.3968032109109,-16.4231090399942,-32.3339610930111,-2.23849974893178,10.9245412811933
41.675943332755,23.8578122520275,-1.78202783286522,76.3665838888864,18.5837877017772,57.5049457678566,-16.300686379554,-32.3473020765871,-2.19478665092774,10.8953785257377
41.4773690004367,23.6491397840624,-1.97989810901643,76.3776083644084,18.6336421331605,57.5800513142848,-16.2537175721248,-32.3598000439047,-2.14995530546844,10.8643149471025
41.2822105252611,23.4504343447486,-2.16001081888658,76.3727352345782,18.6970201240688,57.6532494825029,-16.2003677165738,-32.3692815071711,-2.10687776359161,10.8315062980876
41.0908134724253,23.2625560162953,-2.32612350814094,76.3544382738459,18.7612887771222,57.7183630088685,-16.146923785872,-32.374800813463,-2.06604730059247,10.7972147530423
40.9043130618985,23.0860855720017,-2.47937665659949,76.3226801371649,18.8252727107152,57.7759009934122,-16.0909620396708,-32.3757413559222,-2.02777142210381,10.7620767282889
40.7236426731681,22.9217371611076,-2.62164076482873,76.2783206864669,18.8859419795686,57.8262769264521,-16.0337407799797,-32.3718303286604,-1.99199496866225,10.7269830503093
40.5496683532455,22.7701031406044,-2.75453962691466,76.2223093844818,18.9414091805856,57.8706180333126,-15.9765102338693,-32.3631408051838,-1.95839677949807,10.6929725297792
40.3831353611759,22.6314860995243,-2.87953083238805,76.1557619279932,18.9902403725886,57.9104123601664,-15.9206291041912,-32.3500873891113,-1.9264315437525,10.6611121684439
40.2246547212915,22.5057646699861,-2.99779495981129,76.0798401242832,19.031638387038,57.9473356748099,-15.8670863221971,-32.33338402267,-1.89540193718076,10.6323897811276
40.074692863486,22.3923117929841,-3.11022785359333,75.9956741403268,19.0653280982077,57.9831019351502,-15.8162659624116,-32.3139645685263,-1.86453548192862,10.6076215682547
39.9335764643042,22.2899746690667,-3.21747206045459,75.9042793667886,19.0914491994426,58.0193717169598,-15.767809381934,-32.2928708893546,-1.83306104926569,10.5873808934938
39.8015124626088,22.1971105933136,-3.31999173970833,75.8064855434456,19.1104278144517,58.0576987047755,-15.7206187744111,-32.2711214638934,-1.80027876831672,10.5719490478359
39.6786227272945,22.1116664108428,-3.41816960649129,75.7028837026513,19.1228715802793,58.0994879841099,-15.6729807727076,-32.2495806542058,-1.76561994422648,10.5612872444543
39.5649888912896,22.0312870195988,-3.51240528036365,75.5938015595556,19.1295014976314,58.1459444487723,-15.6227844298301,-32.2288521729142,-1.72869367280585,10.55502966714
39.4606982109718,21.953440647201,-3.60319362407132,75.4793168104126,19.1311225308653,58.1980077417432,-15.5677960053703,-32.2092170747225,-1.68931652979459,10.5525000573911
39.3658766116691,21.8755524630815,-3.69116497567417,75.3593144560479,19.1286209348349,58.2562875098101,-15.505948551313,-32.1906272035402,-1.64752249695491,10.5527570013316
39.280693340906,21.7951409736184,-3.77707550708867,75.2335879045767,19.1229694945741,58.3210167471914,-15.435604506575,-32.1727525943322,-1.60355309300992,10.5546731238141
39.2053254312152,21.7099523672279,-3.86174572304031,75.1019753729637,19.115222120402,58.3920319172227,-15.3557546787985,-32.155069821121,-1.55783148051795,10.5570489176533
39.1398800758665,21.6180870651759,-3.94595716155789,74.964514136911,19.1064867732038,58.4687790107793,-15.2661270806564,-32.1369711834175,-1.51092708168671,10.5587533611731
39.0842868980165,21.5181115601739,-4.03032939118857,74.8215873550634,19.0978777453289,58.5503440995852,-15.1671955802146,-32.1178736976012,-1.46351721276731,10.5588735648533
39.0381853030314,21.4091482772768,-4.1152079280163,74.6740342472705,19.0904595889383,58.6355112874878,-15.0601001203971,-32.0973110580502,-1.41634908989631,10.5568482731463
39.0008390282953,21.290936746404,-4.20059431755494,74.5231969417447,19.0852002263206,58.7228507993947,-14.9465096425795,-32.0749980643449,-1.37020108446839,10.5525585377578
38.9711065718494,21.1638600180042,-4.2861394973876,74.3708871677374,19.0829473584299,58.8108325308519,-14.8284645432588,-32.0508629654038,-1.32583947284275,10.5463549267058
38.9474822775686,21.0289305420442,-4.37120305273674,74.2192713607675,19.0844311957903,58.8979508122235,-14.7082226482511,-32.0250478249398,-1.28396833841213,10.5390131558727
38.9282033983209,20.8877307063059,-4.45496190418933,74.0706896992443,19.0902826204728,58.9828407266892,-14.5881097660996,-31.9978806613029,-1.24517507005141,10.5316251607857
38.9114014670428,20.7423067361036,-4.53654068582163,73.9274385287959,19.1010467311649,59.0643677227681,-14.4703603129727,-31.9698266890202,-1.20987880663431,10.5254453240986
38.8952681777703,20.5950213004766,-4.61513624379856,73.7915528228109,19.1171735293107,59.1416794831439,-14.3569381517565,-31.9414297702058,-1.17829109400308,10.5217182102286
38.8782078185494,20.4483781504368,-4.69011794025838,73.6646236686225,19.1389798573026,59.2142196588228,-14.2493495589153,-31.913257525793,-1.15039643018291,10.5215141225203
38.858956423625,20.3048382485508,-4.76109746213191,73.5476759012271,19.1665920754583,59.2817138071473,-14.1484825869701,-31.885861739837,-1.12595692477495,10.5255941479067
38.8366572760246,20.166648359821,-4.82797007060407,73.4411168035992,19.1998884847451,59.3441434945578,-14.054513623431,-31.859758751565,-1.10454174681144,10.5343199324005
38.8108901373869,20.0356990160833,-4.89093083036152,73.3447530403979,19.238460459668,59.4017209355502,-13.9669073600945,-31.8354251232669,-1.08557906347478,10.5476168959098
38.781656984134,19.9134208773235,-4.95046646308075,73.257862582806,19.2816045983829,59.4548658504955,-13.8845082344163,-31.8132967889996,-1.06842544402176,10.5649930822843
38.7493304669982,19.8007204510759,-5.00732064487655,73.1793024637032,19.3283503533262,59.5041760827865,-13.8056947608305,-31.793758608037,-1.05244464169383,10.5856091713575
38.7145731422982,19.6979514597409,-5.06243126415381,73.1076326000435,19.3775213211348,59.5503806427283,-13.7285575125695,-31.7771161489106,-1.03708446699547,10.6083889700676
38.6782362374264,19.6049184172837,-5.11684296162233,73.0412405056619,19.4278232241976,59.5942696311443,-13.6510720259088,-31.7635505954454,-1.02193856107359,10.6321550589025
38.6412471373146,19.5209125171741,-5.17160485316561,72.9784588488108,19.4779475032913,59.636606664499,-13.571260033094,-31.7530674310359,-1.00678130937268,10.6557716388105
38.6044955853369,19.4447825942283,-5.22766783800922,72.9176733743349,19.5266775152937,59.6780403680669,-13.4873480862794,-31.7454560181824,-0.991569939018392,10.678275658342
38.5687296069338,19.3750421565938,-5.28579566382308,72.8574203994499,19.5729848531156,59.719036193393,-13.3979308788456,-31.7402775646445,-0.976416545707252,10.6989779452713
38.5344723774397,19.310007040701,-5.34649942607841,72.7964718883513,19.6161047209601,59.7598444964377,-13.3021321068551,-31.7368930815094,-0.961540700577524,10.7175190729039
38.5019696708006,19.2479500448867,-5.40999927943849,72.7339044379156,19.6555798318686,59.8005076988477,-13.1997418975826,-31.7345329798433,-0.947216761392161,10.7338708891416
38.4711739281584,19.1872529262139,-5.47621272865497,72.6691478099685,19.6912629155532,59.8408972736585,-13.0913068075343,-31.7323990264756,-0.933727631283316,10.7482839398527
38.4417658140455,19.1265352761087,-5.54476703501016,72.602009360663,19.7232724995635,59.8807686128067,-12.9781575786879,-31.7297801391934,-0.921329621515141,10.7611920593592
38.4132081961214,19.0647444945448,-5.61503302192109,72.532673259933,19.7519067755387,59.9198274854352,-12.8623744868317,-31.7261579883472,-0.910224524068217,10.7730955142804
38.3848223007945,19.001199312002,-5.68617697264753,72.4616774357596,19.7775314693952,59.9578066265334,-12.7466995149531,-31.7212786986167,-0.900529608557823,10.7844495810386
38.3558734507085,18.9355877709723,-5.75722516614257,72.3898745428939,19.8004633373744,59.9945477714512,-12.6344029576435,-31.7151749162888,-0.892238076140225,10.7955829633455
38.3256555969663,18.8679267841772,-5.82713253002615,72.3183831450812,19.8208702712622,60.0300741432791,-12.5291048090377,-31.7081371528077,-0.885171844481898,10.806659303129
38.293568807905,18.7984938997807,-5.89484529012684,72.2485310565983,19.8387055819037,60.0646286008067,-12.4345484407647,-31.7006487011507,-0.878939952984075,10.8176789790836
38.2591886814076,18.727743665368,-5.95934960815142,72.1817871109872,19.8536898943337,60.0986520587016,-12.3543293714206,-31.6933062125287,-0.872920969134646,10.8285050805233
38.2223280980041,18.656221475528,-6.0197038684338,72.1196747174227,19.8653481096772,60.1326898201885,-12.2915914842255,-31.6867446776784,-0.866282650869588,10.838893942241
38.183089292288,18.5844864624189,-6.07505886934603,72.0636630012741,19.8730994558333,60.1672378516868,-12.248711356843,-31.681575877881,-0.858041144998984,10.8485177388017
38.1419000513706,18.5130516904264,-6.12467484550072,72.0150384496782,19.8763863135813,60.2025684176337,-12.2269969730386,-31.6783409397987,-0.847152453244832,10.8569781059659
38.0995246157065,18.4423457214738,-6.16794546467422,71.974768804089,19.8748163899055,60.2385928000832,-12.2264334978203,-31.6774737180514,-0.832623999507562,10.8638177568124
38.0570391671164,18.3726956023986,-6.20443578545685,71.9433782739542,19.8682890737536,60.2748162587215,-12.245518580022,-31.67927116188,-0.813632670060762,10.8685382620698
38.0157644656223,18.304327661772,-6.23393321420349,71.9208566401941,19.8570831786474,60.3104111471513,-12.2812379143816,-31.683867872689,-0.78963543496245,10.8706284690292
37.9771548238281,18.2373794251662,-6.25650008996932,71.9066223511157,19.8418956084407,60.3443845467911,-12.3292281723983,-31.6912140528234,-0.760458254492845,10.8696028914055
37.9426527409387,18.1719145135607,-6.27250956047711,71.8995498804546,19.8238315279261,60.3757682730429,-12.3841513349863,-31.7010583010406,-0.726348656845857,10.8650448305059
37.913529538377,18.1079336639666,-6.28264838321269,71.898056391435,19.8043517110864,60.4037413058057,-12.4402616758246,-31.7129381867177,-0.68797908158713,10.8566457637389
37.8907399553311,18.0453790742433,-6.28788097625396,71.9002284207911,19.7851819105002,60.4276257248399,-12.4920913377257,-31.7261819847039,-0.646393857693892,10.844231492988
37.8748190033333,17.9841347482039,-6.28938192150274,71.9039629224757,19.7681872007005,60.4467628178747,-12.5351296890131,-31.7399251849694,-0.602902440257097,10.8277675431532
37.8658411360182,17.9240298219334,-6.28845130332015,71.9071012878797,19.7552185702689,60.4603334725626,-12.566351579881,-31.7531458388924,-0.558932830874805,10.8073411751752
37.8634474217652,17.8648524395696,-6.2864259212085,71.9075458286927,19.7479523311258,60.467199622307,-12.584480575015,-31.7647224661902,-0.515868683993432,10.7831232509536
37.8669312830392,17.8063779639013,-6.28459375941269,71.9033576573158,19.7477577477769,60.465812085543,-12.5899497441467,-31.7735155687248,-0.474898380014234,10.7553174097086
37.8753625958279,17.7484089620997,-6.28411562821658,71.8928375190221,19.7556313003105,60.4541866618243,-12.5846104801003,-31.7784684675077,-0.436902244566499,10.7241053574512
37.8877256337709,17.6908183855771,-6.28595892596509,71.8745881194933,19.7722199722878,60.4299252623946,-12.5712968831805,-31.7787168259255,-0.402395441351017,10.6895964450701
37.9030477337571,17.6335840080942,-6.29085077160241,71.8475529974053,19.7979264593597,60.3902594492414,-12.5533566052459,-31.77369137993,-0.371531844684664,10.6517885437975
37.9205007588161,17.576802476115,-6.29925710130835,71.8110267391426,19.8330594104485,60.3321095616327,-12.5342186697881,-31.7631967527781,-0.344162327758861,10.6105459304499
37.939464623117,17.5206748946038,-6.31139017385555,71.764634372848,19.8779743428898,60.2521696353724,-12.5170181854539,-31.7474509447323,-0.319932143402724,10.5655979562476
37.9595498664426,17.4654616806397,-6.32724198993698,71.7082820766047,19.93315383528,60.1470357024124,-12.5042689740041,-31.7270747137354,-0.298397241312144,10.5165591851367
37.9805833225494,17.4114112933106,-6.34663768080543,71.6420853372085,19.9992004302577,60.0133868027176,-12.4975791291441,-31.7030272722845,-0.279138367391202,10.4629677222079
38.0025663696305,17.3586741423377,-6.36930100219558,71.5662843265147,20.0767544608494,59.8482058703215,-12.4974312941137,-31.6764937889223,-0.261854548288042,10.4043348280766
38.0256184967433,17.3072181807419,-6.39492281928087,71.4811599173606,20.1663849664803,59.6490015964472,-12.5030780308496,-31.6487393668477,-0.246423152144063,10.3401970466674
38.0499196869592,17.2567650711735,-6.42322303190846,71.3869665930236,20.2685166327628,59.4139757294829,-12.5126124873594,-31.6209509936398,-0.232920104772643,10.2701624880443
38.075663248911,17.2067641185282,-6.45399777502971,71.2838981318325,20.383439913805,59.1420834767476,-12.5232535237511,-31.594091453878,-0.221599818607728,10.1939451169006
38.1030263155584,17.1564148154639,-6.48714713338582,71.1720965072554,20.511410225111,58.8329610564448,-12.5318329772853,-31.5687871232156,-0.212840391362024,10.111384233089
38.1321591244131,17.1047389077627,-6.52268269019306,71.0517045953941,20.6527926450199,58.4867372980273,-12.5354047254752,-31.5452659995347,-0.207065905413078,10.0224502676078
38.163188330896,17.0506920443588,-6.56071742012727,70.9229519475359,20.8081737197778,58.1037889931765,-12.5318358975088,-31.5233544397851,-0.204662619289479,9.92724157371656
38.1962264009105,16.9932964505599,-6.60144235011522,70.7862535965759,20.97836090042,57.6845223386203,-12.5202188138063,-31.5025320177825,-0.205906802300197,9.82597861918387
38.2537291700719,16.9164936271645,-6.66114866953557,70.6226000983818,21.0502498623339,57.2852771133955,-12.3723979547321,-31.4976487252286,-0.209641274004104,9.70766843554564
38.2925369293507,16.8491801756841,-6.70921587681027,70.4712277636906,21.2411243651099,56.7979620497916,-12.3357204557835,-31.4774011720011,-0.217922336733288,9.59507425914923
38.3332891621519,16.7774346157741,-6.76034636409256,70.3150270387503,21.4528209210302,56.2742037828988,-12.2981920165513,-31.4548293115237,-0.229621385000415,9.47796317364637
38.3763304070416,16.7013365737527,-6.81490704668432,70.1554962893324,21.681698171543,55.7151705053131,-12.2590513548784,-31.4298705492959,-0.244411926994864,9.35699869666527
38.4217557479426,16.6215795639448,-6.87303386620725,69.9943953810422,21.9258552013495,55.1218814749358,-12.2192346030838,-31.402265220942,-0.261786909497121,9.23302973992631
38.4696590392189,16.5392147489087,-6.93480071685661,69.8334690772214,22.1825478517042,54.4959981226667,-12.1785629205998,-31.3721172821883,-0.281089572799811,9.10700166700489
38.5201523931714,16.455575888612,-7.00019776074284,69.6742379649387,22.4484280094896,53.8399381668154,-12.1355127702507,-31.3399111754967,-0.301517741222825,8.97991090576687
38.573390390944,16.3721870152964,-7.06907983144548,69.5177761692692,22.7200096575452,53.156884141797,-12.0872680322009,-31.3064515880048,-0.3221474214663,8.85274385874988
38.6296016726141,16.2906558761669,-7.14109379372274,69.3645153600115,22.9941664538616,52.4506792432827,-12.0299395124173,-31.2727610046035,-0.341989292193756,8.72640695678858
38.6891195365715,16.2125620136905,-7.21560176031632,69.2141148713345,23.2685468063006,51.7256151685605,-11.9588880116133,-31.2399559963213,-0.360074764142613,8.60165527282875
38.7523982742018,16.1393519740582,-7.29162862203157,69.0654299271202,23.5418258856754,50.9861347013115,-11.8691146368511,-31.2091235587659,-0.375555488136698,8.47902784748951
38.820001575988,16.0722561648761,-7.36786504807668,68.9165942142561,23.8137634416733,50.2364873235626,-11.7557123330171,-31.1812165003137,-0.387796614854226,8.35879815050058
38.89255455518,16.0122401664567,-7.44274758793664,68.7652136387335,24.0850890231202,49.4803844358385,-11.6143866723562,-31.1569814282823,-0.396448349969373,8.24094693798451
38.9706600707917,15.959997393133,-7.51461769277524,68.6086503568477,24.3572777975977,48.7206979475578,-11.4420443878772,-31.1369245570543,-0.401487022924028,8.12516125995854
39.0547894595774,15.915981460031,-7.58193827674124,68.4443647738754,24.6322954361583,47.9592344801045,-11.2374209318554,-31.1213113411502,-0.403222317977354,8.01085791498135
39.1451635340085,15.8804678855995,-7.64352681368924,68.2702794750437,24.9123724070513,47.1966069158792,-11.001680265914,-31.110189489108,-0.4022713034704,7.89722546615691
39.241639968314,15.8536282017719,-7.69875126459589,68.0851293519897,25.1998299581127,46.4322243739183,-10.7388695477974,-31.1034235951215,-0.399503738967818,7.78327956862828
39.3436197885719,15.8355971992572,-7.74763293715858,67.8887622315941,25.4969460512342,45.6644297044479,-10.4560550697923,-31.1007322850517,-0.395967004449839,7.66793065898487
39.4499820575304,15.8265172743335,-7.79081500193198,67.6823550957375,25.8058304409711,44.8908180132068,-10.1629392709556,-31.1017224863586,-0.392801386704797,7.55006559991913
39.5590537410668,15.8265524167472,-7.82938845857635,67.4685168446155,26.1282695577574,44.1087548439162,-9.87081112036419,-31.1059185433229,-0.391155979734907,7.42864179392438
39.6686200919729,15.8358758239767,-7.86460889389137,67.2512602501936,26.4655023929745,43.3160712843953,-9.59083706066741,-31.1127864308727,-0.392112647094515,7.30278460764661
39.7759774104796,15.8546453792779,-7.89757127139728,67.0358396536526,26.8179055172422,42.5118556204486,-9.33193142769904,-31.121755312726,-0.3966227343766,7.17187134319249
39.8780234938969,15.8829864532152,-7.92892460683505,66.8284648028529,27.184601815028,41.697210688202,-9.09868163432497,-31.1322396578848,-0.405460646011332,7.03558267788858
39.9713727003863,15.9209998928976,-7.9586998487381,66.6359160893668,27.5630535640737,40.8758227836319,-8.8899430985553,-31.1436646899565,-0.419199748692726,6.89390769383758
40.0524760397673,15.9688050474,-7.98629381393732,66.4651022926549,27.9487381335523,40.0541965596938,-8.69866941388319,-31.1554958423696,-0.438216388545398,6.74709924269298
40.1177263806813,16.026615000882,-8.0106056414595,66.3226142031763,28.3350181924227,39.2414457064496,-8.51327558732569,-31.1672691679901,-0.462723455692331,6.59558865035377
40.1635366400798,16.0948270473947,-8.03027234461867,66.2143297343274,28.713302951894,38.4485894939042,-8.32040936501132,-31.1786157635509,-0.492825246039334,6.43987938653748
40.1863921826566,16.1741009059771,-8.04391322958326,66.1451154815152,29.0735587969475,37.6873936901806,-8.10855116950439,-31.1892719724716,-0.528574922261007,6.28044507827298
40.1828912764734,16.2653957297217,-8.05028426589374,66.1186498758863,29.4051760786045,36.9689063726419,-7.87150236624012,-31.19906999067,-0.570011545691421,6.11765543736287
40.1497923255845,16.3699472481248,-8.04827163442491,66.1373727245861,29.6981374970741,36.3019478866648,-7.61066723780701,-31.2079095519723,-0.617159527008265,5.95174425686552
40.0840797163195,16.4891861244637,-8.03671659580797,66.2025527571145,29.9443594297308,35.6918710343332,-7.33521861502737,-31.2157184043064,-0.669988128296319,5.78282007220488
39.9830433837806,16.6246209119421,-8.01414231138209,66.3144587605476,30.1389954555099,35.1398692202104,-7.05987010661776,-31.2224146918339,-0.728345821289756,5.61090811169159
39.8132282958551,16.8107137871228,-7.93048394156853,66.5074567039623,30.605286276223,34.5426943325173,-7.11451011618035,-31.2188131218162,-0.792323883720282,5.44860259212675
39.6325316301135,16.9819123628953,-7.88231669707125,66.717244977641,30.7053568712519,34.1055174617817,-6.94049797370493,-31.2204811128089,-0.859859869429913,5.27096891293142
39.4118889901519,17.1758615720042,-7.80944558575862,66.966961319442,30.7867719664819,33.6894758816743,-6.77844634783159,-31.2222344119865,-0.930847205023133,5.09083245655721
39.1493168002341,17.3908292026892,-7.71412316925048,67.2593666101963,30.8384277856977,33.3033816416761,-6.65184065081865,-31.2227716073023,-1.0046400935774,4.90811059743889
38.88026775351,17.5924122090352,-7.64524664199597,67.5472921671256,30.4765092222948,33.0572106166162,-6.12960247859026,-31.2344013323171,-1.08320220163362,4.70851561627003
38.5331399317219,17.8507201950108,-7.49826723076086,67.9193848185542,30.484089994707,32.7180680486713,-6.02887941253696,-31.232918064592,-1.16005209941219,4.52111970718862
38.1423355580336,18.1331157558421,-7.32048979473639,68.3305363362228,30.5113958361439,32.3958537061825,-5.95646070433127,-31.2298501538901,-1.2359340998417,4.33246555559725
37.7088788381017,18.439156959144,-7.11093756871395,68.7776529198268,30.5635147512136,32.0904089093962,-5.88775577002314,-31.2262325865827,-1.30977235319566,4.14307050626778
37.2337790555866,18.7684263702691,-6.86937101606314,69.2573005302074,30.6479148345547,31.8066382539764,-5.80948377357411,-31.2227395525255,-1.38064301924948,3.95340640477218
36.7200980911344,19.1227389253174,-6.58577830309894,69.7606735283525,30.796446823963,31.5191846419383,-5.64056910396247,-31.2222457506256,-1.44782112185132,3.76375932484308
36.166568532889,19.4945434684231,-6.28206525229686,70.2911652860547,30.956000160695,31.3012453422176,-5.50086992095036,-31.2208938389122,-1.51118661700761,3.57452147626357
35.577023057645,19.8838784073683,-5.95005514572493,70.8385773965915,31.1509548349803,31.1304412131407,-5.31742478218166,-31.2211792576198,-1.57077202713782,3.38562010590507
34.9541797739863,20.2872244759046,-5.59185850534927,71.396473018764,31.3774569210483,31.0140273534329,-5.08126844974325,-31.2231849614324,-1.62701452280761,3.19684199818506
34.3011596748332,20.7004347429771,-5.20976546145094,71.9583481244538,31.6309125820021,30.9566733743144,-4.78592257254363,-31.2267161504806,-1.68059766667688,3.00772586983229
33.6215175683192,21.118946937697,-4.80610808689367,72.5179628705438,31.9067691342483,30.9593815954983,-4.42716991404668,-31.2313707449811,-1.73231769746982,2.81757812466356
32.9192314797893,21.5380648584464,-4.38317719534354,73.0696661988827,32.2012571637285,31.0189090081195,-4.00315781119575,-31.2366117757511,-1.78291735244403,2.62553541483706
32.1986431554701,21.9532588650167,-3.94318945249964,73.6086560215862,32.5118870479063,31.1276834862109,-3.51439143180392,-31.2418369577011,-1.83292364163055,2.43066807760636
31.4643397994834,22.3604435260775,-3.48830749387445,74.1311427952853,32.8376712303317,31.2742637014895,-2.9636265403538,-31.246432129741,-1.88252862571841,2.23210334621162
30.7209861668235,22.7561927645455,-3.02070589646551,74.634393449918,33.1790908055392,31.4443153916754,-2.35566794769004,-31.2498086326263,-1.93154733040737,2.02913740219941
29.9731300807472,23.1378647594001,-2.54266187480425,75.1166508879577,33.5378570497771,31.6219840487697,-1.69706454219621,-31.2514329656846,-1.97947091394526,1.82130778361965
29.2250069186938,23.5036292380159,-2.05663795128084,75.5769500143125,33.9165275498456,31.7914623446114,-0.995685167723773,-31.2508552312941,-2.02560748862533,1.6084141349834
28.4803617616338,23.8524118813874,-1.56532266431707,76.0148748125677,34.3180283018284,31.9385050742462,-0.260177780470665,-31.2477334825841,-2.06927424393064,1.39049920850206
27.7423001844707,24.1837855500369,-1.07160773878981,76.4303113235028,34.7451240760354,32.0516503952002,0.50064451214749,-31.2418434733624,-2.10998604377104,1.1678188342176
27.0131770159418,24.4978412452687,-0.578501069479175,76.8232442290231,35.1998810859087,32.1229656876474,1.2784049364411,-31.2330660282537,-2.1475893251212,0.940826680990861
26.2926770033195,24.7916118007879,-0.0984434826562642,77.1960089784996,35.6603485403633,32.1880749011324,1.97858836969878,-31.2196435189638,-2.18282491038803,0.70943681885334
25.585263734775,25.0728333834631,0.385638171354293,77.5433184198616,36.1752008530855,32.165983538867,2.77195928059746,-31.2049571775471,-2.21528632475101,0.475872643854656
24.8891115265015,25.3390311476425,0.860837760570128,77.8677428156579,36.7150175214987,32.097818817012,3.5644220996217,-31.187401821987,-2.24630491467711,0.240655832130316
24.2035773233164,25.5913602267588,1.32494415672793,78.1690903026708,37.2759494092828,31.9879956104204,4.350941979621,-31.1669054989318,-2.2768256041745,0.005015329929477
23.5276304919399,25.8311454119982,1.77622472809015,78.4472343148566,37.8521595928529,31.8409448580175,5.1278827307066,-31.1434768795483,-2.30776830935886,-0.229662870163825
22.8600184065634,26.0598365394684,2.21340708864643,78.7022231238204,38.4367947403379,31.6610598880716,5.89161554514356,-31.1171738709209,-2.33985277229183,-0.461954490432576
22.1994597638344,26.2789787367527,2.63567312081145,78.9343620212303,39.0226687228223,31.452114176558,6.63802895222261,-31.0881592231095,-2.37345529409105,-0.690485487749274
21.5448053216173,26.4901679235478,3.0426483630811,79.1442647655955,39.6029874617231,31.2169313249799,7.36224848578012,-31.0567755902844,-2.40850738868909,-0.914001034065486
20.8951479868601,26.6949878442023,3.43439902529062,79.3328603027517,40.1719790668865,30.9573171508938,8.05865603700103,-31.0236219250098,-2.44445279274941,-1.13140021133204
20.2498782617685,26.8949296275046,3.81143704368419,79.5013473577329,40.7252909496229,30.6742250715663,8.72122453662482,-30.9896086892829,-2.48027267204989,-1.34173009087146
19.6086934991617,27.0912986606761,4.17472023738783,79.6511008963934,41.2600704356178,30.3681074258858,9.34409075596355,-30.9559689739687,-2.51458043360336,-1.5441470926278
18.9715750068566,27.2851163526725,4.52562772730594,79.7835489052434,41.7747338290352,30.039388209404,9.92221551764868,-30.9242104304698,-2.54578006524332,-1.73786842070224
18.3387438348267,27.4770271064494,4.8658967442566,79.9000507070811,42.2685245662375,29.6889721250605,10.4519552142685,-30.8960069283201,-2.57227477111417,-1.92214486537069
17.7105997932403,27.6672234180554,5.19752374159013,80.0018118986607,42.7410285958223,29.3186873032787,10.9314045023236,-30.8730449825001,-2.59270287602782,-2.09627991676502
17.0876467954231,27.8554023928555,5.52265007000281,80.0898612541313,43.1918233378001,28.9315584173957,11.3604551530092,-30.8568529531478,-2.60616573225488,-2.25969741917462
16.4704111924566,28.0407634524534,5.8434596473312,80.1650953283255,43.6203769925352,28.5318334056418,11.740612853594,-30.8486447160837,-2.61240523471288,-2.41203280421206
15.8593621496512,28.2220509070885,6.16210933848964,80.2283771128591,44.0262110569746,28.1247402552363,12.0746766317035,-30.8492021469676,-2.61189432948833,-2.55320909831184
15.2548422335423,28.3976389200499,6.48069641233239,80.2806629916232,44.4092361871864,27.7160181188198,12.3663893811717,-30.8588082482968,-2.60582125120527,-2.68346621697039
14.6570159933263,28.565650686833,6.80124941185174,80.3231269714199,44.7701130435633,27.3113277541728,12.6201257749127,-30.8772320912923,-2.59596992037813,-2.80333346279052
14.0658457177817,28.724098246488,7.12571665704937,80.3572503505131,45.1104940724509,26.9156768554863,12.8406334070736,-30.9037597454117,-2.58451905045858,-2.9135576657122
13.481103167044,28.8710265519706,7.45592588077333,80.3848495291741,45.4330574188693,26.532983150444,13.0328139473359,-30.9372621598087,-2.57379519672849,-3.01501298565308
12.902421710792,29.0046476704075,7.79350055582189,80.4080259657007,45.74131938839,26.165845937452,13.2015270292629,-30.9762930011579,-2.56601468027549,-3.10861890993462
12.3293868486534,29.1234560164231,8.13973839806155,80.4290378259041,46.0392769729862,25.8155251849959,13.351407874588,-31.0192143705767,-2.56303955171059,-3.19528312559844
11.7616567328101,29.2263179221836,8.49547592748803,80.4501075980137,46.3309716553269,25.4820648227027,13.4866994521217,-31.0643479331975,-2.5661668542081,-3.27587338104551
11.1990982762767,29.3125268773112,8.86097182818695,80.4731907046203,46.6200786081985,25.1644662815519,13.6111076091561,-31.1101385473991,-2.57597603573276,-3.35121392671915
10.6419193367738,29.3818141212157,9.23583872358997,80.4997366900248,46.9096134807367,24.8608263639187,13.7276904576118,-31.1553040693582,-2.59226682888433,-3.42209913695983
10.0907756867435,29.4343088120672,9.61904075272066,80.530476947679,47.2018131341636,24.5683902884986,13.8387873829245,-31.1989414120053,-2.61411232051198,-3.4893169015169
9.5468346957583,29.4704530071304,10.0089589714387,80.5652704792778,47.4981931469777,24.283516621032,13.9459794901003,-31.2405699141386,-2.64002463204681,-3.55367447873063
9.01178515505548,29.4908882860369,10.4035142102527,80.6030318155624,47.7997297992893,24.0015852992772,14.0500622160408,-31.2801113432474,-2.6681973476779,-3.61601894808225
8.48779279098454,29.4963364404396,10.8003304604498,80.6417543368723,48.1070768765522,23.7168919372361,14.151013153366,-31.3178207157491,-2.69676926889199,-3.67724459847747
7.97741183332835,29.4874942818863,11.1969198114863,80.6786301627953,48.420719369883,23.4225667015009,14.2479532483931,-31.3541884048518,-2.72405785968226,-3.73828225558139
7.48347133449854,29.4649557528257,11.5908694454514,80.7102572608528,48.7409880205997,23.1105531980907,14.33911465427,-31.389832929633,-2.74873174451072,-3.80007046425494
7.0089572913255,29.429168394473,11.9800106334648,80.7329172428695,49.0679060184223,22.7716972638026,14.4218322654989,-31.4253990404555,-2.76991491893723,-3.86351309813334
6.55690713324264,29.3804284821217,12.3625495791094,80.7429033697982,49.4009010901957,22.39602233348,14.4925703924678,-31.4614703138951,-2.78722899814554,-3.92942938836961
6.13032413834773,29.3189186245233,12.7371413581682,80.7368763339207,49.7384714231009,21.9732829231097,14.546993312003,-31.4985012070704,-2.80078177568876,-3.99849995429322
5.73210895186627,29.2447903320646,13.1028915384917,80.712224265943,50.0779186059831,21.4938650089777,14.5800980923813,-31.5367708639341,-2.81110678450801,-4.0712091991599
5.36499583153643,29.1582897944039,13.4592755614483,80.6674016806294,50.4152465407332,20.9500324515473,14.586448420182,-31.5763589844572,-2.81905723229026,-4.14778413771315
5.03147470483335,29.0599175965396,13.8059743318377,80.6022173043944,50.745283771845,20.3374147508018,14.5605668937547,-31.6171414662116,-2.82566240820225,-4.22813301326891
4.73367956716291,28.9506034586238,14.1426368217573,80.5180316265709,51.0620361374986,19.6565199004781,14.4975434403246,-31.6588006458336,-2.83196384285049,-4.31179181126469
4.47323142503819,28.8318672239685,14.4685977155634,80.4178151875777,51.3592296102581,18.9139666483543,14.3938808855561,-31.7008440477032,-2.83885688953506,-4.39789060341364
4.25103927136179,28.7059297691742,14.7825992427994,80.306016992528,51.6309666579156,18.1230933347047,14.2485098207386,-31.7426283850831,-2.84696547745882,-4.48515288863108
4.06708219199087,28.5757349707295,15.0825866334743,80.1882089754583,51.8723964341195,17.3036439945346,14.0637694777994,-31.7833910974109,-2.85657145687496,-4.57193928022204
3.92021558543102,28.4448487277122,15.3656577753361,80.0705121934082,52.0802876368748,16.4803672033445,13.8460215634088,-31.8222962182568,-2.86760770143007,-4.65634338487961
3.77617695985854,28.3206669508356,15.6223915207469,79.9662732724292,52.1971239271223,15.7978454035046,13.3758051306485,-31.8491366709788,-2.87443115577552,-4.72302420187931
3.69678527079908,28.1988183169472,15.8633255137889,79.8667721839145,52.3446560913348,15.0357010603529,13.1646172808874,-31.8808624350844,-2.8871394682193,-4.79685444025397
3.64640081217619,28.0881183143153,16.0765118426016,79.779481532535,52.4630706642463,14.3430291978562,12.9637058294171,-31.9102174867994,-2.90027984657264,-4.86411762044256
3.61765282243628,27.9908864661949,16.2591942421932,79.7081891822771,52.5540316217443,13.7388193022369,12.774538879756,-31.9357102443569,-2.9127525659506,-4.92261170857918
3.6051828658703,27.9088691389376,16.4100804350375,79.6532728053507,52.6205485015291,13.2329231872772,12.6057548058635,-31.9569008856063,-2.92401281910538,-4.97152359345329
3.60264852047532,27.8411122863764,16.5327329528059,79.6122488709874,52.6675581074809,12.8190949952364,12.457210652386,-31.9740881778042,-2.93377740287237,-5.01154478587149
