-3.1816004119461,30.7569949864885,1.95335643194895,83.5280650551249,50.9552452748304,20.0189602460074,17.3177616464625,-25.4977774386228,-5.42870832615544,-4.28554479021735
-2.49991644559156,30.5047736944099,1.62307494679025,83.9547198732292,50.3757055322117,20.514843696023,17.4720927526621,-25.5217187164075,-5.5095640950857,-4.42224468870933
-1.78484578422557,30.2424686395748,1.266926765755,84.3689679692404,49.7846401429439,21.068588885367,17.489686091037,-25.5459058822107,-5.58626100575882,-4.56621701372168
-1.03253810247106,29.9677066056464,0.889280843091771,84.7734676683804,49.1919516641187,21.6296934728547,17.4426861516305,-25.5681091036726,-5.65610639501947,-4.71070808812009
-0.237721061867622,29.6777668693131,0.487746640997009,85.1642838368224,48.5993277115102,22.1854940783002,17.3513044853715,-25.5875051594888,-5.71711288113217,-4.85234567988531
0.600335180923171,29.3713313742169,0.0621284250910374,85.5361638069467,48.0065599695834,22.7280669800342,17.2240413291074,-25.6042555124637,-5.76745321082192,-4.98762589233621
1.48136141934202,29.0470467277664,-0.386982078896885,85.883322848254,47.4122046944581,23.2504611003459,17.0685120497853,-25.618943932388,-5.80542802304796,-5.11274365335952
2.40307209646002,28.7041282084285,-0.857983219595388,86.1993617002336,46.8146632200889,23.7469910998281,16.8905468386619,-25.6325258156665,-5.82958648004067,-5.2239577482736
3.36457545671482,28.3396211425013,-1.36967725845934,86.4748115272926,46.1624308448907,24.2905466433367,16.5906769707388,-25.6469392267329,-5.83951145979413,-5.32253739288982
4.35414019641618,27.9595424850848,-1.87947569368673,86.7097342389707,45.5493758777708,24.7280475241171,16.3734387059621,-25.6615119720564,-5.83292334276897,-5.39640433372572
5.36963249177802,27.5619936830052,-2.40421704749769,86.8951997780797,44.9295183419656,25.1264964271991,16.148814363697,-25.6778828949886,-5.81049877425778,-5.44866047211364
6.40477247261097,27.1482316690199,-2.94183097021489,87.0265875959824,44.3031431826557,25.4853337791621,15.9167330075312,-25.6965380038719,-5.77243895801906,-5.47834055920993
7.45318777886283,26.7198185174263,-3.49054830381204,87.1004488362621,43.6704366452978,25.8035556853307,15.6790447515467,-25.7175452129752,-5.71925440124644,-5.48509005795356
8.50862063305059,26.2786374453363,-4.0489828935459,87.1145688973369,43.0318370963315,26.0806297799591,15.437356159417,-25.7405138060478,-5.65161363986154,-5.46903536020359
9.56514769910976,25.8267853969054,-4.61597675428978,87.0679307429611,42.387630947931,26.3160493488662,15.1936056743895,-25.7646945963386,-5.57017201378586,-5.43074890916648
10.6172525155158,25.3664113861349,-5.19028678031163,86.9606976955684,41.7377646708142,26.5090889575157,14.9506115312451,-25.7891612197264,-5.4755116931624,-5.37120640086615
11.6598254524921,24.8995425040908,-5.77032116171491,86.794145817755,41.0822273046924,26.6590908964344,14.7122511451884,-25.812922481796,-5.36827149449288,-5.29169875467989
12.688206627862,24.4279598644414,-6.35406745000175,86.5705479135265,40.4215775664507,26.7660698775675,14.4832561081454,-25.8350330667702,-5.24925849391934,-5.19373130887053
13.6982406443224,23.9531537485035,-6.93916264948518,86.2931699156743,39.7572462356956,26.8311980606054,14.2686463243601,-25.8547665923539,-5.11941047914702,-5.07895656630023
14.6862706248224,23.4763240413485,-7.52299577803586,85.9663809658627,39.0917804977729,26.8569234429618,14.0729380156411,-25.8717231077325,-4.97977471793545,-4.94917306264712
15.6490795154538,22.9983898363434,-8.10278191664458,85.5957059291919,38.4289446962255,26.8466480934835,13.8994358657797,-25.8858314308238,-4.83159597847655,-4.806340659317
16.5837891850329,22.520044616227,-8.67559371564928,85.1877195782485,37.7735108504061,26.8043800529444,13.7497450421699,-25.8973188474973,-4.67636758220028,-4.65248476491477
17.4877358192709,22.0419068046076,-9.23839622433326,84.7497602619401,37.13103903184,26.7349858519159,13.6234502293914,-25.9066400751467,-4.51572358448119,-4.48947585490676
18.3584193692841,21.5646823936518,-9.78815029101663,84.2894785795062,36.5078307222652,26.6446292563192,13.5181577460061,-25.9143598425483,-4.35127710718715,-4.31888745414411
19.1935723809539,21.0892199025651,-10.3219242193257,83.8143301247173,35.9108465089504,26.5404483579777,13.4302050846357,-25.9210678007464,-4.18456699687678,-4.14206805798499
19.9912474305565,20.6164885857173,-10.8368736574541,83.331200396041,35.3474007446099,26.4293994454276,13.3558366924631,-25.927351678984,-4.01710718013315,-3.96027875331344
20.7498302602493,20.1475510111311,-11.3300784612414,82.8462975063299,34.8245623315064,26.3166474744875,13.2922741937313,-25.9337804534812,-3.8504363887291,-3.77471258024799
21.4680180210671,19.6835179655997,-11.7984085228434,82.3652248879838,34.3483749160843,26.2041418375049,13.2383030640743,-25.9408723030508,-3.68610536733929,-3.58643018983677
22.1448461142414,19.2254823618342,-12.2386166122923,81.8929874991148,33.9232186268345,26.0904907701,13.194290751211,-25.9490463705445,-3.52558691661032,-3.39634263730743
22.7797561099401,18.7744540886813,-12.6476656172205,81.4338552060156,33.5514109517228,25.9723439503529,13.1618186054935,-25.9585826613986,-3.37015384602657,-3.2052576412804
23.3726452572549,18.3312932486164,-13.0231504441227,80.9912349354404,33.2328566561322,25.8462751784365,13.1431599047377,-25.9696197805029,-3.22081972951273,-3.01395737927768
23.9239042146781,17.8966527747976,-13.3637087351948,80.5676530531094,32.9646869771203,25.7104029253442,13.1406190812504,-25.9821849550544,-3.07836058165403,-2.82333367075932
24.434477041512,17.4709639106925,-13.669317149872,80.1648014229727,32.7411023859187,25.5654940371631,13.155807142772,-25.9962396558252,-2.94332556793302,-2.63455498584226
24.9058812715322,17.0544861128248,-13.941346558672,79.7836086346905,32.5539738998434,25.4152276585123,13.1890206329492,-26.0117207501814,-2.81600816600064,-2.4491308025473
25.340088741114,16.6474214915144,-14.1823484884694,79.4243736567453,32.3945071832946,25.2654862962961,13.2387678434895,-26.0285791433154,-2.696476986499,-2.26878220586116
25.739319203799,16.2500520911111,-14.3956946361964,79.0869566296172,32.2549814535315,25.1231004569512,13.3017070551321,-26.0468434392524,-2.58470555031314,-2.09521198742303
26.1059031012518,15.8627984866621,-14.5852165654079,78.7709193175014,32.1293366970399,24.9944503651188,13.3734514631235,-26.0666707597687,-2.48070227631541,-1.92995156267234
26.4422684493443,15.4861359923041,-14.7548959934398,78.4755455566298,32.0129074240343,24.8840014050217,13.4500157964918,-26.0883402868368,-2.38456991573024,-1.77434003021628
26.7510283548294,15.1204572019348,-14.9086095879633,78.1998382387996,31.9022085359779,24.7931551516742,13.5288582357046,-26.1123510344391,-2.29654562189487,-1.62955304048857
27.03506794723,14.7660460711494,-15.0499179389752,77.9426375321721,31.7948823344256,24.7200146307731,13.6088320510346,-26.1397214121434,-2.21705571659204,-1.49654012942683
27.2973710319506,14.4232192028482,-15.1818730388086,77.702838300785,31.6896343694616,24.6602361933925,13.6894041128214,-26.1719938516869,-2.14666305837084,-1.37578696308973
27.5405200309661,14.0925305741072,-15.3069060391381,77.4795618559563,31.5860447428308,24.6087387282812,13.7698395107923,-26.2104910440802,-2.0858034337615,-1.26704323627008
27.7661968197678,13.7749558528134,-15.4268982531686,77.2722480005004,31.4837751256806,24.5618443335057,13.8486947432511,-26.2553395250337,-2.03441954881005,-1.16919345166018
27.9750846859374,13.4719810359968,-15.5434374001662,77.0806666862493,31.3812909497618,24.5189778464017,13.9236861453274,-26.3051588856111,-1.99175777891747,-1.08033399014589
28.1673924926457,13.1853921173584,-15.6581799410521,76.9047245665523,31.2753827147455,24.4828764934964,13.9919957019799,-26.3577383360266,-1.95657776693582,-0.998186771748328
28.3437342222584,12.9167677714657,-15.7731489207763,76.7440889914486,31.1620211733971,24.4583271774324,14.0509538195656,-26.4111702393338,-1.92766082724811,-0.920770800854263
28.5057153071325,12.6670180228995,-15.8907453535812,76.5978824933984,31.0376877299317,24.4502846181269,14.0988346594919,-26.4645363643228,-1.90418039824769,-0.846891368172436
28.6559240627256,12.4361916260045,-16.0134182826963,76.4646020317963,30.9004452067389,24.4618530608942,14.1354168338479,-26.517837003573,-1.88575242306008,-0.776194594719758
28.7975307835345,12.2235098059065,-16.1431898867524,76.3422338586262,30.7505755088089,24.493118901756,14.1617287340183,-26.5715305680328,-1.87231150231361,-0.708921025816478
28.9338233311309,12.0275379023483,-16.2813570960086,76.2284403841898,30.5905014877362,24.5420371556578,14.1787954606483,-26.6260772966534,-1.86393306404648,-0.645587382921366
29.0679234827227,11.8463963108977,-16.4285288242167,76.12065421248,30.4235257236903,24.6062559666669,14.1865735627514,-26.6816904014986,-1.86067303723899,-0.586761575625338
29.2027390487254,11.6779114850002,-16.5848499462985,76.0160446065367,30.2516743304942,24.6838674473053,14.1842563941532,-26.7383515583918,-1.86251321567104,-0.532985313903344
29.3410014335217,11.5197258973953,-16.7502023888912,75.9115052694843,30.0739417653526,24.7732517533681,14.1714565007731,-26.7959534426802,-1.86939413562415,-0.484762309992454
29.4852085041412,11.3694531709358,-16.9243147164229,75.8037878508916,29.8860657460467,24.8731341929492,14.1490771881546,-26.8543618829348,-1.88123790570233,-0.442490250251389
29.6388173134802,11.2261889645267,-17.0928972929397,75.6844503336325,29.7401186802802,24.958425202149,14.1407133646465,-26.9131754366668,-1.89845724926072,-0.406521747011572
29.8008189605127,11.0854522437082,-17.2828794355957,75.5613370250014,29.5158852826582,25.0780204264095,14.1086292242665,-26.9727231615187,-1.91982005335373,-0.376194973585419
29.9736826996596,10.9471269665566,-17.4809910315042,75.4276412061368,29.2646896389577,25.2115562454891,14.0719971620517,-27.0328357205076,-1.94552988821588,-0.351285504162697
30.1583765230484,10.8102089436894,-17.6854748547323,75.2820511287012,28.9905689469115,25.3564952022317,14.0351588213228,-27.0937561031323,-1.97517308313743,-0.331054565896606
30.3553118778821,10.6739641230578,-17.89489027631,75.1246272355086,28.6980938781066,25.5099342051405,14.0000709283759,-27.1557369962133,-2.00816869761294,-0.314561422417203
30.5643219888361,10.537882270357,-18.1072280943325,74.9564676032604,28.3942864055088,25.6667471902941,13.96788338866,-27.2188807005748,-2.04386088667986,-0.300674700791813
30.7845182258387,10.4017106073902,-18.3198079627996,74.7795289082416,28.0872880281582,25.820104853259,13.9391613283124,-27.2829604608119,-2.08155329647971,-0.288033080609873
31.0141458607959,10.26560326446,-18.5294046000678,74.5963675985104,27.7846314767746,25.9625957206171,13.914074970727,-27.3471600285684,-2.12040357605025,-0.274947422511729
31.2505655443303,10.1303025433082,-18.7326158822104,74.4097949470383,27.4916702719632,26.0877343034547,13.8925105136613,-27.409882457683,-2.15921261078975,-0.259349490405818
31.4905841721449,9.99712350274062,-18.9264987252964,74.2224339644619,27.2105575703339,26.1915644987285,13.8740541111771,-27.4689908962501,-2.19639847065484,-0.23903138791675
31.7311305535743,9.86759821465069,-19.1093126523497,74.0362488529244,26.9400654462673,26.2736715517755,13.8580352267061,-27.5225087940334,-2.2303316744146,-0.212176412562611
31.9698195144788,9.74302660751545,-19.280919415063,73.8522844773093,26.6763378351175,26.3371541034125,13.8436934045173,-27.5692202291774,-2.25973902817599,-0.177717849086021
32.2050537568976,9.62424039081962,-19.4425818452311,73.6707590333213,26.4143935824741,26.3876966967134,13.830319014806,-27.6087378118592,-2.28383531273716,-0.135234757891658
32.4358619854405,9.51154129746795,-19.5964273011599,73.4913692728141,26.1499737428906,26.4321452304691,13.8172653243478,-27.6412695160021,-2.30226415876309,-0.0847093974927604
32.6617225917806,9.40471383824039,-19.7448761571936,73.3136587154156,25.881202589045,26.477019501497,13.8038197228181,-27.6674171139712,-2.31504178935813,-0.0264213586003279
32.8823930812518,9.30310535908524,-19.8901538758555,73.1373644858353,25.6095331730594,26.527318664344,13.7890872941454,-27.6880403798567,-2.32252055968962,0.0391201904729962
33.097821012054,9.20568131189011,-20.0340569009757,72.9625608666966,25.3395764555039,26.5859317373253,13.7721858867921,-27.7042106463773,-2.32537535691226,0.111226752033363
33.3063110863262,9.10988446555275,-20.1925475233346,72.796811839531,25.0057364843066,26.6717271004137,13.7261144458998,-27.7173138429063,-2.3242480389066,0.189632265657986
33.512060096604,9.01619323698642,-20.3383808217617,72.6261901467234,24.7563125697994,26.7540975367502,13.7026063954097,-27.7292888403737,-2.32133284046989,0.271885863555219
33.7141964970345,8.92134387175931,-20.4868926195891,72.4573687084863,24.5224248888735,26.8521525935299,13.6796002212112,-27.7426195330444,-2.318081465677,0.356957906310147
33.9133671385126,8.82362422459714,-20.6383614270435,72.2899117564423,24.3046850659855,26.9754715738842,13.658063567557,-27.7597683206514,-2.31628167167103,0.44327373954915
34.1095469978601,8.72190092537658,-20.7924135322615,72.1234792699277,24.0973610597591,27.138013461079,13.640174211308,-27.7824720711704,-2.31727005228287,0.529510897864909
34.3017360856606,8.61587965377717,-20.9473496128857,71.957858571733,23.8907852799092,27.356926050209,13.6281410890448,-27.8112303976418,-2.32170627830035,0.614777205963215
34.4879183875379,8.50608388202674,-21.0999149929104,71.7930277296563,23.6727415716871,27.6493183537429,13.6241404159102,-27.845150922736,-2.32956086727314,0.698620813580568
34.6652465129304,8.39376486195549,-21.2452851368816,71.6292930178791,23.4306022683988,28.0274785509449,13.6299788740096,-27.8821763026075,-2.34024546330048,0.780990620652834
34.8305244709861,8.28076046998626,-21.3775640589755,71.4674794144806,23.1538757712434,28.4933280779049,13.6466300301469,-27.91968574216,-2.3528389693039,0.862108203626957
34.9808859355671,8.16938667076962,-21.49097274964,71.3091518748539,22.8362419074383,29.0348815156135,13.6746053478451,-27.955207984777,-2.3663062194823,0.942282844503703
35.1142961206165,8.06254044073968,-21.5814329920828,71.1568868680899,22.4762924923695,29.6282525471532,13.7154167348473,-27.986827516212,-2.37960793603172,1.02184508202466
35.2296464871169,7.96393206232023,-21.6478764576319,71.0144064767209,22.0771649671204,30.2452437413689,13.7728226048036,-28.0131935133458,-2.39177537552917,1.10123307539964
35.3265533411351,7.87807863074464,-21.6926054445723,70.8862844117873,21.6458937656578,30.8619579242321,13.8524624682892,-28.0333811152661,-2.40207185630969,1.18108663345481
35.4071067234435,7.81043510351474,-21.7080374757322,70.769173203596,21.25176375259,31.435289315506,13.9827688829682,-28.0468061939908,-2.41073304509413,1.26113622957252
35.4675701202385,7.76401302976716,-21.7239110378412,70.6830447693097,20.7929569447793,32.0154036945749,14.1185154516597,-28.0533798929087,-2.4169386630757,1.34462945179798
35.5103677311934,7.74216093040628,-21.732569274951,70.6235164503876,20.3406177917409,32.573833696936,14.2794272386024,-28.0537161508627,-2.42208793614161,1.43153585534944
35.5369549787443,7.74524857585978,-21.7335573238879,70.591156556136,19.9181520537925,33.1026975339066,14.460532574848,-28.0500086134837,-2.42783310080485,1.52236861156829
35.5495724946285,7.77104009787059,-21.7243766538356,70.5856223326873,19.5427681783921,33.5905480831579,14.6523887284662,-28.0460360057404,-2.43630746362642,1.61695423726579
35.5509905649544,7.81548520009932,-21.7000193624676,70.605578867254,19.2260564415701,34.0199457833016,14.8461140947689,-28.0462878983506,-2.4495132861794,1.71470756930324
35.543769809112,7.87407362512799,-21.6538051152018,70.6492352430158,18.9732388588699,34.370458818295,15.0356855850764,-28.0544648085381,-2.46844969375932,1.81526045556479
35.5475634693211,7.9293687544458,-21.6103241172133,70.704755429313,18.679569666272,34.6187268811134,15.2984679937437,-28.0800083717322,-2.48936948161306,1.90567695895326
35.5297049847398,8.00673007331311,-21.4920525181916,70.7847625779521,18.6212295925015,34.7717516580695,15.4528802116932,-28.1081817678518,-2.5168661725283,2.01139585696383
35.505721255197,8.09052720929444,-21.3448883809213,70.8896552983493,18.5743545915163,34.8286943173379,15.5977904413569,-28.1428431291567,-2.54414737393077,2.12299724283225
35.4771619769644,8.180748472136,-21.1610650823914,71.0143209554931,18.5770306500208,34.7860115349966,15.7286624804842,-28.1799109456875,-2.56802476058831,2.24017482467921
35.4449412154866,8.2759149357293,-20.9476851247017,71.1612339829851,18.6004221283395,34.6522120548288,15.8493691790388,-28.2156645953513,-2.58571685548949,2.36252366758355
35.4109927206333,8.37395788847104,-20.7094621012801,71.3312862382478,18.6415474606247,34.4422329262053,15.9555387730504,-28.2480687272549,-2.59625940566485,2.48867415351518
35.3782399480454,8.47134726310252,-20.4532342618054,71.5256706211475,18.6952693350908,34.1739167080395,16.0426253673032,-28.2770932180374,-2.60026798522897,2.61622273285001
35.3501536853441,8.56391396420291,-20.185284451202,71.7448015862912,18.7610744470219,33.8657389278036,16.106210608702,-28.3040792921929,-2.59936469725039,2.74248057339139
35.3302349229064,8.64761404154463,-19.9109869187142,71.9882183005671,18.8389668441743,33.5350920608433,16.1443031370208,-28.3308514075745,-2.59557058791818,2.86507695445178
35.3216707250777,8.71926988105367,-19.6341590406294,72.254339650574,18.9286239720976,33.1970492535898,16.1583869718288,-28.3589755757196,-2.59080641359126,2.98236706235269
35.3271651100908,8.77699393237408,-19.3570111773959,72.5404888360516,19.0282157531332,32.8636600082711,16.1535190576903,-28.3892851907549,-2.58649012062381,3.09359274703116
35.3489907999775,8.82024689441688,-19.0804746314023,72.8430623455032,19.1341530026199,32.543871133056,16.1372653148614,-28.4217827146082,-2.58335657102442,3.19879919626057
35.3891373156418,8.8496700634779,-18.8046660500408,73.1579149466979,19.2413146175225,32.2439079452389,16.1179787517551,-28.4558185835266,-2.58145569088641,3.29864882616317
35.4494168331174,8.86679869792819,-18.5292128016331,73.4808253905346,19.3436415054909,31.9677897941125,16.1029976690993,-28.490311295849,-2.58024186983622,3.39425180555103
35.531576981979,8.87365183488484,-18.253453331817,73.8077546984879,19.4350582103225,31.7177397783461,16.097276589213,-28.5239605909464,-2.5787577998884,3.48700093963451
35.6375338805358,8.87224230111326,-17.9766149731393,74.1347424364577,19.5106416883025,31.494496093521,16.1026993779146,-28.5555671391749,-2.57592313722099,3.57837651168944
35.7697054769978,8.86406631155768,-17.6980785550441,74.4575089112374,19.5675703202442,31.2976126197306,16.1181455729444,-28.5844119862296,-2.57090406278161,3.66971242958107
35.9312366893912,8.84970782057392,-17.4176606467791,74.7709849545112,19.6055299663837,31.1257267859371,16.1402341443376,-28.6104251459312,-2.56335106765033,3.76203497935765
36.1258280799092,8.82886968660762,-17.1355988625138,75.0690820050737,19.6266348260907,30.9767585834463,16.164421851493,-28.6339026146473,-2.55315754659184,3.85621208360567
36.3256255381471,8.8213312298168,-16.8338802757681,75.373491604902,19.6880734927971,30.7781055623933,15.8378993352428,-28.6470431976625,-2.54245392248248,3.96305112500379
36.5948623061867,8.78654766592406,-16.5508040921962,75.6211458740002,19.6804963270651,30.6561424474001,15.8096294250433,-28.6649734318684,-2.52483005532974,4.06375699352103
36.9054252712248,8.74380516774908,-16.2657093272319,75.8312839471162,19.6653668747896,30.5419310871742,15.7824036520659,-28.6774006903283,-2.50071393330123,4.17105349275435
37.2572821572357,8.69429730841517,-15.9763112872487,75.996318957236,19.6489985636173,30.4307770132993,15.7456609059735,-28.6816536179421,-2.46854254844308,4.28641294574542
37.6503136308834,8.63883970313449,-15.6807496884814,76.1083698661372,19.6354314709863,30.3159142606189,15.6994821916231,-28.6761604961157,-2.42802319496297,4.40869881972718
38.0843291228004,8.57789839266428,-15.3777936158773,76.1594789052185,19.6272389572449,30.190939642826,15.6455775047369,-28.660883641361,-2.38044153862037,4.53453569606667
38.5591214450331,8.51131170457164,-15.0670773065661,76.1418280445473,19.626066073617,30.051969690949,15.5870779446702,-28.6371245918355,-2.3277989974152,4.66017460368072
39.0743299181843,8.43842231534135,-14.7488446015642,76.0481691130201,19.6333065805801,29.8993527038893,15.5288681119094,-28.6071856251176,-2.27191143971596,4.78320838918747
39.6291236529305,8.35857148039264,-14.4234453686,75.872384419823,19.6503362240838,29.737663125209,15.4773730982356,-28.5740073122715,-2.21409906020681,4.90310026936864
40.221725953822,8.27161004571163,-14.0908883225978,75.6100253900048,19.678495076116,29.5740836274312,15.4392631505018,-28.5404705704566,-2.15516299223983,5.02103382698695
40.8490482209216,8.17819304951438,-13.7505158366009,75.2586692094028,19.7191162379563,29.4168650671668,15.4196787063457,-28.5086130295843,-2.09536383282621,5.13955713454469
41.506641299021,8.07986693338031,-13.4007336850119,74.817972445998,19.7733754510588,29.2743065905581,15.4212839058125,-28.4790752097025,-2.0342576519963,5.26210080603185
42.1901398241452,7.98008232253879,-13.0273176195926,74.2812200208497,19.8497522003529,29.1142843455459,15.3885944865243,-28.450698374843,-1.97228343769688,5.3926892113836
42.8910483618807,7.88006356320678,-12.6473510136037,73.6667502369826,19.9361515558597,29.0128353841859,15.4337246813009,-28.4209964583231,-1.90316899903533,5.53440891563967
43.6052292155953,7.78298211607532,-12.2464994862448,72.9705899469296,20.037154163834,28.9361830474841,15.5023448042439,-28.3875416390312,-1.82591252535851,5.68982580380844
44.3294937000589,7.68952394803686,-11.8215221636726,72.1956972824452,20.1491998829114,28.8775840908288,15.5981801892396,-28.3499219417185,-1.73862833596783,5.85919005086679
45.0624402944947,7.59927231417706,-11.3697725940568,71.3449578456928,20.2703391365081,28.828188832202,15.7249822892505,-28.3099006023739,-1.64039484667016,6.04126557772671
45.8032222145939,7.51222203651903,-10.8884623717743,70.4221430005844,20.3988004621274,28.7782277226181,15.8857713873492,-28.2701715936435,-1.53053082082865,6.23461780500563
46.5505128285287,7.42998264294031,-10.3740461923944,69.43261285566,20.5330249898509,28.7188531660438,16.0819641784507,-28.2332218219635,-1.40800635815977,6.43867156466089
47.3020290140665,7.35610097854425,-9.82218475795025,68.3835709295185,20.6717612510028,28.643254804466,16.3130515941553,-28.2008082932716,-1.27136960356205,6.65412528142327
48.0544246030135,7.29585936182833,-9.2278733286996,67.2840239772472,20.8144910853821,28.5470454280983,16.5765919854132,-28.1739041779082,-1.11903410410769,6.88292018296621
48.8034255437132,7.25587585132335,-8.58558178732311,66.1444829097692,20.9619638190423,28.4281224291762,16.8684884345752,-28.1529051225856,-0.94973372807295,7.12798217980515
49.5440717847106,7.24362985036361,-7.88950833417742,64.9764088056629,21.1162801049909,28.286346318752,17.183646036424,-28.1377634265768,-0.762954906312273,7.39286933568865
50.2709854244142,7.26692913366006,-7.13403470512687,63.7915464761381,21.280385799754,28.1231616290574,17.5166431766813,-28.1279297662696,-0.559216546613556,7.68136661744751
50.978696528062,7.33332450517914,-6.31441359787748,62.6013185563394,21.4573293130779,27.9408797368847,17.8618698979017,-28.1222590988032,-0.340164628215078,7.99699004418465
51.6620504205121,7.44948703571527,-5.42767469666744,61.4163423493363,21.6494794170816,27.7418818895412,18.2132685952796,-28.1190126007468,-0.108496442327806,8.34235674482031
52.3166538886637,7.62057776124771,-4.47356500881025,60.2460374836859,21.8578598793054,27.5284769960601,18.5642603051866,-28.1160234659403,0.132261427183439,8.71849214263763
52.9393620035065,7.84961379299617,-3.45517106680926,59.0982214926714,22.0820627046512,27.3029509288069,18.9081820017602,-28.1111510379863,0.377990119606035,9.12419514556118
53.5289000448563,8.1367965237514,-2.37898877749092,57.978548809893,22.3209722762566,27.0667483755677,19.2392146023041,-28.1031608573283,0.624014907948136,9.55552221998619
54.0864058050433,8.4791705191074,-1.25432372545394,56.8899059292167,22.5738775896243,26.8194740115848,19.5532827134488,-28.0926076025035,0.865124096435773,10.005687074945
54.6152844937551,8.87132374967406,-0.0918657610210161,55.8322703210927,22.8412576735842,26.5589826934619,19.8483790683986,-28.0817225564053,1.0961449534617,10.4658698463715
55.1203692302583,9.30687855351621,1.0981460576754,54.8032012025592,23.1247319991704,26.2821822544761,20.1247030120092,-28.0732911238518,1.31302106212129,10.9267936636755
55.6071340587119,9.77961533249124,2.30716405962954,53.7984886682461,23.4262612511365,25.9859645144908,20.3850156353877,-28.0697235704325,1.51358231673267,11.380244618005
56.081230770052,10.2838522444568,3.5285958833161,52.8127613471503,23.747345390833,25.6684086267408,20.6344369657179,-28.0728449495456,1.69757405670734,11.8199447250455
56.5480342131894,10.8144971523137,4.75745764219918,51.8403201422526,24.0887712876489,25.3296173482642,20.879080067464,-28.08394265404,1.86612790163661,12.2416506717594
57.0121197335873,11.3670322446103,5.98982973090197,50.8761758261746,24.450679311753,24.9716015850805,21.1241660389522,-28.1038030163562,2.02095423213744,12.6426434774639
57.4768437111439,11.9375670788099,7.22249138814115,49.91691244358,24.8326844926734,24.5980468716758,21.3722428508365,-28.1327941712212,2.16357101702552,13.0211087358659
57.9440601498474,12.5229642943586,8.45290139468668,48.9611425954018,25.2340812013344,24.2143321380436,21.6219274984426,-28.1708055350484,2.29492986461761,13.3758941574923
58.413924280044,13.1207796800569,9.679283234659,48.0095649789454,25.6539829431734,23.8270488397335,21.8684554474469,-28.216803781593,2.41553985524063,13.7066495630389
58.884966767033,13.7288213509229,10.9005030615551,47.0646681305336,26.091308475857,23.4429278956322,22.1063363662151,-28.2685119821572,2.52569485075071,14.0139236759649
59.3546919278817,14.344483438616,12.1157231982862,46.130160514086,26.5447370383451,23.0678731853479,22.3318407202724,-28.3229994307167,2.62538380233689,14.2988708727065
59.8203932586689,14.9644218622327,13.3241941645179,45.2103936433585,27.0124633181579,22.7066313694271,22.543453569918,-28.3777958562499,2.71416577650478,14.5628338002217
60.2794335936034,15.5851465157933,14.5255945676367,44.3100824575238,27.4916240357221,22.3630310050535,22.7409610454481,-28.4312265101478,2.79160984586245,14.8074051191257
60.7288898492293,16.2042324461952,15.720607054623,43.4342179989801,27.9777853626329,22.0401146214798,22.9246163572706,-28.481705823557,2.85811993974579,15.0349245888457
61.1654050918633,16.8210132285312,16.910808606527,42.5876861382414,28.4650080268897,21.7395470622719,23.0951280670639,-28.527233687444,2.91525270346031,15.2486392130252
61.585935153052,17.4360010525861,18.0975977351285,41.7743725164854,28.9467079878524,21.4606823601013,23.2543270174366,-28.5661217452737,2.96505480977722,15.4520431421502
61.9889674824213,18.0495515899694,19.280940242152,40.9962166136244,29.4167608056224,21.2006643193102,23.4053831784157,-28.5983798505464,3.0089496387787,15.6478076902906
62.3749352457243,18.661105635206,20.4588247657943,40.2530244714123,29.869930445713,20.956250663892,23.5516369557036,-28.6260531038826,3.04724276124124,15.8372142393061
62.7452989482728,19.2694822990851,21.6275632408872,39.5432044565682,30.3016394001945,20.7260164983826,23.6949220450836,-28.6518505562679,3.07962183093864,16.0204597586466
63.1013817288533,19.8733046693366,22.7825432236631,38.8646380217412,30.7079044708513,20.510999299414,23.8350171792375,-28.6775600902797,3.10584654197407,16.1972589523636
63.4440198293514,20.4709364593866,23.9191811859951,38.2150436443381,31.085803587493,20.3134454285672,23.970589374872,-28.7036694496719,3.12594622041832,16.3672296073844
63.7737963507495,21.060385560426,25.0339505178133,37.5919732209855,31.4341706123801,20.1349614036777,24.1007077725112,-28.7298287336252,3.14018322918268,16.530194651295
64.0912730211136,21.6396169221106,26.1251906958695,36.9927691547224,31.7541794743388,19.9755810890133,24.2258345718131,-28.7553342854713,3.14911554693382,16.6865320958878
64.3970619275426,22.2071131912998,27.1933057037965,36.4146219549623,32.0492401382293,19.8340320757746,24.3480223872182,-28.7794304194093,3.15365671984643,16.8373839010852
64.6916835924371,22.7622794571367,28.24017965644,35.8548502329071,32.3235709698459,19.7083294188788,24.4707059009248,-28.8013378930935,3.15502933823343,16.9845610154371
64.9753502648801,23.3023928388531,29.2426010167632,35.3148384570458,32.5254526050277,19.6067267601249,24.6387145852811,-28.819727323734,3.15599787821184,17.1290796355387
65.2471988395315,23.8338305027058,30.2530521600509,34.7870256452776,32.766457868915,19.5059143883856,24.772597528968,-28.8343360078728,3.15458216359824,17.2746716902098
65.5063735147878,24.3536484922931,31.2479702903732,34.2749232490181,32.997156343156,19.4159042658553,24.9114395399089,-28.8443032560708,3.15240820569884,17.4208356406159
65.7515436722818,24.861291604483,32.2243732160417,33.779864637118,33.2139549667436,19.3380824548702,25.052918293409,-28.849986036785,3.1489887930447,17.5669132888965
65.9813141323112,25.3561160544676,33.1796537154079,33.3030337277793,33.4170797440099,19.2727215656941,25.1922414841957,-28.8522178175961,3.14352747957217,17.7113807235007
66.1942961360775,25.8371267575538,34.1103577989081,32.8454890131279,33.6073212044069,19.2179055033254,25.3247927565952,-28.851760944647,3.13528686839439,17.8524020335053
66.3894675448447,26.3026584986387,35.0126976403226,32.4079024603273,33.7864484631178,19.1692183917907,25.4472035693041,-28.849352251667,3.12361418384235,17.9884180824048
66.58447872539,26.7611079391434,35.9739885281348,31.9720206095704,34.1491308863502,19.1585332845443,25.7823903357586,-28.8518212402396,3.10521216189666,18.1254076517148
66.7435348965541,27.1876364807552,36.7919465831542,31.5766496291731,34.2721004017271,19.1086580751617,25.8947274040338,-28.849773325118,3.08506925355364,18.2489605340878
66.8856275372249,27.5961838863541,37.5968352297203,31.1961092977842,34.4516979008915,19.0499457339992,25.9652500095101,-28.8517320734928,3.05879836960137,18.3682060756396
67.0118312438618,27.9846451364463,38.3637616332259,30.8329903684579,34.626076191428,18.9816360538235,26.0206920644478,-28.8596112264411,3.02725399634457,18.483133564348
67.1237514969512,28.3556561208158,39.1030393959255,30.4850470962397,34.8207913951195,18.9042935242369,26.0665377020998,-28.8756604569537,2.99051182027119,18.5950432784465
67.2224171897692,28.7121420965536,39.8162881315823,30.152017074851,35.0329955412372,18.8176669185063,26.108462830786,-28.9013192765234,2.94892470268051,18.7050927670007
67.3083721530307,29.0572455447214,40.5071719021082,29.8339684272543,35.263906371497,18.7214939392096,26.1516092800763,-28.9366821837491,2.903435648748,18.8146323581157
67.3814271664708,29.3929669547239,41.1770483015482,29.531705416484,35.50893899458,18.615917106937,26.200713188536,-28.979858628763,2.85592225505419,18.92524011648
67.4409102491156,29.7197448298555,41.8261657955045,29.2461621671921,35.7618179765157,18.5020098597379,26.2595070629326,-29.027023079016,2.80912429221045,19.0385316770536
67.4861924383275,30.0367947374357,42.4545386117342,28.9778842013389,36.0170349935625,18.3812533026761,26.3304503755859,-29.0733235090714,2.76612852551649,19.1556868388454
67.5173881193986,30.3428795575745,43.062883021785,28.7266058077822,36.2718126494217,18.2551922443623,26.4141741465118,-29.1144060278626,2.72963413378869,19.2769541057491
67.5359479022198,30.6369060402656,43.6528767413989,28.490968123792,36.5255747166787,18.1260427642531,26.5090139355064,-29.1477889424656,2.70140813999523,19.4014246032419
67.5447243291291,30.9182821484276,44.2271080412192,28.2684236866971,36.7787356590517,17.9970884708796,26.6112805224628,-29.1732488407677,2.68225210640848,19.5273050337599
67.547428981728,31.1872114586501,44.7888823323681,28.0555659013698,37.0318563392213,17.8718943345091,26.716524898383,-29.1922060614036,2.67233463856093,19.6525910754018
67.5478158615486,31.4448637469777,45.3420023290711,27.8488831992675,37.2851482035184,17.7534944495468,26.8209434199706,-29.2067896360653,2.67148637022732,19.7757690801199
67.548936821452,31.6932059694926,45.8904071598581,27.6456076206078,37.5379895375736,17.6446723915374,26.9217279457992,-29.2191087083551,2.6792759098527,19.8962024236745
67.5526632246702,31.9345532345527,46.43770637331,27.4443232251159,37.7888524711701,17.5482560938342,27.0165251351411,-29.2308309305221,2.69496727808928,20.0141201014447
67.5595400533605,32.1711075492682,46.9868122125865,27.2451872326492,38.0357151126528,17.466299761476,27.1030779804268,-29.2429957345676,2.7175303031149,20.1303755094568
67.568888208607,32.404657091484,47.5394890119665,27.0498753683956,38.2760891116386,17.3989731780758,27.1792764694461,-29.2560198865172,2.74575926721234,20.2461391143052
67.578995075497,32.636407536306,48.0955789049222,26.861499963856,38.506748013003,17.3440367539359,27.2432124964518,-29.2698538256178,2.77840502268969,20.3625730197856
67.5873703643067,32.8667716711811,48.6522964141827,26.6845016361638,38.7242046150994,17.2966596417059,27.2934280583579,-29.2842234243564,2.81422821609561,20.4805274729848
67.5911699085568,33.095073878883,49.2041949759583,26.5242827635468,38.9256234513545,17.2497423294008,27.3297034592707,-29.2988973796575,2.85200411664932,20.6003146623191
67.5878001918806,33.3194126789723,49.7441094539543,26.386453602538,39.1089843618917,17.1957721113308,27.3537241578528,-29.3139155447149,2.89054634843454,20.7215941649383
67.5755339669363,33.5369212003305,50.2649420953436,26.2758432919493,39.2724979598356,17.1301232895128,27.3686180235196,-29.3296977067406,2.9287636347193,20.8433946007406
67.5538534452578,33.7443248463626,50.7612302579665,26.1957438432773,39.413974275603,17.0532487724678,27.377532033945,-29.3469746574542,2.96574093310187,20.9642535109633
67.5233839159867,33.9384932568589,51.2293985284477,26.1477349603587,39.5304560816299,16.9694973869181,27.3824816848019,-29.3665650594696,3.00084871071355,21.0824214767413
67.4855772700839,34.1168688019222,51.6671281643282,26.1318363242172,39.6182182026959,16.8840302946648,27.3842809093267,-29.3890669022627,3.03388062909918,21.196103919318
67.4423328226158,34.2778708660074,52.0730292633253,26.1465318277748,39.6734138634817,16.8009773555282,27.3831606497355,-29.4145071250098,3.06517364931719,21.3037067948807
67.395605579182,34.4213236488123,52.4469942015598,26.1885971021801,39.6936239393905,16.7233744664301,27.3793319181921,-29.4420963526759,3.09559499919358,21.4040270021786
67.3470860982182,34.5487303153395,52.7906859149404,26.2529590376726,39.6796661095364,16.6532949434599,27.3732177658573,-29.4703871523482,3.1262553750549,21.4963500243559
67.2980313500217,34.6630538953709,53.1072856746858,26.3329787259473,39.6359769987096,16.5916146583294,27.3654504231588,-29.4978330195743,3.15798380317008,21.5804447449863
67.2491470059939,34.7679040717133,53.4001956078552,26.4216692910921,39.5691143153411,16.5382097264916,27.3567854196373,-29.5232677484835,3.19090125261805,21.6564926207777
67.2004553728547,34.8666374280509,53.6716382711572,26.513654924913,39.4865227131496,16.4927378424364,27.3478020902087,-29.5460613053082,3.22440679916912,21.7250269479466
67.1513389408689,34.9620553511089,53.9223930866216,26.6065243568702,39.3965499449077,16.455052280472,27.3383971105107,-29.5662429775002,3.25749395052336,21.786886847627
67.1008999041038,35.0567104435282,54.1526848643665,26.7005819659337,39.3078529073559,16.4247531039559,27.3276834574953,-29.5846704993744,3.28907707257095,21.8431044577101
67.0484583945402,35.1532041190476,54.3632789831086,26.7975214862133,39.2278364609835,16.4003749270444,27.3145177619574,-29.6029187691272,3.3181693643445,21.8946983737084
66.9939440606755,35.254061614747,54.5560350106214,26.899033657043,39.1618247099973,16.3787394474798,27.2979699721529,-29.6228409449601,3.34398263948245,21.9424422261613
66.9380890466077,35.3613452925164,54.7337853881698,27.005830077357,39.1131804306079,16.3548388430349,27.277422791362,-29.646096868242,3.36601867034228,21.9867035974683
66.8823944822438,35.4763415902627,54.8998457278978,27.1172300508461,39.0833594994409,16.322683811975,27.2527525169146,-29.6738276898911,3.38410766019003,22.0274318077995
66.8288600444669,35.5993440022953,55.05739344825,27.2312997621857,39.0717381506694,16.2769690550357,27.2245791543944,-29.7064883163645,3.39834530777123,22.0642988442432
66.7795661254757,35.7293533216303,55.2087474869342,27.3453580651471,39.0756540930565,16.2147545923929,27.1941048868326,-29.7438176239807,3.4089898173781,22.0969129080193
66.7363075356851,35.8637179958233,55.3548237833082,27.4566349587116,39.0909018746309,16.1365240046582,27.1626417751571,-29.7849068691153,3.41641721885584,22.1250069307482
66.7004341845933,35.9979834317381,55.495222132461,27.5629102535654,39.1129642974858,16.0462476463004,27.1312939350349,-29.8283165687474,3.42114627506148,22.1485567639344
66.6728698153615,36.1262315339152,55.628831456274,27.6629483091901,39.1385330569184,15.9502926636858,27.100879405341,-29.8722622213083,3.42387352244362,22.1678409447499
66.6542036747087,36.241896133662,55.7543609431437,27.7565306496569,39.1659335978288,15.855673944406,27.0719427268738,-29.91491547417,3.42543775189347,22.1834275684549
66.6447592749887,36.3387079166841,55.8707047010952,27.8440764412859,39.1945899605238,15.7685058564995,27.0448001560023,-29.9546334029166,3.42673432454375,22.1960988782428
66.6445273402084,36.4114823365594,55.9774012358415,27.9261422190123,39.2249276942597,15.6931228864551,27.0195989716587,-29.9898594939354,3.42871888601652,22.206807355982
66.6530477507206,36.4567032054536,56.0750681416609,28.0030436280486,39.2585443837975,15.6319005641364,26.9963894833509,-30.0189542903025,3.4324359372988,22.2166435338261
66.6694910630769,36.4729069659116,56.1655428471084,28.0746511143523,39.2977387009508,15.5855554257695,26.9751712455118,-30.0404874013002,3.43881888454405,22.2267036823667
66.6929672662409,36.4608725007729,56.2517960916899,28.1404046573998,39.3447076007848,15.5534597385468,26.9558668739696,-30.0540185236662,3.44824906675326,22.2378872524775
66.7227586713812,36.4236180650727,56.3378431931892,28.1995178603428,39.4011295209647,15.5336733643012,26.938331354663,-30.0606848111638,3.46023920893903,22.2507775292719
66.7580695249724,36.3661801444726,56.4285064687561,28.2513082434606,39.4681679984478,15.523047651808,26.922457240085,-30.0627818440519,3.47366432284774,22.2657491293335
66.7973942046533,36.2952518111913,56.528829067495,28.2955658361487,39.5466554461276,15.5179196515982,26.9082195910673,-30.0626050328554,3.48738658335815,22.2832344956525
66.8382309298822,36.2187306665728,56.6435268667567,28.3326848132122,39.6374589465419,15.515217973164,26.8956165601933,-30.0617263302287,3.50065851398825,22.3038698169099
66.877511993499,36.1449795061245,56.7768327552142,28.3634178727314,39.7418934878852,15.5132967959607,26.8846531577267,-30.0610673195311,3.51311695095221,22.3283739802981
66.9123540428949,36.0817114365528,56.9323664420652,28.3885074018305,39.8617006716716,15.5121359703054,26.8753105343656,-30.0612061699023,3.52461505684234,22.3572620923019
66.9406669296602,36.034806509634,57.1126960843639,28.4084081066229,39.9984521023962,15.513014934188,26.867360127384,-30.0625706309433,3.53504239010996,22.3905789784972
66.9615185197981,36.0074714356656,57.3189833150598,28.4230422202166,40.1530348742069,15.5177001659245,26.8601976475012,-30.0655420027855,3.54417564666291,22.4277517712621
66.9752511716828,35.9999994449485,57.551108776554,28.4315987682746,40.3258409918558,15.5271223672598,26.8529169008519,-30.0705036197537,3.55161856994004,22.4675725125321
66.9832662543117,36.0101553845554,57.8080596526946,28.4325457269285,40.5172048310817,15.5401205914213,26.8446214984852,-30.0777814473934,3.55687745256824,22.508383789239
66.9874725589019,36.0339736658325,58.0881707253227,28.423948917262,40.7272225350964,15.553110723445,26.8347915127406,-30.0874442507171,3.55955812708472,22.5485028613508
66.9895311801955,36.066643830916,58.3890260510856,28.4040586278187,40.9549696607114,15.5607115518867,26.8232984389742,-30.0989807228626,3.55964918171797,22.5867362544557
66.9901172531161,36.1032139951827,58.7071496263307,28.371935728813,41.1977652137838,15.5568604786049,26.8100167031285,-30.110908794299,3.55783922052816,22.6227880945312
66.9886216364747,36.1390513230502,59.0379027855618,28.3276982173742,41.4509848889944,15.5361211831812,26.7947028210304,-30.1207584166096,3.55558070256647,22.6573610771524
66.983711824795,36.1701416156778,59.3758714291674,28.2722147696659,41.7085930252997,15.4945605723028,26.7774115689314,-30.1260693661329,3.55453236598754,22.6917927668906
66.9743994537113,36.1932545550351,59.7156038438383,28.2066715871499,41.9641559069186,15.4299382426862,26.7589631420831,-30.1259170994525,3.55568706090287,22.7274185466999
66.9606507677633,36.2059652654634,60.0522956339617,28.13255166752,42.2117344167294,15.3420765190927,26.7412303316529,-30.1215677058927,3.55900017171492,22.7651152797666
66.9432165124449,36.206496846176,60.3819215608035,28.0520442602332,42.4461197224934,15.2335663918392,26.7271980094774,-30.115922106552,3.56371184786424,22.8052146692553
66.9231500522862,36.1933368405202,60.7006498611448,27.9685316459109,42.6625935383721,15.1098329141594,26.7205972666738,-30.1124871856905,3.56889934451678,22.8476268988479
66.9014291097573,36.1648060181375,61.0041583655614,27.8868190029439,42.8569287096067,14.9783944994781,26.7252976385625,-30.1143809593775,3.57394716495106,22.8920011904949
66.8788040004022,36.1189090315736,61.2875448167708,27.8129699265715,43.0258869516848,14.8475567025931,26.7447523078499,-30.1236214122108,3.57886637818808,22.9378564176885
66.855811512508,36.0535990872051,61.5456316696936,27.7539162278027,43.1676955948917,14.7244890926333,26.7812602730638,-30.1409373629131,3.584379956232,22.9846673530478
66.8327984199967,35.9673476859669,61.7731504916944,27.7170024286391,43.2820301663329,14.613514802524,26.8348481013275,-30.1660037565039,3.59175528779352,23.0319240274611
66.8099497477022,35.8597990703966,61.9649429932593,27.7092372356234,43.3698456004245,14.5155887998837,26.9021558156616,-30.1977647803523,3.60248716152192,23.0791530168176
66.787454627572,35.7323536643336,62.1167964363358,27.7359853066304,43.433756624348,14.4288465159751,26.9760866445664,-30.2347098223501,3.6179479307306,23.1258750880244
66.7658010042838,35.5886474999216,62.2273019339151,27.799328527118,43.4790579249347,14.3497574670504,27.0470853442762,-30.2751296424948,3.63908707985542,23.1715575320919
66.7459890248405,35.4347189859442,62.3000085788961,27.8968228762721,43.5143753869724,14.2743324201148,27.1059781497116,-30.3173240239211,3.66622049760458,23.2156500928087
66.7294442365184,35.2784379899008,62.3440277223967,28.0214074668045,43.5505348438736,14.1987669848184,27.146781065599,-30.3597388528405,3.6989052069784,23.2576973826318
66.7176346953926,35.1281151448752,62.3721263743971,28.1627011542598,43.5976823602262,14.1196289561284,27.1679953843442,-30.4010658509426,3.73589211740564,23.2974327607802
66.7116201137216,34.9908564185587,62.3975486139709,28.3092078927681,43.6624940591752,14.034132346966,27.1723081303014,-30.4403060661728,3.77522070725099,23.3348049816385
66.7117678136698,34.8714330984039,62.4314529253871,28.4504843483906,43.7471075933599,13.940672182291,27.1653336497333,-30.4767784100285,3.81452823946526,23.3699633638664
66.7177373414636,34.7720259973798,62.4816671378527,28.5784641540378,43.8497148545892,13.8394681082937,27.1539988157378,-30.5100974406504,3.85147989871611,23.4031843493977
66.7286848063147,34.6926295911949,62.5524568700218,28.687894119202,43.9658492021904,13.732817002392,27.1449026899472,-30.5401597546152,3.88413532856233,23.4347245701272
66.7435352431625,34.6316966512051,62.6449400505277,28.7763840331009,44.0899281155366,13.6243910411864,27.1428387163903,-30.5671363867111,3.91118493805331,23.4647094674083
66.7611909361616,34.5868554487409,62.7579117452282,28.8441642169154,44.2169665047329,13.5179994441654,27.1500859871731,-30.5914381960752,3.93206427507853,23.4931525698262
66.7806748534246,34.5557021392971,62.8888537443838,28.8931631876727,44.3437987531385,13.416875641903,27.1670402461718,-30.6136398467079,3.94692857873055,23.5200176787934
66.8012518782202,34.5364374353535,63.034759684329,28.9256722102184,44.4689002199549,13.3235548164777,27.1933974793311,-30.6343543606886,3.95651706761422,23.5452143941532
66.8224319072474,34.5280894202371,63.192316118536,28.9436291324349,44.591136521692,13.2397701859465,27.2284305897434,-30.6540672942599,3.96199279577062,23.5685942954661
66.8438012327989,34.5304275561024,63.3576035928931,28.9488233110754,44.7090013650293,13.1664944643089,27.2703950248303,-30.6730194415187,3.96477033850843,23.5900139302324
66.8648903166031,34.5437776638898,63.5260693496976,28.9432133126535,44.8208582333988,13.10428796547,27.3164066070853,-30.6912524365238,3.96629403397009,23.6093600974606
66.8852288808945,34.5687757652529,63.693028344517,28.9288570167069,44.9252372737356,13.053488834495,27.3632413789736,-30.7088003276674,3.96780630296988,23.6264936906891
66.9044686748424,34.6060068698254,63.8542726745371,28.9077745712575,45.0206733328788,13.0139786254552,27.408212590068,-30.7258579649088,3.97017819821879,23.6412313867756
66.9224549488912,34.6555409697415,64.0064673931807,28.8819986170512,45.1054755840942,12.9847858792039,27.4495022027781,-30.7427947512738,3.97383563406788,23.653401274775
66.9392598750123,34.7165403460063,64.1473885303178,28.8536514939286,45.177867484102,12.9637330694817,27.4861470581663,-30.7600453320627,3.97878785805693,23.6628777194902
66.9551906066655,34.7871131565324,64.2760275672255,28.8248646047844,45.2364722603435,12.9471144422384,27.5180099855709,-30.7779610922268,3.98473284964972,23.6695821742853
66.9707327609996,34.8644109500275,64.3923886047459,28.7975470017541,45.2807935130056,12.9296142460719,27.545687254411,-30.7966568226371,3.99119936563483,23.6735369073906
66.9864170390717,34.9448904285166,64.4969659625029,28.7730948325721,45.3114534274831,12.9050939570747,27.5701717751177,-30.8158826949033,3.9976856078063,23.6749432487987
67.0026634037988,35.0246959093307,64.590215911269,28.752120168791,45.3302006105796,12.8685357513169,27.5924224501191,-30.8349667424501,4.00375816430234,23.6741597102394
67.019659252958,35.100104533174,64.6723005829594,28.7343492846647,45.3398135992519,12.818086735234,27.6131329952631,-30.8528612913604,4.009114424789,23.6715914243779
67.0372911379717,35.1679348137648,64.7430305340278,28.7188557097863,45.3439019436181,12.7557217774725,27.6326616733903,-30.8683300256475,4.01362287036695,23.6675876785232
67.0551619761665,35.225842618594,64.8018983854704,28.7045450626564,45.3465141690559,12.6863154465229,27.6509436946084,-30.8802833207258,4.01731640980825,23.6623949387671
67.0727299129543,35.2724656856726,64.8483533889071,28.6905897067645,45.3516304202555,12.6157391983275,27.6674338639511,-30.8881335915698,4.0203351867395,23.6561857335653
67.0895049013718,35.3073670029339,64.8822417864327,28.6765940720523,45.3625885227922,12.5487425854495,27.6812278774687,-30.8919071528087,4.02288571467244,23.649107921296
67.1051604166517,35.3307788318642,64.9039989482504,28.6624982099369,45.3814803750502,12.4877514176564,27.6913667139898,-30.891990022667,4.02525008501832,23.6412885828304
67.1195231043758,35.3433071264422,64.9145022313113,28.6483696686277,45.4087452071311,12.4331427244041,27.6971734764072,-30.8887590939423,4.02776492563998,23.6328362971868
67.1325363016586,35.3457798638717,64.9148609005493,28.634208248534,45.4429965917475,12.3843903993448,27.6984823133205,-30.8824394698663,4.03069726669821,23.623852058544
67.1442498350372,35.3392619319728,64.9063512523808,28.6198316436507,45.4811720480774,12.3411502781929,27.6956912235108,-30.8732521021358,4.03405893150452,23.6144021389247
67.1547789405612,35.3251329325431,64.8904750906888,28.6049100227483,45.519402075988,12.3035876052912,27.6896123302606,-30.8616569440081,4.0374707034903,23.6044954655454
67.1641803430164,35.3050761623783,64.8688815653402,28.5891409870125,45.5541873327358,12.2719189353471,27.6812373112643,-30.8484104322519,4.04019258108558,23.5941219866403
67.1723161680495,35.2809068571026,64.8430087876871,28.572410338996,45.5827379358296,12.2459394809905,27.6716032600695,-30.8343779199697,4.04131198380942,23.5833168915754
67.1788497709725,35.2543767619339,64.8137358970806,28.5547777979228,45.6024424601464,12.225178645429,27.6617690427733,-30.8203788520432,4.03990693905562,23.572185274609
67.1833781416136,35.2271245091095,64.7813638600497,28.5363179213867,45.6105299340499,12.2094565794216,27.6528017297609,-30.8072129650354,4.03507944272809,23.5608795556318
67.1855405690382,35.2007508055955,64.7458645705969,28.5169707823301,45.6043719605586,12.199233282341,27.6457362747015,-30.7956541732361,4.02597622936479,23.549600141524
67.185038364752,35.1769463618468,64.7072411014298,28.4964668409212,45.5820254406013,12.1955211623659,27.6415675440947,-30.7863274745973,4.01188493971405,23.5386705580852
67.1816405515264,35.1576835436439,64.665941427024,28.4742996491714,45.5426231642231,12.1995040313059,27.6413402749654,-30.779663694482,3.99233676956565,23.5286306023063
67.175170369175,35.145405622795,64.6231059633376,28.449747983096,45.4864138038108,12.2121315801799,27.6462248871052,-30.7759467941502,3.96717817659971,23.5202728007892
67.165420609279,35.14306751735,64.580428845575,28.42196821666,45.4144631094485,12.233961494492,27.6574057891333,-30.7753138940163,3.93662661975182,23.5146124218898
67.1520806263647,35.1540168174798,64.5398521321504,28.3900927399806,45.3283745724601,12.2652415232306,27.6758631452444,-30.7777479412586,3.90127894137929,23.5127970456794
67.1347893236829,35.1818015014959,64.5034561696962,28.3532082798762,45.2302788969494,12.3059678689479,27.7022726855739,-30.7831147765677,3.86207065784865,23.5159824358614
67.11328842414,35.2299281973076,64.4735813090921,28.3102115718865,45.1229266329089,12.3558083131244,27.7370717366431,-30.7911770394704,3.82021513599961,23.5252377777679
67.0875679897365,35.3015431688116,64.4529840474809,28.2597290024785,45.00966709013,12.4141309890704,27.7805650250987,-30.8015706135502,3.77709596768434,23.5414924387229
67.0579161844486,35.3989804809935,64.4447090444017,28.2002986130771,44.8942006718975,12.4803430750899,27.8328915630301,-30.8137542047623,3.73409849632607,23.5654558514518
67.024839756198,35.5231628018153,64.4514026196181,28.1308376834756,44.780196242794,12.554093106012,27.8936628242225,-30.8269422534139,3.69243458504437,23.5974455754452
66.988906712533,35.6730020778282,64.4742520410533,28.051238381392,44.6710109735926,12.6348717113358,27.961355592558,-30.8401249438974,3.65301168131141,23.6371746127406
66.9505993998443,35.8450339391059,64.5120494705599,27.9628771002349,44.5693824404475,12.7215676133261,28.0329880332722,-30.8522476460382,3.61636057054897,23.6836621951669
66.9102106660096,36.0334183192917,64.5606653719606,27.8689103436279,44.4768094819428,12.8128448859111,28.1045410129896,-30.8624666687752,3.58262303068687,23.7353493204211
66.8677686839422,36.2302475266987,64.612955469151,27.7743732936605,44.3928975853655,12.9082315224171,28.1719474216503,-30.8703572493831,3.55158495562409,23.7903323240655
66.8229631878866,36.4259536865866,64.6589786618947,27.6861756795585,44.3152612706793,13.0088919112106,28.231976460903,-30.8759875898462,3.52273218384538,23.8466105917652
66.7750655233107,36.6096469783588,64.6863184991372,27.6130233580057,44.2399284030911,13.1174788531777,28.2825828715688,-30.8797997469371,3.49533806493366,23.9022872886893
66.7229016747899,36.7694665922624,64.6804497115842,27.5651376297039,44.1615627584229,13.2374319140158,28.3228501854491,-30.8823666988659,3.46861006492093,23.9556656524086
66.6649693279413,36.8931976329356,64.6253931489414,27.5535788608667,44.07342203386,13.3720265007343,28.3527683627046,-30.8842110456267,3.4418798217634,24.0052099864989
66.5997418225581,36.969268070771,64.505052733735,27.5890982610627,43.9677584489785,13.5232555046537,28.3729283448859,-30.8857736435582,3.41478389553481,24.0493928055458
66.5260771184904,36.9880072878569,64.305312730493,27.6807384331402,43.8369440158544,13.6909011690085,28.3842319518792,-30.8874975221141,3.38739625993091,24.0865358690691
66.4435476144384,36.9428958829629,64.0162165422684,27.8346201997627,43.674650337547,13.8720872446807,28.3877841408091,-30.8899758376591,3.36026744689573,24.1147878365706
66.3525795511473,36.831425687298,63.6331640426387,28.0531932066044,43.4763268264478,14.0616317622246,28.3849103793386,-30.8940908329533,3.33430251690692,24.1322548013829
66.2544071722543,36.6552849877021,63.1567830326288,28.3350151971624,43.2391169139721,14.2534745914988,28.3770053448823,-30.9010436105658,3.31048970535275,24.137203128909
66.1508262703205,36.4198423602223,62.591990531693,28.6751914522232,42.9618779220397,14.4424854194196,28.3651573914072,-30.9121877217653,3.28960697149432,24.128323627652
66.0437514952851,36.1330269073346,61.9466650923371,29.0665565949693,42.64533006915,14.6254414015534,28.3497719439893,-30.9286541488866,3.27201641252755,24.1050422900644
65.9347264343912,35.8038316000982,61.2301226274753,29.5012820046448,42.2918090878471,14.800884488096,28.3303766333564,-30.9508763389632,3.25758189352752,24.0677161760634
65.8245318662045,35.4408651958614,60.4516968189686,29.9723125015466,41.9046131391055,14.9686858566026,28.3057525409559,-30.9781431602727,3.24573629377083,24.0175676617871
65.7128712395858,35.0512988191133,59.6195552325425,30.4742432709961,41.4874289930561,15.1301121928742,28.2744044243952,-31.0082050910923,3.23572759423863,23.9564361240657
65.5981344604536,34.6403083565757,58.7398062497329,31.0036602125096,41.0441306129479,15.2882179615865,28.2351135629218,-31.0370432834605,3.22695933131652,23.8864982307841
65.4774850081285,34.2110659475074,57.8162337132634,31.5590377452044,40.5788376900536,15.4479496499666,28.1874220574923,-31.059230263244,3.21914775679486,23.8099295732727
65.3483504654726,33.7773477715433,56.9146707905217,32.1403690662554,40.269419930441,15.6724183466853,28.2037065513064,-31.0725169419467,3.21336917671148,23.7299926097315
65.2061155919871,33.3172954730446,55.9164262175896,32.7469526108815,39.7980481792445,15.8663667843152,28.1461197416238,-31.0669893673769,3.20560098877892,23.6454647206754
65.0493643979216,32.8415383938347,54.8751442767425,33.3802783096172,39.3122670812236,16.078505810121,28.0843852139714,-31.0437759030738,3.19673764809974,23.5563442580925
64.8778156022571,32.3504226960947,53.792367397032,34.0398293219086,38.821888690399,16.3123930833773,28.0224069655781,-31.0048218288365,3.18501239556137,23.4608688461195
64.6923789251119,31.8441573905089,52.6671437967244,34.7245595751774,38.3296591654426,16.5655350560642,27.9604763285551,-30.9546530524643,3.16825168849113,23.3564297958745
64.4944731972337,31.3236252022805,51.498879308763,35.4331750776259,37.8373834457319,16.8328753303915,27.8966206573837,-30.8990532389681,3.14453915653072,23.2403928198661
64.2851042596841,30.7904338424843,50.2879740095308,36.1646784886512,37.3462580957742,17.1091752161048,27.826721438535,-30.8432446262085,3.11283958311194,23.1108212481383
64.0639402235118,30.2464834067914,49.0356044889013,36.9189772241212,36.8572373890753,17.3900526286436,27.7454984374607,-30.7902172935084,3.07336096690955,22.9669465335908
63.8288538604462,29.6934909946523,47.7433515655459,37.6973061076601,36.3718116580731,17.6710743149414,27.6483503095904,-30.7399758864452,3.02744834500246,22.8092368385485
63.5762597673068,29.1328121336196,46.4133452793121,38.5021025807356,35.892503832946,17.9472261807198,27.5325741314157,-30.6900160463747,2.9770177731207,22.6390617397667
63.30200097534,28.5655466642674,45.0487454647828,39.3363611806971,35.4227407126506,18.2140317863047,27.3971222109933,-30.6365743763949,2.92379440980884,22.458167754139
63.002369171552,27.9925903619137,43.6539895443559,40.2027194097186,34.9662663430463,18.4687480093346,27.2417483647372,-30.575975420409,2.86864161280852,22.2681537912274
62.6749836330831,27.4143099736352,42.2343094910445,41.1025654068887,34.5256733010223,18.7104576970921,27.0665148738977,-30.5057532037394,2.81111494272512,22.0699736068571
62.3192175446329,26.8301124264207,40.7945907598422,42.0355967525321,34.1001509332813,18.9398423211575,26.8717211242861,-30.4254018264079,2.74934745647759,21.8635916348522
61.9360004703539,26.2386761654012,39.3384875625457,43.0000110136962,33.684177427109,19.1593214665532,26.6579310980464,-30.3366393507038,2.68038974513769,21.6480347261599
61.5272357395262,25.6391367478425,37.8686071709969,43.992969995069,33.268465488022,19.3729656671261,26.4260549355348,-30.2432725075303,2.6009546315144,21.421870637097
61.0951315153977,25.0324903132348,36.387451870242,45.0110374779209,32.8425376481331,19.5856578257574,26.17750147257,-30.1505989058172,2.50832805707378,21.183868618512
60.6414990699416,24.4221601633745,34.8981589720094,46.0506940311979,32.397290676734,19.8020405944629,25.9140417027125,-30.0639743241247,2.40116410198903,20.9335409293361
60.1666153499096,23.8126794869858,33.3753116418703,47.1113345724819,31.8478917550093,20.0379738392844,25.6831830973604,-29.9863511344372,2.28088776042342,20.6701413180899
59.6708577314704,23.2127329210019,31.8828614368878,48.1858337945616,31.3452177068339,20.2725952637118,25.3973138350569,-29.9188724673417,2.14817573354665,20.3981098693777
59.1517763829045,22.6289207925907,30.3989232275861,49.2748728381455,30.8121935740343,20.51861418387,25.0991731385652,-29.8578314265664,2.00797237651679,20.1193314856186
58.6072193187238,22.0681718905143,28.9322535526431,50.3774468450603,30.2526655974254,20.7748278583013,24.7884488814435,-29.7986135816101,1.86489650872952,19.8375523967105
58.0357974846157,21.5354869848666,27.4907081759161,51.4933932458891,29.669845482496,21.0383765621968,24.4642080225079,-29.7372603762166,1.72280577471509,19.5562854152656
57.4376154372254,21.0332833359553,26.0804293231144,52.622993992831,29.0667233425945,21.3065277545066,24.1257142363621,-29.671912726354,1.58390629235198,19.2781983606958
56.814207705835,20.5614408795818,24.7051758806929,53.7666009139044,28.4461037334466,21.5782854767422,23.7727222925234,-29.6029305352153,1.44857947686937,19.0048818165374
56.1679324391601,20.1178611709994,23.366270698977,54.9245130190647,27.8111367196607,21.855309526952,23.404750117368,-29.5321805624498,1.31571531443845,18.7368611973707
55.501351427096,19.699350450817,22.0631514087051,56.0968922587495,27.1655303237197,22.1417740498207,23.0203610866965,-29.4622045743042,1.18327936167748,18.4737540194305
54.8168325569323,19.3025388028904,20.7944999250111,57.2835205433143,26.5137126208549,22.4424838530811,22.6177724074711,-29.395414466361,1.04905888971622,18.214596691912
54.1162766102236,18.9246429880336,19.559630419452,58.4835611025524,25.8611112894319,22.7601877811539,22.1963340244624,-29.3332180895122,0.911540215361137,17.958331706231
53.4009710893652,18.5639637815894,18.3594947135793,59.6954598357286,25.2139937311068,23.0945641310984,21.7572119501307,-29.2753817183108,0.770592835557668,17.7042921109363
52.6719120708409,18.2198283046269,17.1966714600714,60.9168458148906,24.5787260253456,23.4431054563683,21.3031039228105,-29.2203620992946,0.627459967815009,17.4523502021993
51.9307959991204,17.8918289326037,16.0741613129572,62.1443043751187,23.9609222129007,23.8020098704889,20.8382533432492,-29.1669173085176,0.483868427531983,17.2025083074558
51.1809235032059,17.5790073886482,14.9937594048751,63.3733230889755,23.3649632137416,24.1666652975354,20.3684325789216,-29.1157968775176,0.340920377312525,16.9543630313511
50.4267413021726,17.2800272453871,13.9553167129739,64.5989034192762,22.7940637453779,24.5326833172752,19.8993357139624,-29.0695397740811,0.198913869201268,16.7072872066165
49.6721124992469,16.9943109958124,12.9572753870958,65.8166599647989,22.2506781296507,24.8973660431442,19.4343008281636,-29.0303499015671,0.058230295861904,16.4613184617865
48.9188514549376,16.7230161935481,11.9976726670154,67.0235698699095,21.7368367569074,25.2602821973295,18.9738097952127,-28.9981045066149,-0.0797826408685997,16.2178036147482
48.1665488197227,16.4690565698294,11.0748268267574,68.2178506419453,21.2541556998392,25.622323695476,18.5167177607002,-28.969908392216,-0.212735291817638,15.9791982142089
47.4137176281176,16.236101680556,10.1873999549733,69.398049542137,20.8036804335436,25.9842930865668,18.0616232716491,-28.9413186394747,-0.337974051292992,15.7480651539829
46.6595202301489,16.0271207163524,9.33413234846736,70.5619176567315,20.3862187400865,26.3459283876776,17.6079888069598,-28.9083917663414,-0.453665097054504,15.5258280458478
45.9047680559595,15.8434462287165,8.51397252675251,71.7059013746522,20.0034656941512,26.7049762880617,17.1572483397082,-28.8689351439559,-0.559325929398677,15.3122065644628
45.1517587716236,15.6846792701763,7.7264624716952,72.8254943685357,19.6587312193456,27.0565794615857,16.7135980210741,-28.8224051034485,-0.655620820297795,15.1055682186147
44.4036614134334,15.5489741790011,6.97149903003858,73.9159539204463,19.3560551114967,27.3943417770041,16.2837353586083,-28.7693070588157,-0.74391739067529,14.9035952959812
43.6639868308263,15.4333587245837,6.24848795951349,74.972932776476,19.0987007624543,27.7127716945973,15.8752019981861,-28.7107378707943,-0.82590995262023,14.7038693478913
42.9362054317501,15.3340298131583,5.55569683414994,75.9928860836931,18.8885706024578,28.0085579853961,15.4941684805814,-28.6481202774303,-0.903331829487691,14.5043311123485
42.2234946315629,15.2466209456218,4.89022602491325,76.9732237430881,18.7262648618141,28.2797959935581,15.144070066544,-28.5830620960366,-0.977755940574441,14.3035844768742
41.528572895674,15.1664916309927,4.24848109473419,77.9122661787909,18.6108412520531,28.5253864971772,14.8256522257789,-28.5172936351445,-1.05047307414482,14.1010419404039
40.8535757133882,15.0890776512519,3.62683522113126,78.8091082541316,18.5393571463189,28.745742886483,14.5378189654935,-28.4526524594498,-1.12241107924952,13.8969343824998
40.1999669227906,15.0102518296806,3.02214164609269,79.6634352501293,18.5068135472718,28.9432753936085,14.2784743107632,-28.3910076309088,-1.19407363440678,13.692183700893
39.5684691529495,14.9266398925157,2.43193870501619,80.4753041852457,18.5066495866011,29.1217183384962,14.0451551243922,-28.3339680088425,-1.26550161870741,13.4881419292842
38.9589912367093,14.8358803577935,1.85451431790552,81.2449414282453,18.5315554860543,29.2850869626574,13.8355270600867,-28.2824401046925,-1.33627654971891,13.286278970116
38.370656279182,14.7367867893447,1.2890704176256,81.9725897916672,18.5744415927016,29.4370287238604,13.6476119794991,-28.2364740554822,-1.40562363839091,13.0879747609701
37.8021645448221,14.6293187112097,0.735957860336271,82.6583675039358,18.6293201972454,29.5804863337748,13.4797258625393,-28.1958572633595,-1.47266176594968,12.89445713484
37.252413791716,14.5143479794197,0.196792380275323,83.3021518787043,18.6916417586807,29.7171838629428,13.3305025505862,-28.1611164742649,-1.53666196962513,12.7068494319864
36.7208119431253,14.3933953407328,-0.32561749069122,83.9036159264853,18.7579334733578,29.8469488031018,13.1992273565529,-28.1338012313508,-1.59700562371946,12.5264151961261
36.2070178831424,14.2684774672838,-0.827558295534474,84.4624666105292,18.8251672647139,29.9676663331358,13.0860610596554,-28.1156718966682,-1.65282405533637,12.354941745026
35.7105735662146,14.1419515614306,-1.30500174678925,84.9787302063416,18.8903453313076,30.0763269730518,12.9917164574637,-28.1077682114763,-1.70275211859703,12.1948589453669
35.2308559985935,14.0162259712795,-1.75441654872771,85.4528903028449,18.9505111636389,30.1705547206256,12.9167140000369,-28.1102064334364,-1.74512433646028,12.0488101893357
34.7672461073036,13.8934171664844,-2.17344938875313,85.8858445825628,19.0031801001002,30.2497543813594,12.8605461593095,-28.1225185341322,-1.77848166041834,11.9188987586356
34.3192612311619,13.7751202378002,-2.56114197937554,86.27877288225,19.0469655622467,30.3155153171247,12.8210767657606,-28.1439931606855,-1.80202131963298,11.8061064750522
33.8866288762756,13.6623237922482,-2.91769433523433,86.6329398233186,19.0820387076638,30.3711187249808,12.7946268671133,-28.1738298556451,-1.81576511939594,11.7101266196061
33.4693976277897,13.5553551353616,-3.24404978323143,86.9493913934581,19.1100413133292,30.4201631461225,12.7770140262137,-28.211179346947,-1.8204748798417,11.6294783244795
33.0679865831283,13.4538686300155,-3.54147542827593,87.2286471858276,19.1332240966694,30.464773975757,12.7652091215004,-28.2550307110408,-1.81732706265475,11.5618391435135
32.6829990639084,13.3570308183666,-3.81116223844391,87.4706157617693,19.1531095655078,30.5039286443958,12.7588630754415,-28.3039156895335,-1.80735998689114,11.5046450429826
32.3138397443208,13.2667393420405,-4.04244428096986,87.6697611161349,19.1872561298508,30.4998116157492,12.7282482013519,-28.3551008223789,-1.79233445714197,11.4573118804741
31.9624668952496,13.1764246260181,-4.25930470504121,87.836028231693,19.1984748355417,30.5122241196678,12.7432910077616,-28.4066320374868,-1.76912715904581,11.4152637248885
31.6272193468721,13.0884155394091,-4.45134921442806,87.9647279376172,19.201963737763,30.5047724190098,12.7755295371617,-28.4545165137831,-1.73804802517677,11.3795245241619
31.3071635948465,13.0028171488255,-4.6191024963888,88.056135618838,19.1994364751713,30.4729760439413,12.8270732874943,-28.4953706632262,-1.69790971023539,11.3500183253973
31.0015768501054,12.9196897705332,-4.76464345308449,88.1115776691777,19.1925566728435,30.4195946871101,12.8970988862789,-28.5266775855437,-1.64780423287515,11.3267250730888
30.7102514666236,12.8388934482119,-4.89088185079712,88.1330453402663,19.1842118576168,30.3516808785096,12.9819094832017,-28.5472816273755,-1.587708841047,11.3093388279096
30.4335010877828,12.759858639743,-5.00108703979396,88.123088144598,19.1780474811337,30.2779935324756,13.0764199257133,-28.5575560901853,-1.5187959340754,11.2970564423908
30.1718115622515,12.681579164266,-5.09820982652073,88.08481318851,19.1776587107447,30.2060614976517,13.1759312991711,-28.5591264854501,-1.44328809154306,11.2886433242224
29.9252943552026,12.6028920570204,-5.18418393022307,88.02201389452,19.1858181760216,30.1402597997885,13.2772460554656,-28.5542493692754,-1.36389825467405,11.2827796144861
29.6933396228144,12.5228458689918,-5.25964800265939,87.9392680735592,19.2039898828982,30.0816159829701,13.3785915866344,-28.5453500239663,-1.28325628438811,11.2784279671907
29.4747844536021,12.4408697424146,-5.32430672844195,87.8417837499447,19.232220864523,30.0289009189441,13.4788973637282,-28.5351123509455,-1.20370641262971,11.2749241161894
29.2682395553175,12.356821257609,-5.3775112237763,87.7350734281841,19.269437554397,29.9800460674007,13.5772128570577,-28.5265858462287,-1.1272702240045,11.2718864298119
29.0720656391298,12.2711338798484,-5.41856925918551,87.6246434949956,19.3140248213329,29.9331998204118,13.6725077875778,-28.5226369364194,-1.05540952634036,11.269248868769
28.8648114017747,12.1858200880437,-5.44316145396962,87.5265428637131,19.3480119841647,29.8313266723374,13.5865071598172,-28.5187620769309,-0.987663287246137,11.2719260331026
28.6838643366252,12.1012617972856,-5.45741410546975,87.4228354173379,19.4058661789686,29.7903128762561,13.6518976244835,-28.529755950958,-0.927326388332991,11.2718767216052
28.5086573913261,12.018606773614,-5.46129961788643,87.3259112312311,19.472502957299,29.7528396044422,13.7314609265733,-28.5479299907402,-0.87168022171823,11.2719556083733
28.3381637018828,11.9398386907309,-5.45669165221267,87.2371706853802,19.5404671727507,29.7193753708195,13.8094460191221,-28.5731886506437,-0.821147435694217,11.2722009672773
28.1722261863915,11.8662812874332,-5.44717097131272,87.1559454282488,19.605934758037,29.6922331661742,13.8827045525743,-28.6046009062207,-0.775792087611336,11.2713233492886
28.0113588402564,11.7988086483136,-5.43650563954081,87.0804739187053,19.6655413308363,29.6734384554012,13.9514989867637,-28.6412668096561,-0.735636886842627,11.2675281651244
27.8563646113308,11.7379335984063,-5.42798368671228,87.0084913971059,19.7161304802603,29.6641327949977,14.0171076810587,-28.6822141295491,-0.700487435327617,11.2589765959624
27.7080981384972,11.6838607360017,-5.42393511691021,86.9376820920263,19.7552516261927,29.6646542155181,14.0811937604358,-28.7262492728643,-0.669806064958558,11.2442147404131
27.5673218045277,11.6364648553275,-5.42560439171707,86.8660270900049,19.7816662411912,29.674457024652,14.1454541554511,-28.7718768744344,-0.642743293496141,11.2224291800365
27.434753248875,11.5951196846849,-5.43331388405518,86.7919663330487,19.7956383625452,29.6918904866048,14.2113953153195,-28.8175198240631,-0.618353982934814,11.1935064176081
27.3111644624857,11.5584707551495,-5.44672507297302,86.7143885254987,19.7989382137163,29.7142029199977,14.2802499817791,-28.8617740388254,-0.59576659448302,11.1581155668218
27.1972894459137,11.5243752100441,-5.46502535055431,86.6325485624615,19.7945651477288,29.7378925122781,14.3529968178467,-28.9032599929676,-0.574010210984148,11.1180952716229
27.0935503822266,11.4901186449498,-5.48708163023012,86.545966100847,19.7862631862408,29.7593341558877,14.4303614060637,-28.9401456960793,-0.551541545562103,11.0770689210412
26.9999429779895,11.4528441791978,-5.51170085781801,86.4543181327821,19.7779960691616,29.7754033034198,14.5127264216149,-28.9700969967024,-0.52605697794904,11.0404305583917
26.9163614262086,11.4100668383614,-5.53796033873452,86.3573534317517,19.7734653980544,29.7838897465542,14.6000526770424,-28.9912865533829,-0.495227465456638,11.0137221652075
26.8430913235719,11.3601083573474,-5.5654426616358,86.254870648409,19.7756657429193,29.7837419470732,14.6918790927186,-29.0037699436215,-0.457949869879953,11.0002029519744
26.7809318144057,11.3023013687547,-5.59426941638223,86.1467655983774,19.7865958236515,29.7751231311747,14.7873526966514,-29.0098601276274,-0.414929482138746,10.9997162977349
26.7308539612594,11.2369595358215,-5.62489599371739,86.0330953935891,19.8072875145124,29.7592311293949,14.8852945467301,-29.0133088450545,-0.368246678999211,11.0093901428595
26.6935256235121,11.1652028215788,-5.65773069607226,85.9141149982257,19.8380334521161,29.7379129283261,14.9843750945321,-29.0181637723182,-0.32055854434864,11.0249873844763
26.6689990934735,11.088695187958,-5.69277969520245,85.7902802770663,19.8784689503288,29.7131302110683,15.0834396863658,-29.027951104025,-0.274474144396553,11.0420194918213
26.6565718879093,11.0093647036666,-5.72946747167211,85.662233190507,19.9274811471719,29.6865068071402,15.1818558694648,-29.0451266579574,-0.232029241152127,11.0567323167803
26.6546526333251,10.9292252757002,-5.76660162167369,85.530829752815,19.983261788534,29.6591960188834,15.2795908717373,-29.0704849012811,-0.19403651626999,11.0672283808553
26.6606774262306,10.8503696505708,-5.80240668632869,85.3972459456673,20.0436417348168,29.6319483078559,15.3769262148777,-29.1028056038062,-0.159671203781532,11.074055521392
26.671316824507,10.7749982790053,-5.83463460754138,85.2630380542729,20.1066213918758,29.605154835214,15.47409083998,-29.1392381666972,-0.126795264987191,11.0795711443154
26.6830295683579,10.7052161103344,-5.86084447108854,85.1299744516258,20.1708449409495,29.5788566762153,15.5711253351506,-29.1762504144802,-0.0928118605121436,11.0867178777613
26.6926915109486,10.6426275586026,-5.87881703937721,84.9996969591958,20.2356211059349,29.5527265231488,15.6680131290982,-29.2105240047017,-0.0554430299387646,11.0981373772916
26.6978996575898,10.5881085039671,-5.88683972198697,84.8735078492443,20.3004318734781,29.5260412372287,15.7648575043498,-29.2393283398739,-0.0130276109251992,11.1158302521752
26.6969278902522,10.5418880476503,-5.88376674897808,84.7523802021724,20.3644010446957,29.4978665377877,15.8618257628469,-29.2605143945671,0.0355652404895762,11.1411558571973
26.6886956974601,10.5036917017189,-5.86907394039606,84.6369881593168,20.4261640315954,29.4675164603487,15.9587678612382,-29.2726499743282,0.0909732376572082,11.1748497517102
26.6728791759899,10.4728058414966,-5.84302392262728,84.5276378654332,20.484159889698,29.4349183139343,16.0546885570552,-29.2753542800511,0.15317355972113,11.2169067910002
26.6499903196938,10.448139580344,-5.80679449278042,84.4241764925585,20.5371290116901,29.4006252653816,16.1474470689762,-29.269506209055,0.22130482235646,11.2664369618755
26.6213508677142,10.4283127013585,-5.76241715471551,84.3259560692205,20.5845555799135,29.3656339817703,16.2340329675969,-29.257232174198,0.29361807996116,11.3215924344969
26.5890781265285,10.4116815671994,-5.71258855455612,84.2318147588693,20.6268226852605,29.3311721481045,16.311379986279,-29.2418565184925,0.367507885500774,11.3795442172335
26.5560154736962,10.3963119636422,-5.66046877215451,84.1400627302512,20.664976151616,29.2984946936822,16.3772746403219,-29.2276795551943,0.439736433499242,11.4367554344211
26.5252085727747,10.3801388702109,-5.60931419496509,84.0486604419558,20.7002553443932,29.2687142585822,16.4309294392206,-29.2190185134293,0.507207967743949,11.4899555795403
26.4990321745403,10.361388732823,-5.56187526459786,83.9556531005608,20.7337022280174,29.2426379879032,16.4730930165654,-29.2188974483044,0.567945065426446,11.5372105006228
26.4787293658177,10.3389228727816,-5.51995966563383,83.8595641587296,20.7659091036564,29.220663575902,16.5058298589253,-29.2286078260796,0.621347264262219,11.5779900795899
26.4645645495398,10.3122550660182,-5.48442411048604,83.7595704132295,20.7968341992147,29.2028347936274,16.5321040689174,-29.2481477137535,0.66776445785324,11.6124895672271
26.4561164907396,10.2813840889794,-5.45532387820223,83.6556219631366,20.8258300931601,29.1889291800908,16.5551885163678,-29.2766738383457,0.708101680683627,11.6411570582711
26.4524657638498,10.2466330792291,-5.43195576524902,83.5486245368109,20.8519388228205,29.1784649116749,16.5780007906923,-29.3127483491355,0.743649721764899,11.6646063940992
26.452356202758,10.2085237271605,-5.41285387610642,83.4405747839068,20.8742626137723,29.1707669931934,16.6025811703155,-29.3545723302583,0.775951355353677,11.6836408713617
26.454398501074,10.1676626919277,-5.39588653798003,83.3345072782219,20.8922436239548,29.1651573076256,16.6298464261313,-29.4002448898475,0.806620441132405,11.6992340680738
26.4572721345654,10.1246866780965,-5.37849162173691,83.234241095608,20.9057429408056,29.161196196167,16.6596101673732,-29.4479505035872,0.837175165724833,11.712462564442
26.4598474468612,10.0803081384768,-5.35798318611304,83.1439855933806,20.9149485302414,29.1589108700679,16.6907999043156,-29.4959870144094,0.868950980214212,11.7244331149003
26.4612183969023,10.0353909426142,-5.33185873815888,83.0678307400591,20.920351681697,29.158805804447,16.7218497607706,-29.5426657670274,0.903074295748099,11.7361873589917
26.4606868566482,9.99095757694387,-5.29809444733556,83.0091086656975,20.9229438068379,29.1614471745975,16.7512763118354,-29.5862085190544,0.940431660642441,11.7485450833874
26.4577052921483,9.9481247055035,-5.25546527690677,82.9696913066398,20.9243524226462,29.1667159283931,16.778267286238,-29.6247425691184,0.981590849554632,11.7619476600383
26.4517936507507,9.90802482083427,-5.20394017694561,82.949524537174,20.9264046666306,29.1731031932405,16.8028610645436,-29.656433643753,1.02668461649665,11.7763922460192
26.4425238936547,9.87174619834487,-5.14502656194861,82.9467771444667,20.9304462566039,29.1776516661048,16.8253823116267,-29.6797344575941,1.07532061593436,11.7914432616138
26.4296333404874,9.84025646333992,-5.08170397810218,82.9585238674935,20.9375613173334,29.1769533505959,16.8453826876677,-29.6936219433114,1.12659063880233,11.8062771060938
26.4132089111235,9.81424054929305,-5.01782153428502,82.9813718604933,20.9495775215503,29.1686363540327,16.8608626137868,-29.6976903278524,1.17918034566634,11.8197458029914
26.3938544357376,9.79387074943998,-4.95732522514936,83.0116712940579,20.9693869418287,29.1521118286793,16.8683435470587,-29.6921369279059,1.23149977093311,11.8304389589773
26.3727972191111,9.77863620359421,-4.90371972907894,83.0454987352001,21.0001823943195,29.128064996387,16.8636967705005,-29.6777566365326,1.2817887826951,11.836736906385
26.3519022605384,9.76733712674202,-4.85986257843038,83.078679389231,21.0444319377016,29.0973792668099,16.843278350215,-29.6559327608898,1.3282374462093,11.8368681069611
26.3335484472972,9.75825531493416,-4.82799224640055,83.1069257245822,21.1031473942313,29.0604446761897,16.804929567649,-29.6285308763045,1.36915052560712,11.8289842099284
26.3203389599087,9.74945537073251,-4.8098395661735,83.1260975163775,21.1757196088643,29.0171827139598,16.7484901966383,-29.5976516520267,1.40313182307699,11.8112864947957
26.3146925666125,9.73914917285063,-4.8067246162243,83.1325546045974,21.260433989576,28.9676147721643,16.6757485668561,-29.5652717226915,1.42925605948888,11.7822263293072
26.3184843220903,9.72601713482166,-4.81971100823226,83.1234720558878,21.3552297964319,28.9126759314169,16.5901056277924,-29.5329438601855,1.44714669673488,11.7406825394289
26.3328751512666,9.70939216693175,-4.84993735607336,83.0969746112101,21.4581465153336,28.8549051551737,16.4960868572103,-29.501698474623,1.45689276133812,11.6859810585645
26.3582472897186,9.68932120969278,-4.89897876648724,83.0521280854278,21.5674552979198,28.79865818459,16.398351070176,-29.4720074040263,1.4589100823083,11.6178003792173
26.3941625335056,9.66652266873772,-4.96888465096,82.9888892371171,21.68186588047,28.7496486854981,16.3000105080376,-29.4437182322859,1.45384348554461,11.536081227508
26.4394512085444,9.64217978858086,-5.06174798775102,82.9079955579859,21.8010236187213,28.7137125565604,16.2010039005383,-29.4160984567411,1.44244880963177,11.4409467656626
26.4925269156812,9.61757019559105,-5.17900360616911,82.8107815935375,21.9262239689843,28.6949275216748,16.0976356536327,-29.3880712448168,1.42541058882994,11.3325991726393
26.5519007285483,9.5936247620998,-5.32078453879031,82.6989398732436,22.0611523239259,28.6936470902761,15.9835566924239,-29.3586550742993,1.40309830913011,11.2111641436943
26.6167161590577,9.57057028483027,-5.48556252887473,82.574238738653,22.2121755557063,28.7049738730223,15.8515695239195,-29.3274925502801,1.37533056600857,11.0764989625208
26.6870108755824,9.54784806373922,-5.67009909149894,82.4383277079131,22.3876557479313,28.7179678902323,15.6955515753391,-29.2951544165293,1.34132580282718,10.9280922203248
26.7635319739034,9.52437362129924,-5.86960380911307,82.2927903504647,22.5964745389338,28.715917375865,15.5119819228421,-29.2629653463473,1.29994240724485,10.765180219422
26.8470711459175,9.49907081756176,-6.07795512697421,82.1394599203349,22.8465133544398,28.6777190880672,15.3006673853261,-29.2322103617656,1.25021085791433,10.5871261696313
26.9374420073477,9.47159489308139,-6.28789529705162,81.9808818578784,23.1434763719733,28.5801102393634,15.0645561855669,-29.2028770046686,1.19206775618055,10.394028385607
27.0519253824515,9.42751962662089,-6.53376270320027,81.8140228262632,23.323637798008,28.3738321039748,14.8546548432369,-29.1836957018212,1.12770592427787,10.1667591938084
27.149048953187,9.39876763844034,-6.72934679211707,81.6573823758613,23.6658373820355,28.0708894433623,14.6073603957055,-29.1487686904655,1.05814282083592,9.94818548393823
27.2408380126288,9.37620321578759,-6.90080697884669,81.5090056237133,24.0523334079912,27.6538656083902,14.3559191937971,-29.1029768209208,0.987890932984148,9.72361846878767
27.3222695849114,9.36408108949891,-7.04384846633832,81.3738257691736,24.4681759671631,27.1204642053812,14.1095780315827,-29.0421044915606,0.91994030859789,9.49646557024069
27.3915654038279,9.3666684944491,-7.14215609876073,81.2486430314708,24.9591736156093,26.4398367899623,13.8832567383868,-28.9640187264295,0.855202400601366,9.26729100133428
27.4432118346349,9.38605957362272,-7.22304984580483,81.1489209588772,25.4017957984321,25.7039332388411,13.6736974676186,-28.870535053761,0.794111938655207,9.0403934327556
27.4791937729984,9.42390230451568,-7.27815722164233,81.0698124784336,25.8387433502048,24.9091779678707,13.4884424903787,-28.7655406595493,0.734033749044279,8.8129391401411
27.5005814408681,9.48035123005811,-7.31291902286561,81.0124076793854,26.2593476467583,24.0877800266376,13.3312731617644,-28.654497866698,0.671787692159007,8.58292299161351
27.508149959712,9.55500155119759,-7.33223924545885,80.9780629290574,26.6581169164797,23.2733972473457,13.2017922512752,-28.542612171568,0.604269622586585,8.34828996929351
27.5015875490835,9.64724451919213,-7.33937548602556,80.9687244543587,27.0333365982107,22.4963014091689,13.0970398167908,-28.4335832717795,0.529155811663239,8.10758043086017
27.4793178647417,9.7564312169374,-7.33535064062096,80.9867920971333,27.386019771058,21.77983694433,13.0128714412642,-28.3292382197219,0.445169461698963,7.86019339695913
27.4387992241059,9.88191676173697,-7.31900603975427,81.0347412598849,27.7184235772176,21.1382475413478,12.9447790858488,-28.2299029361371,0.352040188715993,7.60636887829065
27.3770043028392,10.0231206655294,-7.28753282258113,81.1147268520442,28.0325837337058,20.5762100004847,12.888109000068,-28.1350977308434,0.250297288997086,7.34699506634507
27.290847098759,10.1795767574369,-7.23728918266722,81.2283091934299,28.3291832602081,20.0903953337999,12.8382745767975,-28.0441722038714,0.140987458598101,7.08328497782084
27.1774320591433,10.3508893843964,-7.16459926557569,81.3763581505984,28.607083168298,19.6727045159094,12.7913165689259,-27.9566704037956,0.0253892534310551,6.81642275036593
27.0341151135363,10.5366581495115,-7.06628610834958,81.5591510406692,28.8637164042737,19.3139783853895,12.7445407212219,-27.8724637447868,-0.0952101801665167,6.54731591126258
26.8584657704209,10.7365014036537,-6.93992427118811,81.776613538044,29.096107751765,19.0069570264585,12.6968396270182,-27.791801949753,-0.219610138346655,6.27649542028517
26.6482112081067,10.9502017869322,-6.78392380679687,82.0285910942463,29.3019265296892,18.7480931707965,12.6486437019842,-27.715308251043,-0.34663371050867,6.00415015002569
26.4011407020246,11.1779246842541,-6.59749398852046,82.3150683754291,29.4801637596792,18.5384365360406,12.6015450481312,-27.6438085351237,-0.47493194333741,5.73037160830881
26.1149850153368,11.4203993977187,-6.38051152830682,82.636260984462,29.6313569378555,18.3836192369914,12.5576317961715,-27.5780210714766,-0.602793879811062,5.45558316929138
25.7874402124826,11.6788864887003,-6.13337562107447,82.9924841370099,29.7573819508215,18.2926407563284,12.518851007593,-27.5183796686934,-0.728184257000367,5.18081904303238
25.4163661991856,11.954914389395,-5.85685034793296,83.3838612135804,29.8610126943547,18.2754587789781,12.4868019625469,-27.4650606511406,-0.848994711436101,4.90763210317688
24.9999706311157,12.2499670640587,-5.55187101438962,83.8100427781103,29.9456181954573,18.3401978497841,12.4629871752564,-27.4179452207422,-0.963271623954807,4.63781718439436
24.5369351490227,12.5652397773563,-5.21946862315639,84.2699558999111,30.015122972571,18.4912429393732,12.4492997823956,-27.3764382966975,-1.06933540650271,4.37314671251991
24.026534824835,12.90149931119,-4.86082972995938,84.7615834201211,30.0740448767332,18.7290201300113,12.4485668435469,-27.3393519637316,-1.16582653239614,4.11519598378853
23.4687287494642,13.2590500734784,-4.47722645942684,85.2818608040928,30.1275316793096,19.050855669508,12.4650486773796,-27.3050420929499,-1.25172144141979,3.8653073476032
22.8642176398848,13.6377276763967,-4.06972246072285,85.8267072531437,30.1816129860185,19.4513395398137,12.5047175287983,-27.2717639676601,-1.32642328242227,3.62459094613863
22.2143999388559,14.0369205724433,-3.63878698552447,86.3911925624756,30.2438884415827,19.9213785362728,12.5749819121175,-27.2379581865955,-1.38992131801133,3.39383622564675
21.5212624567179,14.4556511679079,-3.18400543175692,86.969785523394,30.3245409749735,20.4465152852018,12.6838454398476,-27.2023546275849,-1.44289677770382,3.17326333324372
20.7873928587001,14.8926289288742,-2.70410220766896,87.5565275964266,30.4372005721363,21.0058278880425,12.8389869326879,-27.1640237617364,-1.48667544122727,2.96224359754837
20.0159901290431,15.3462926915223,-2.19725587621855,88.145163881562,30.5990816256634,21.5724690365355,13.0471132397395,-27.1223341737958,-1.52299587558117,2.75936192797001
19.2106532340528,15.8149666288894,-1.66153238536363,88.7293581789474,30.8300872337922,22.11603132459,13.3134809297428,-27.0768276787766,-1.55378753097299,2.56275202997281
18.3750715461262,16.297078311505,-1.09543261880709,89.3029072444157,31.151091485344,22.6060452614034,13.6413887062774,-27.0271185994434,-1.58103982704215,2.37042765809351
17.5128272203647,16.7912942385203,-0.498529083823995,89.8598308552643,31.5819235029638,23.015317992444,14.0317665130216,-26.9727965243681,-1.60656591487822,2.18068158978099
16.6274199178798,17.2965494800164,0.127969681986769,90.3943477904418,32.1394822068821,23.3222435601497,14.4831041117641,-26.9134940350048,-1.63180937792569,1.99233529847238
15.7225549843397,17.8119822518249,0.780798453928938,90.9007855838473,32.8363455635762,23.5122003524892,14.9916199831776,-26.849338407705,-1.65804800391726,1.80451919606312
14.8027022300147,18.3367111112486,1.45429580057857,91.3733903344209,33.6801908685244,23.5783860360731,15.5514616502862,-26.7817605676739,-1.68702178480527,1.61611052607525
13.8736103188456,18.8695810744574,2.14026103315909,91.8060794482644,34.6738123032662,23.5222120878203,16.1547914089874,-26.7142196223764,-1.72158707418988,1.42524691017093
12.9418228000089,19.4092989980386,2.82850757600474,92.1925179713981,35.8148908153973,23.3529703488219,16.7914744254934,-26.6517454051564,-1.76550951548241,1.22964475276658
12.0130183007163,19.9549427946959,3.50815084690385,92.5266531257269,37.095088551019,23.0860286367417,17.4484776448905,-26.5989985004616,-1.8221036860959,1.02781223159489
11.0907197913501,20.5061755544258,4.16873188823676,92.8031784435935,38.4992564557558,22.7394070302885,18.1096525599089,-26.5585111809212,-1.8929291943243,0.820005853196948
10.1764145583722,21.062899018028,4.80065020080595,93.0176430061721,40.0057561464778,22.3298367156526,18.7562369393747,-26.5304571562986,-1.97756403887929,0.608250259669967
9.27039057045969,21.6247775454765,5.39529676485707,93.1665332928632,41.5880018693417,21.8697026899795,19.3678982164256,-26.5133514978165,-2.07401996225441,0.395988140771125
8.37248966515057,22.1909494488113,5.94522037143336,93.2475695566453,43.2167209250956,21.3656465666421,19.9241040061048,-26.5047056816257,-2.17910638095322,0.187868861997595
7.48270804252004,22.7599268199224,6.44427937127763,93.2601147269729,44.8622728261845,20.8188746245514,20.4057917818678,-26.5014966044447,-2.28875370407503,-0.0105811335987374
6.6017094293567,23.3296856917865,6.88771706536028,93.2054606965925,46.4964412826277,20.2269524768791,20.7974479761412,-26.5007017650763,-2.39859987375424,-0.193862931521578
5.73112442260725,23.897891036865,7.27220968401837,93.0868094382248,48.0935263652464,19.5869512299664,21.0892846208776,-26.4998631985035,-2.50475244613576,-0.357712889396753
4.87352574959994,24.4620467973542,7.59596765130744,92.9089772525512,49.630776776058,18.899024971788,21.2788378008025,-26.4973631472761,-2.60431996455634,-0.499790055803826
4.03219069102702,25.0194433818076,7.85888875432013,92.6780066791046,51.088192500127,18.1686786767477,21.3717129543865,-26.4923722222601,-2.69561345073316,-0.619653099161785
3.21085106129608,25.5670390184962,8.0626041512613,92.4007946637056,52.4481592118648,17.4073042276923,21.3812381229299,-26.4847603969097,-2.77821381261426,-0.718546460386452
2.41351571258904,26.1014848855521,8.2102609477513,92.0847503722383,53.6956904772914,16.6320427292702,21.3265339338607,-26.47512328401,-2.85295668157977,-0.799320143728246
1.63760463931728,26.6188215569303,8.3057167176491,91.7371213052831,54.8429266252715,15.9545255677839,21.0199024436909,-26.4654566468773,-2.92232313660041,-0.863661532574203
0.900538172993954,27.1165336239821,8.35582631774212,91.3668916566353,55.8403094581524,15.2186963571404,20.8961776221239,-26.4559450549214,-2.98707293522261,-0.921542165073234
0.201013373231347,27.5904370691792,8.36359090279713,90.9801101433727,56.7047723770824,14.5327729575612,20.7823727295942,-26.4489043131258,-3.05015713815368,-0.975722195290574
-0.456728254844168,28.0373246260365,8.3340073287789,90.5832474019885,57.4457850079238,13.9218382571726,20.6790356856864,-26.4452616364033,-3.11283135770624,-1.03017089621413
-1.06822042815732,28.4540847656597,8.272241579315,90.1818057044137,58.0756198058727,13.3969914565039,20.5931078489853,-26.4448300619293,-3.17517955402345,-1.08732666071326
-1.62961725060014,28.837866392253,8.18390712247474,89.7803529919878,58.6093420149266,12.9605233527555,20.5283638352226,-26.4463257129625,-3.23626890070004,-1.14775021756204
-2.13814126735775,29.1862699264118,8.07525313531523,89.3827929907893,59.0631006468341,12.6082308099646,20.4854397541819,-26.4479713443203,-3.29484022927677,-1.21085556114577
-2.59242344392949,29.4974664571306,7.95317991128303,88.9927445492487,59.4524665976484,12.3323493922036,20.462511074347,-26.4481612863882,-3.34979815735746,-1.27564908635769
-2.99268082379839,29.7702729970579,7.82499692893428,88.6138977560073,59.7907948373893,12.1238497431708,20.4562178838846,-26.4458673442108,-3.40021215615733,-1.34097362584847
-3.34061993402271,30.0042823681051,7.6979117031567,88.2502198197725,60.0877016667567,11.973357964721,20.4626455994489,-26.4407931209908,-3.44520938051171,-1.40565441014987
-3.63912218122784,30.1999779251546,7.57835465792457,87.9059062564177,60.3482210767963,11.8713510735029,20.4781616993925,-26.4332914360769,-3.48402366290188,-1.46879011312687
-3.89190095696172,30.3587444761185,7.47119663573187,87.585116771703,60.5734989883657,11.8088879838165,20.5000452972766,-26.4240574248369,-3.51606482246881,-1.52991985074447
-4.10323304586381,30.4828086307007,7.37899050111571,87.2916544399458,60.7630120512842,11.7786641767655,20.5268029688854,-26.4136972675951,-3.54080919506026,-1.5888193227026
-4.27774476809252,30.575140697481,7.30160278948311,87.0287119722093,60.9168749050739,11.7750954345699,20.5579470488558,-26.4024010009568,-3.55762185135728,-1.64519355863602
-4.45333281336524,30.645800710973,7.23194516278363,86.8042518664987,60.9505950931789,11.812482717312,20.3879489490575,-26.3897757269571,-3.56557162618771,-1.6764953320891
-4.57235684886022,30.6833127801271,7.1807526793472,86.6125361230715,61.0492960114855,11.8432823063852,20.4017505081425,-26.3748533055186,-3.56409919618813,-1.7237090753161
-4.66462604606455,30.7001654809871,7.13138902754041,86.4525468807864,61.1202708433349,11.8825081705555,20.4632253941209,-26.3582332275149,-3.55380818898372,-1.77015940975908
-4.73857711108382,30.6993585635246,7.08212918949347,86.3262603456485,61.1716521610031,11.9272088955997,20.5362367787919,-26.3403334801483,-3.53549713202516,-1.81504668785001
-4.79972378401695,30.683666761361,7.0306783256782,86.2325415767314,61.2078879670196,11.9730028147447,20.609229856473,-26.3224657274591,-3.51143206671466,-1.86023469830667
-4.85293944198741,30.6553708141622,6.97602049512521,86.1692322156493,61.2332042965122,12.0139236285671,20.6777482659725,-26.3061344910311,-3.48415791606485,-1.90788025283276
-4.90301527947678,30.6163520322543,6.91821299275809,86.1334649039501,61.25124017832,12.0440917713526,20.7394430874688,-26.292263493174,-3.45541261503222,-1.95861569892575
-4.95463490128589,30.568136447125,6.85816701000609,86.1217380121725,61.265374755783,12.0591479796393,20.7927720553625,-26.2808652081475,-3.42554978027239,-2.01076514179174
-5.01199578487213,30.5119990193683,6.79740242158994,86.1298298975578,61.2787131446609,12.0572110016168,20.8368408674847,-26.2713099000205,-3.39385479756498,-2.06112805249479
-5.07833017877364,30.4491685892701,6.73769139928872,86.1527505839565,61.29387023153,12.0390801549054,20.871418697251,-26.2628045600357,-3.3592828582849,-2.10652672025267
-5.15560472997484,30.3810195696161,6.6806607757892,86.1849027268856,61.3128043050906,12.0077266493844,20.8967191116246,-26.2546290842514,-3.32093458531562,-2.1448654548276
-5.24452481399856,30.3091074766039,6.62765249129525,86.2204884967984,61.3367950726149,11.9671500018034,20.9130360333313,-26.2461174957684,-3.27810999760191,-2.17533204654218
-5.34476936660519,30.2349764208065,6.5800269588993,86.2540438007268,61.3666612516142,11.9210095202281,20.9205593491643,-26.2366155659672,-3.23022232980724,-2.19816429493028
-5.45528082164745,30.1598142060881,6.53963707018378,86.2808827693877,61.4029775403677,11.8718990352381,20.9194817762547,-26.2255115065814,-3.17678524725103,-2.21434677176155
-5.57451387898591,30.0842104423767,6.50900360983803,86.2973233051791,61.445857144651,11.8216264087312,20.9101506044465,-26.2123197455355,-3.11747737296113,-2.22529053490304
-5.70066013542531,30.0082066218491,6.49104084661631,86.3007259491222,61.4944032454417,11.7720026602055,20.8930200499303,-26.1967487414968,-3.05219217337838,-2.23247527330157
-5.83181593838721,29.9315829730946,6.48848894895169,86.2894214795317,61.5463508356085,11.7255413838069,20.8685393313095,-26.1787068401436,-2.98102398007355,-2.23716254607899
-5.96599799528537,29.8542471323026,6.50321186657112,86.2626091874853,61.5983213324418,11.6857210787879,20.8371829749445,-26.1582976939248,-2.90422858030391,-2.24032423131072
-6.10103107683346,29.7765563484085,6.53559309693568,86.220331258096,61.6467656472116,11.6565599147188,20.7996040510907,-26.1358309375598,-2.82223314530246,-2.24275013196552
-6.23446847107972,29.6993834358297,6.58431325341285,86.1635617374518,61.6890868018964,11.6415702802781,20.7568475269894,-26.1117876039225,-2.73578498323527,-2.24515183801499
-6.3636482153206,29.6239671892496,6.64650111466096,86.0943488654345,61.7241426861303,11.642603218084,20.7105196970679,-26.0867494927642,-2.64622827126068,-2.24813647273679
-6.48552137913459,29.5519374608167,6.71819873067776,86.0157891373033,61.7517697034528,11.6595468516538,20.6628491861932,-26.061400877696,-2.55578775678471,-2.2520960328285
-6.59779101924964,29.48473671121,6.79401682224115,85.9327999057211,61.7731753947356,11.6889718725129,20.6160126543147,-26.0366476756241,-2.46745929599134,-2.25699363815324
