4.22007834076544,19.7390677688774,23.8609535818131,83.814510521125,51.5876177160356,5.17744518427243,10.9463014390907,-32.0203095955088,-2.28635226246692,-3.23566335421039
4.25913912310773,19.8157375972841,23.7481274044791,83.8920491682421,51.4003491808785,5.56793796133697,10.8072192980029,-32.0178418961535,-2.28627364215461,-3.19449662726783
4.30097807153543,19.8896746747924,23.6208318871364,83.9731126543443,51.1492801717739,6.01493449328821,10.5892296170325,-32.0117017443458,-2.28668416408195,-3.14753743035379
4.35793508737238,19.9624146133654,23.4795966243886,84.0600371102403,50.8918219683877,6.49323431590518,10.3585410501711,-32.0058557868526,-2.28779079944862,-3.09886072900516
4.43796350551893,20.0322384589383,23.3194270223831,84.1530223856771,50.6327404446596,7.01030367374196,10.1304081682672,-32.0012737870942,-2.29024422159221,-3.04885707690511
4.54688007919306,20.0973838871223,23.1363474516276,84.2515205251636,50.3701522897178,7.56930057914301,9.91087876345689,-31.9981573421244,-2.29427713968362,-2.99778127440392
4.69061076606776,20.1560332350033,22.9264904532543,84.3546494517794,50.1012633921043,8.17065912522237,9.7062211651473,-31.9964506133039,-2.29994672970277,-2.94589794635612
4.87433696268269,20.2065624461454,22.6864573453543,84.460938298029,49.8218090930466,8.81260219518101,9.52212343825753,-31.9958514065074,-2.3071434606127,-2.89351780513055
5.08835245155718,20.2463241396806,22.3842369591323,84.5690643455185,49.377662274913,9.61893833108553,9.1474427879523,-31.9903387626838,-2.31755926797397,-2.83613536507272
5.36225203759329,20.277776754619,22.0711883881407,84.6770101260421,49.0494664396409,10.3483975980701,8.98265086398006,-31.9901580717327,-2.32712740119196,-2.78424518566583
5.68651458873722,20.2986893009143,21.7219338649258,84.7819383129536,48.7008636038036,11.1046925938607,8.85380051766543,-31.9892900149621,-2.33701893034738,-2.73289890478485
6.06224779186281,20.3090690684013,21.3353510512502,84.8820341399896,48.3275467460495,11.8825589146914,8.75255983734258,-31.9867147718766,-2.3466732341169,-2.68202236525557
6.48991281139941,20.3093433280278,20.9113192258616,84.9752169228823,47.9285377419478,12.6760599457379,8.67548224898021,-31.9816532981964,-2.35556478467269,-2.63142300387407
6.9691306868835,20.3002705465216,20.4503203172409,85.059440282109,47.5046958512399,13.4789604297756,8.61784622187695,-31.9734953483184,-2.36319753850091,-2.58067775589387
7.49877600457958,20.2828686488937,19.9533640699555,85.1326609128563,47.0586055731587,14.2846116036935,8.57407817814333,-31.9618784753113,-2.36910831589353,-2.52911500559957
8.077090393375,20.2583420903985,19.4219088334286,85.1927884480736,46.594273851164,15.0858713123206,8.53849087997483,-31.9467515198185,-2.37285979190019,-2.47581541464836
8.70178972178112,20.2280059861398,18.8577789249678,85.2376583404264,46.1166716726595,15.8751082208169,8.50594178517225,-31.9284006531097,-2.37403045742712,-2.41963075703203
9.37015579122795,20.1932062161463,18.2630852403573,85.2650446949613,45.63122543147,16.6443145807927,8.47230825740455,-31.9074262106495,-2.37221045369579,-2.35922389309529
10.0791101266848,20.155237708273,17.6401519621051,85.2727142604284,45.1433586857705,17.3853370305999,8.43473711964463,-31.884669837657,-2.36700807215164,-2.29313093432712
10.8252727772842,20.1152678552203,16.9914503452221,85.2585097333861,44.6581569641461,18.0902241470935,8.39166729877001,-31.8611068350813,-2.3580642810223,-2.21983940850618
11.6050129158128,20.0742750492367,16.3195423818324,85.2204432006894,44.1801892296435,18.7516716529161,8.3426558828791,-31.8377318274907,-2.34506586020482,-2.13786751839552
12.4144996193144,20.0330111292962,15.6270407235274,85.156779637169,43.7134764382987,19.363517232396,8.28806595611023,-31.8154686406236,-2.32774677257476,-2.04582623773283
13.249758992805,19.9919907124403,14.9165923831814,85.06609435583,43.2615573910668,19.9212082119435,8.22869646425942,-31.7951226475971,-2.30587477199871,-1.9424521724836
14.1067385344,19.951502255524,14.1908892677925,84.947294702331,42.8275751416954,20.4221550641426,8.16544062359405,-31.7773711874013,-2.27923173725446,-1.82661248255777
14.9813754721832,19.9116295156765,13.4526986900222,84.7996026701341,42.4143047945741,20.8659015683966,8.09904395126445,-31.7627691526127,-2.24760286268508,-1.69729715763479
15.8696657803427,19.8722710701397,12.70489552932,84.6225001440644,42.0240712088923,21.2540840814319,8.02999783530181,-31.7517431855348,-2.21078641866972,-1.55362210744011
16.7677326612454,19.8331495348882,11.9504709285596,84.415642785045,41.6585556895362,21.5902045587283,7.95855848490985,-31.744558259614,-2.16862565674095,-1.39486380456503
17.6718935419809,19.7938086872898,11.1924956953244,84.1787537838624,41.3185429040065,21.879288565967,7.88483855000523,-31.7412578751083,-2.12105412423036,-1.22053087570066
18.5787223984025,19.7536038331999,10.4340305831903,83.9115148303491,41.0036881571864,22.1275223264651,7.80889723551316,-31.7415974300308,-2.06813860060839,-1.0304560795035
19.4851016453111,19.7116967818211,9.67799545240847,83.6134759879211,40.7123782797814,22.3419473712591,7.73076737287771,-31.7450025204381,-2.01010160547995,-0.82487599406655
20.3882567721348,19.6670690870183,8.9270268184198,83.2840055310264,40.44172486617,22.5302418248543,7.65040099764984,-31.7505824388242,-1.94731025746334,-0.604465184692363
21.285767893235,19.6185634801047,8.18336045855116,82.9222942894985,40.1876887036819,22.7005619528248,7.56756369613867,-31.7572124805132,-1.8802305386372,-0.370306842902467
22.1755549919953,19.5649541903994,7.44876870397944,82.5274186939309,39.9453078902746,22.8613881276355,7.48173317921583,-31.7636741342674,-1.80936074247929,-0.123804602971226
23.0558366744619,19.505036143291,6.72456428753032,82.0984562261102,39.7089924374314,23.0213262296385,7.39204972852133,-31.7688210574039,-1.73516691989963,0.133441369004107
23.9250646261928,19.4377164935169,6.01166316241719,81.6346398230307,39.472847789909,23.1888465585895,7.29733930831521,-31.7717300384891,-1.65804144819574,0.399765446370729
24.7818382648722,19.3620930009259,5.31068524660902,81.1355350842974,39.2309933348833,23.3719788914084,7.19620455851984,-31.7718031372554,-1.57829542940472,0.673552963590338
25.6248078480306,19.2775104942886,4.62206619248006,80.6012240198424,38.9778489988492,23.578010283646,7.08716384464547,-31.7688052693777,-1.49618317863638,0.953330761744508
26.4525787456607,19.1835938327158,3.94615330035015,80.032479282899,38.7083731637773,23.8132444770032,6.96881038365003,-31.7628404303967,-1.41194810600061,1.23782807050535
27.2636308859984,19.0802598403909,3.2832647454426,79.4309136052508,38.4182462351682,24.0828751994117,6.83995700268278,-31.7542810438979,-1.32587521225046,1.52600838310997
28.0562631419221,18.9677118334196,2.63370451811519,78.7990920564712,38.1040036135955,24.3909979721784,6.69972971004058,-31.7436681325231,-1.23833539836058,1.81707722485886
28.8285657260456,18.8464201110619,1.99774265935462,78.1405991296477,37.7631279653602,24.7407404687284,6.54758143244868,-31.7316007211547,-1.14981027180812,2.11047341669586
29.5784201405058,18.7170907746203,1.37558339322806,77.4600554551887,37.3941125136642,25.1344485759092,6.38321717582176,-31.7186349452205,-1.06089243820397,2.40584859493825
30.3035273235355,18.5806233874891,0.767345891927811,76.7630781996909,36.9965041829832,25.5738505353673,6.20644756228116,-31.7052138690794,-0.972263090025854,2.70303249943365
31.0014660657473,18.4380557961783,0.173073846128107,76.0561765304546,36.5709300332292,26.0601483090213,6.01701167185381,-31.6916417674831,-0.884652720130018,3.00197797644926
31.6697813327279,18.2904934256447,-0.407223249088801,75.3465730153318,36.119106388124,26.5940403394887,5.81442530753307,-31.6781013725259,-0.798791015177849,3.3026855424168
32.3031645008787,18.138115080163,-0.982099393461907,74.6465322360893,35.6417287267263,27.2356062358094,5.509053024484,-31.6620604191662,-0.715574919030441,3.60597389890112
32.9053032947788,17.9835248340591,-1.53488162185301,73.9550321085494,35.1431710610878,27.8655378215832,5.27950186497872,-31.6487604215048,-0.635092510880277,3.91001225720462
33.4714486303606,17.8267133333345,-2.07319761221727,73.2838741114571,34.6295223585921,28.5424143806836,5.03458918126784,-31.6358169236007,-0.557997456783311,4.21529649000327
34.0001878813534,17.6681317308288,-2.59653063611844,72.6400062567338,34.1065725861999,29.2661185954537,4.77258525513312,-31.6233981212135,-0.484507328408581,4.52129964999719
34.4906735743941,17.507843542775,-3.10413236760551,72.0293536246895,33.5805058662096,30.0368093979164,4.49268955617197,-31.6118034856057,-0.414654452466162,4.82728867618878
34.9426594289992,17.345511843494,-3.59505439336186,71.4565543907111,33.057663550303,30.8554347203607,4.19463955010908,-31.6014517790577,-0.348306174509122,5.13235775650064
35.3565179132324,17.1804181455977,-4.06819243800901,70.9247772881384,32.5441140753906,31.7238419462185,3.87881802827473,-31.5928653826842,-0.285211441261364,5.43547880313161
35.7332201863969,17.011522534929,-4.52233638805728,70.4356593124002,32.0452594521426,32.644574784488,3.54623951962276,-31.5866261542346,-0.225062761164975,5.73556574051952
36.074287242298,16.8375556082854,-4.95621121129041,69.989359724572,31.5655699441684,33.6203229005075,3.19839923525028,-31.5833072379825,-0.16756111009007,6.03154367121005
36.3817248460454,16.6571301575086,-5.36850330761289,69.5847097696729,31.1084973026461,34.6530853475465,2.83699802721045,-31.58339119557,-0.112469716499792,6.32241333585866
36.6579547755401,16.4688616591155,-5.7578804087219,69.2194269976978,30.6765525896139,35.7431982347319,2.46358696607533,-31.5871879125822,-0.0596443190923782,6.60730097048597
36.9057521486858,16.2714891287343,-6.12302408033022,68.8903596721297,30.2714753977582,36.888434246525,2.07920145104318,-31.5947668059997,-0.00903280032193665,6.88548409224179
37.1281940252012,16.0639899728561,-6.46269483796556,68.593730200498,29.8943946061443,38.0833894060253,1.68406794676925,-31.6059175683433,0.0393547059800251,7.15638683099404
37.3286179775229,15.845683750157,-6.77583728247334,68.325355309887,29.5459001251106,39.3193259793026,1.27745850606644,-31.6201508423065,0.0854956907381931,7.41954606554019
37.5105820389898,15.616320593097,-7.06171099348247,68.0808318885045,29.2260016188647,40.5845482047337,0.857736760980554,-31.6367433367975,0.129410453358971,7.67456058623902
37.6778128424198,15.3761504521125,-7.32001389173493,67.8556872568717,28.9340155410896,41.8652711279082,0.422592114543051,-31.6548219583673,0.171208000957527,7.92104413487397
37.8341302433315,15.1259689221838,-7.55095967713675,67.6454984447985,28.6684637436336,43.1468333383762,-0.0305844037572907,-31.6734724862418,0.21111228986983,8.15860285106659
37.9833437258029,14.8671346053722,-7.75528235184018,67.445987005174,28.4270684348649,44.41503342219,-0.504248217860358,-31.6918542123994,0.249464098289645,8.38684706891765
38.129124072366,14.6015535060091,-7.93416175818632,67.2530961674009,28.2068950651311,45.6573559429351,-1.00022635394309,-31.7093035771526,0.286698780892155,8.60543255971446
38.274859185922,14.3316292322382,-8.08908475690813,67.063057094048,28.0046466886577,46.8638941697681,-1.51924193827399,-31.7254142911304,0.323303583952371,8.81411551052388
38.4235047027421,14.0601830230355,-8.22167118051446,66.8724502030239,27.8170696441077,48.0278581021198,-2.06043722642217,-31.7400850487685,0.359760057988684,9.01280311322582
38.5774394522483,13.7903526373106,-8.33350028036339,66.6782655151191,27.6414017713479,49.1456565509988,-2.620899097126,-31.7535278739106,0.396477662721644,9.20158629033969
38.738334609561,13.5254820980593,-8.42597151070432,66.4779636687623,27.4757844643302,50.2166358930549,-3.19522277080943,-31.7662331027103,0.433724267629809,9.38074843657663
38.907044772324,13.2690143615946,-8.50022294534841,66.2695377285391,27.3195669412485,51.242617675298,-3.77518978406901,-31.7788934935849,0.471558451845085,9.55075033378933
39.0835297602988,13.0243962458012,-8.55711359851432,66.0515753610071,27.1734486663462,52.2273818929303,-4.34966280188731,-31.7922990335271,0.509768335321369,9.71219543580498
39.2680898251143,12.7980728303674,-8.5897414396996,65.8189715567442,27.0694027350063,53.1399468653133,-4.87798571040133,-31.8095287541738,0.547459307423081,9.86448976331758
39.4561531161162,12.587133803032,-8.61425220978349,65.5809268471699,26.9490210286902,54.0604728799241,-5.40072211025934,-31.8266695711213,0.584502320817014,10.0109648710266
39.6463527530602,12.3976227482633,-8.6231856724831,65.3335218102582,26.8461797423001,54.9592652268921,-5.8726492552683,-31.8463640156328,0.619314866494903,10.1510803873532
39.8353644991214,12.232375173506,-8.61650033695572,65.0781151480773,26.7650999302869,55.8423830789975,-6.27538505437031,-31.8689761909009,0.650367813083516,10.2854971728115
40.019344826602,12.0938828189682,-8.5944222508141,64.8171104928936,26.7086464573821,56.7163324103775,-6.59376234029891,-31.8946110678863,0.675942741600323,10.4148318582368
40.1942840786747,11.984262193648,-8.55717183532067,64.5537604934806,26.6783188817549,57.5862715365735,-6.81599278343736,-31.9232573695118,0.694247102094078,10.5396194649644
40.3563346441362,11.905176980327,-8.50497488800967,64.2920959178542,26.6736870036299,58.4551212518423,-6.93488613233478,-31.9548627869693,0.703569755342548,10.6603125764546
40.5021422875079,11.8577617583243,-8.43810793514687,64.0367923952118,26.6919955865027,59.3228540454687,-6.94865072367109,-31.9893948840535,0.702443965954625,10.7772883359467
40.6291469215412,11.8425573516389,-8.3569804209078,63.7929601339793,26.7280342458338,60.1861218152767,-6.8611035390083,-32.0268734629032,0.689794236372489,10.8908548672072
40.735815644232,11.859467589001,-8.26224777395085,63.5658566019712,26.7743364214572,61.0383519568734,-6.68130526134429,-32.0673668707332,0.665044267805076,11.0012500559519
40.8217749020667,11.9077465435275,-8.15493061340719,63.3605334569134,26.8217317961588,61.870344642458,-6.4227600769848,-32.1109552689754,0.6281687359915,11.1086304683985
40.8878193130169,11.986024011763,-8.03650370660544,63.1814425660948,26.8602101119258,62.6713013985028,-6.10237384200288,-32.157672278968,0.579681501499157,11.2130551027091
40.9357913713468,12.0923733100484,-7.90891836169735,63.03204106247,26.8799761794875,63.4301308382326,-5.73933247271803,-32.2074407150337,0.520564900445102,11.3144735642436
40.9683455100241,12.2244189285773,-7.77453223738059,62.9144495480539,26.8725202177286,64.1368168523864,-5.35397821799357,-32.2600180836222,0.452155619495876,11.4127284385281
40.9886267725143,12.3794745118036,-7.63593726130158,62.8292261346942,26.8315249099026,64.7836001550258,-4.9666866356071,-32.3149639607088,0.376009470514615,11.5075776225781
40.9999053444175,12.554696964313,-7.49569694775631,62.7753156773612,26.7534831495155,65.36573147409,-4.59673106309234,-32.3716359374893,0.293768443492042,11.5987365722464
41.0052132306301,12.7472411318961,-7.35602782836724,62.7502128276758,26.6379797075283,65.8816282440795,-4.2611710216192,-32.4292153752847,0.207048822377596,11.6859349302815
41.0397762579588,12.9363752237074,-7.21927129491093,62.7050319366728,26.5293115040421,66.4206121743034,-3.85016133786094,-32.4967968549482,0.122026860134834,11.754872800302
41.0385061023877,13.1597742856768,-7.09618913976391,62.7332644625944,26.343511763615,66.8012226996543,-3.6817142468699,-32.5547941305744,0.0314007003226185,11.8333748005533
41.0371398009496,13.3907972455166,-6.96554783745275,62.7728937189631,26.1498643554839,67.1351619591348,-3.53936557620244,-32.6095233088674,-0.0601213588239998,11.9086492067323
41.034222124443,13.6305107989805,-6.83731630928576,62.8275318128315,25.9402398838079,67.4112656816863,-3.46777013808101,-32.661254264834,-0.151139790527289,11.9800820793879
41.0297077310543,13.8764900392865,-6.70727349550744,62.8930299303754,25.7296539368423,67.6344170992478,-3.45681833481016,-32.7095199625983,-0.240805450128733,12.0480151492113
41.0222521276974,14.127510006857,-6.57365638872901,62.9688410237367,25.5266985690316,67.8055516852155,-3.50447375909669,-32.7538913781383,-0.328369680785485,12.1129356129631
41.0103800589424,14.3822287967369,-6.43419905090596,63.055371746387,25.3398931551267,67.9257488370005,-3.60477360689927,-32.794121502652,-0.413196838555451,12.1754188762613
40.9925792272816,14.6393096890298,-6.28716426630108,63.1543388522037,25.1753692217283,67.9959630509289,-3.75106491792318,-32.830166097116,-0.494718330002397,12.2360905353913
40.9675425417834,14.8972945687701,-6.13128856992749,63.2682947748427,25.0369470343267,68.0176564618762,-3.93568662833983,-32.8621516052997,-0.572399480493458,12.295609976234
40.9343006074197,15.1546185558926,-5.96582231774937,63.400237584356,24.9261007320256,67.9931307921752,-4.15034271221397,-32.8903214326119,-0.645702266480438,12.3546547254188
40.8923026265174,15.4096979121698,-5.79046268199741,63.5531829331552,24.842348053009,67.9257691706853,-4.38637273289491,-32.914971321296,-0.714055617528987,12.413896996707
40.8414405314418,15.6610971594537,-5.60530380828558,63.729801650945,24.7837998249573,67.8201434331065,-4.63517214634062,-32.9363831713084,-0.776841847343155,12.4739675947263
40.7820247766237,15.90773774994,-5.41082425688517,63.9321592394277,24.747737521841,67.6820178792052,-4.88865446815533,-32.9547646818819,-0.833407453818977,12.5354121732869
40.7147130728241,16.1491041165243,-5.20790670880783,64.1615891049287,24.7310762955996,67.5182474258095,-5.13965081183572,-32.9702016328368,-0.883101457029397,12.5986506607517
40.6403953360561,16.3854023628583,-4.99784980225175,64.4187059097986,24.7306536153032,67.3365489867712,-5.38214452265559,-32.9826298304098,-0.925338684436806,12.6639507451282
40.5600463128392,16.6176366064291,-4.78232517071587,64.7035378360593,24.7433659201893,67.1451156269145,-5.61130298100193,-32.991833618403,-0.959679978132358,12.7314218427228
40.4745703402109,16.8475819615437,-4.56324745426459,65.015727326019,24.7662316494428,66.9520623003137,-5.82333031125634,-32.9974756013742,-0.985916749235504,12.8010292943759
40.3846734777764,17.0776503272232,-4.34255447597096,65.3547301610435,24.7964632249731,66.7647371275791,-6.01520212936453,-32.9991572138823,-1.00414439150231,12.8726215433009
40.2907997911572,17.310664570259,-4.12192842072635,65.7199422199344,24.8315882625722,66.5889881923185,-6.18435559105461,-32.9965032414857,-1.01480920877609,12.9459583300213
40.1931577345136,17.5495743199619,-3.90251588344729,66.1107045484831,24.8695996660396,66.4285190168727,-6.32840539397096,-32.9892573586878,-1.01871746622449,13.0207286799499
40.0918421504064,17.7971572336687,-3.68471475043132,66.5261735154573,24.9090734019142,66.2844741402344,-6.44494587108429,-32.9773716471088,-1.01700181102795,13.09655467385
39.987034209619,18.0557516234818,-3.46808414634812,66.9650816690525,24.949195447589,66.1553610558286,-6.53148474546052,-32.9610717426072,-1.01104711445011,13.1729874035538
39.8792427108118,18.3270612290682,-3.25140395001499,67.4254451104418,24.9896781301379,66.0373470679238,-6.58553690004682,-32.9408816085459,-1.00238293580192,13.2495095019892
39.7695402144761,18.6120615217434,-3.03287272138968,67.9042876159535,25.0305911566422,65.9248928415935,-6.60488266788279,-32.9175989831361,-0.992553469199928,13.3255599145771
39.6597484321924,18.911019209248,-2.81039888451703,68.3974480302643,25.0721577576503,65.8116214582378,-6.58795954746946,-32.8922246330283,-0.982979303486062,13.4005895655542
39.5525383771024,19.2236145935729,-2.5819196192596,68.8995181775781,25.1145638751801,65.6912857722438,-6.53431455739224,-32.8658633623309,-0.974829027470003,13.4741429120523
39.4156747607825,19.5477423086751,-2.30816102449311,69.4314600948746,25.1134121470888,65.5014800890509,-6.33501039489211,-32.8128694465581,-0.976363082619441,13.5668904540119
39.3241744084646,19.883453724648,-2.06216367787666,69.9319599117697,25.1452801602251,65.342385412584,-6.19507417670692,-32.7877396488011,-0.973854808074948,13.6366686344758
39.2483216255739,20.2303720668078,-1.8070774324194,70.41920080791,25.1777056841251,65.1647040055878,-6.03066691526183,-32.7659013161683,-0.973857989177938,13.704724372438
39.1927183286332,20.5878205343319,-1.54249835052688,70.8851797737879,25.2085556418199,64.9686106349664,-5.84658277579931,-32.7471511013567,-0.97610920685528,13.7717953028809
39.1623492761689,20.955402773247,-1.26864315321391,71.3218351954852,25.2367477070552,64.757777996614,-5.65144486662078,-32.7321079922237,-0.980043179117705,13.8387554568586
39.161841016086,21.3329790218978,-0.985865068202566,71.7216753167905,25.2607213008563,64.5377978163343,-5.45454990628019,-32.7213081786511,-0.98499222770305,13.9067124772745
39.2317184867432,21.7316488749411,-0.723031961550312,72.0395154029817,25.3725524860915,64.4661151827845,-5.38299746376598,-32.7315658602115,-0.9813667120699,13.9601691839356
39.3032959199412,22.1314837573108,-0.428080870683222,72.3465343873096,25.4018717601848,64.2755388042936,-5.25744167608647,-32.7324381364583,-0.985847673779673,14.0335894769212
39.4135370822811,22.5413386076365,-0.11659703131824,72.597086750857,25.4140667062278,64.0965052176782,-5.10905580135321,-32.7356341989988,-0.990456543297824,14.1132692724775
39.5634246173245,22.9623637139982,0.204969043272606,72.7913125798413,25.4088365434047,63.932011842475,-4.983633284217,-32.7429948855544,-0.994426033258852,14.1998310887444
39.753451623709,23.3949530518478,0.538816902105941,72.925652338661,25.3896462041626,63.7885810233358,-4.88761288881687,-32.7544264338196,-0.997616617739426,14.2947700656719
39.9413456681642,23.8234766921958,0.913561279179393,73.0477659539252,25.2150548655563,63.3929221949372,-4.68716919613183,-32.7531991818509,-1.00874298389468,14.4156138347992
40.2064497221679,24.2806458130791,1.27492052461991,73.0617983246373,25.1508169132214,63.2671358558826,-4.6628844471165,-32.7699315839842,-1.01032956399034,14.5314520365753
40.507353028123,24.7515002919502,1.65468963775144,73.0116091345642,25.079689869827,63.1729643701045,-4.680861190538,-32.7883506145829,-1.01108160106513,14.6596536942931
40.841331891133,25.2364552595321,2.05457769024086,72.8972768013812,24.9943253986593,63.1044417552775,-4.73132644184865,-32.8068166448983,-1.01105519505499,14.8010855263028
41.2060058992445,25.7359077936325,2.47642895353112,72.7181353063846,24.8950640299925,63.0604991794419,-4.80973763992073,-32.824438133602,-1.01002991996995,14.956310511113
41.5990704514343,26.2501892940864,2.92188126719339,72.4734397675862,24.782917881027,63.040090324312,-4.91058087824701,-32.8406759362925,-1.00762550130097,15.1256208422003
42.0183606969499,26.7796009681239,3.39233144436474,72.1623808656923,24.6593250841204,63.0422595678589,-5.02743288761497,-32.8554307773205,-1.00332351947338,15.3090667107914
42.4618536780015,27.3244787950924,3.88895489229178,71.7841432187962,24.5261816512464,63.0662618048287,-5.1533437710058,-32.8690958591728,-0.996509535461756,15.506512863546
42.927604638882,27.8852706444404,4.41275643063595,71.3380171319413,24.3858373185286,63.1115263623437,-5.28123649696516,-32.8825375216759,-0.986529196156438,15.7177140535518
43.413626109237,28.4626101383235,4.96464246317373,70.8235499144978,24.2410123840412,63.1774645681338,-5.40425137855135,-32.8969950389705,-0.972749158084758,15.9424000966283
43.9177259836153,29.0573703579828,5.54550006998384,70.240718821914,24.0946261033214,63.2631738181373,-5.51598673635557,-32.9139032817242,-0.954618209278789,16.1803565577871
44.4453437669426,29.6619260127008,6.18122868051841,69.570761562892,23.9241918961041,63.3797500527728,-5.42384986093145,-32.9315150379573,-0.933609976954798,16.4321737351288
44.9780293275337,30.2945987741558,6.82443027846386,68.8523429542634,23.7815411176782,63.5013928275646,-5.48493703900608,-32.9572785623962,-0.905811443863906,16.6964482838329
45.5193878536259,30.9487161203453,7.49991117777248,68.0694769230446,23.6458906093383,63.6358757042536,-5.51904324388017,-32.9885677271239,-0.873043658610985,16.9741163091806
46.064944699387,31.6258396595835,8.20858852499642,67.2253601061544,23.5175346187988,63.7784545165818,-5.52194080764214,-33.0251603614696,-0.835570305268243,17.265399921097
46.609716941979,32.3274042792388,8.95139032605915,66.3238524853478,23.3968403042433,63.9243199366707,-5.49017432280594,-33.0660834510734,-0.793883590175013,17.5704867098005
47.1484358993106,33.054562174644,9.72889992087906,65.3694268014482,23.2833517795013,64.0686541443042,-5.4210118357507,-33.1096995684716,-0.74867943125275,17.8893714312748
47.675908862101,33.8080412279438,10.5411626842843,64.3669021670917,23.1759419888898,64.2071902325005,-5.31265886088401,-33.153956737439,-0.700819684600415,18.2216979883294
48.1874083056802,34.5880632407662,11.3875452084108,63.3211496170192,23.0730351406989,64.3367126696208,-5.1645569600435,-33.1967231287871,-0.651285591393016,18.5666366278464
48.6789971226023,35.3943491082315,12.266708092626,62.236830124481,22.9728488461632,64.4553996697555,-4.97766263332773,-33.2361227398819,-0.601117444524199,18.922844867395
49.147722921009,36.2262124760797,13.1767195540815,61.1182109385253,22.8736024377497,64.562964455987,-4.75457995891648,-33.2707961678554,-0.551337611263558,19.2885370804934
49.5916660210783,37.0827125528583,14.1152905473575,59.9690725875619,22.7736570862639,64.6605995415794,-4.49943885227635,-33.3000437348362,-0.502862985151233,19.6616488359887
50.0098730891729,37.9628160986487,15.0800741354852,58.792689841442,22.6715862211314,64.750741122745,-4.21748250544714,-33.3238457502883,-0.456422021028616,20.0400489107959
50.4022307130685,38.8655156718967,16.0689595007767,57.5918582035318,22.5662114866066,64.8366643684945,-3.91442044085857,-33.3427819850966,-0.412495014823844,20.4217390548843
50.7693290274298,39.7898648701205,17.0803047960347,56.3689419419208,22.4566599472638,64.9219281465418,-3.59567654788278,-33.3578857246762,-0.371291869543173,20.8049917780451
51.1123454321585,40.7349161451268,18.1130799155861,55.1259316047171,22.3424827489194,65.0097256285711,-3.2656904421159,-33.3704688563478,-0.332771225662932,21.1884022460231
51.4329563931233,41.6995754889348,19.1669149761398,53.8645089601228,22.2238267385144,65.1022513788007,-2.92741581659341,-33.3819475062943,-0.296694490531446,21.5708588531376
51.7332716416127,42.6824127359115,20.2420666004703,52.5861189946424,22.101598338246,65.2002315090752,-2.58211150748962,-33.3936884773605,-0.262703358793789,21.9514566704045
52.0157819002664,43.6814808038613,21.3393255685165,51.2920427874914,21.9775385048502,65.3027468001589,-2.22944962552253,-33.4068896574348,-0.230409438979617,22.3293848870801
52.2833123901531,44.6942008198968,22.4599000483606,49.9834603496018,21.8541551390479,65.4073994988542,-1.86788789485287,-33.4225029481061,-0.199484612302217,22.7038171521339
52.538972972664,45.7173625302935,23.6053147753496,48.6614959021464,21.7345209853454,65.5107632635692,-1.49519874811973,-33.4412034316167,-0.169738249219773,23.0738274734111
52.7860928423,46.7472686766235,24.7773604787105,47.32724510803,21.6220038646038,65.6089708094874,-1.10903292150057,-33.4634020146828,-0.141165806797008,23.4383461110702
53.0281298918037,47.7800190428522,25.9781088894737,45.9817848482369,21.520017947869,65.698276977456,-0.707407788433809,-33.489291981699,-0.113957346385804,23.7961600396742
53.2685543063874,48.8118934020823,27.2099862809544,44.626161334716,21.4318629443195,65.7754733108193,-0.289026488790383,-33.5189147789646,-0.0884642433982758,24.1459529037338
53.510716348882,49.839765990876,28.4758824315135,43.2613520359271,21.3606701593397,65.8380777500603,0.146649824841164,-33.5522280427031,-0.0651330967324317,24.4863730973558
53.7577121370808,50.8614770864057,29.7792635073874,41.888207665504,21.3094255700714,65.8842616502491,0.59961490754586,-33.5891600326004,-0.0444225257509469,24.8161171916426
54.0122575772728,51.8761003600011,31.124253406585,40.5073961786482,21.2810138471738,65.9125286707437,1.06977427853353,-33.6296397135001,-0.0267195445398959,25.1340176598037
54.2765751776637,52.8840706865289,32.515649195829,39.1193780317287,21.2782357006357,65.9212371338806,1.55750826662273,-33.6736001396441,-0.01226928609025,25.4391253154135
54.552296696951,53.8871662453452,33.9588467947379,37.7244330925252,21.3037839761797,65.9081257799613,2.06414555003402,-33.720962181625,-0.00112747520022892,25.730776661432
54.8403860353915,54.8883634335736,35.459673192569,36.3227394237924,21.3601961992648,65.8700169125314,2.59217072017093,-33.7716122907863,0.00685955876429229,26.0086364194528
55.1410864346042,55.8915991161507,37.0241431113629,34.9144859763301,21.4498137619759,65.8028174547356,3.14507434800475,-33.8253887522813,0.0120471833121773,26.2727086553709
55.4538910162699,56.9014802170098,38.6581703193814,33.4999953180112,21.5747693512663,65.7018434385997,3.72686174285086,-33.8820854754024,0.0149612552640872,26.5233163807792
55.7775293264981,57.922975477834,40.3672617523886,32.0798386286609,21.7370039650203,65.562399205835,4.34132930621149,-33.9414734188374,0.0162505813886539,26.7610567272337
56.1099613266453,58.9611102819374,42.1562101402509,30.6549355359535,21.9382943517876,65.3804801786722,4.99127483632429,-34.003330682769,0.0166307957763961,26.9867436565551
56.4483771562866,60.0206672962206,44.0287871558394,29.2266389556208,22.1802613885755,65.1534451475219,5.67782012729469,-34.0674665354485,0.0168252803173967,27.2013506392288
56.7892126980072,61.1058809671208,45.9874326264223,27.7968071440519,22.4643358101026,64.8805150815427,6.39998847338993,-34.1337252896388,0.0175054388293506,27.4059614244791
57.1282008149893,62.2201113098887,48.0329396129806,26.3678616562813,22.7916768975295,64.5629971139022,7.15460767036991,-34.201963766907,0.0192308051305172,27.6017298118929
57.4604800879226,63.3654961748192,50.164147225481,24.942823866222,23.1630607030662,64.2042017800716,7.93652420024575,-34.2720081570572,0.0223908247965683,27.7898426887644
57.780773480993,64.5426060039743,52.3776628231974,23.5253210657388,23.5787641396465,63.8091043888157,8.73903872152393,-34.3436073263921,0.0271540283925638,27.97147759442
58.0836292714871,65.7501463484613,54.6676288445131,22.1195620954903,24.0384634440326,63.3838713415971,9.55442059816408,-34.4164046012312,0.0334341261546339,28.1477483730244
58.363692384494,66.9847546207545,57.0255195234569,20.7303007633472,24.5411433947488,62.9354052795061,10.3743407872165,-34.4899446620118,0.0408835752458382,28.319639947347
58.6159576448086,68.2409126427323,59.439908957594,19.3628233687694,25.0849881046455,62.4710484334335,11.1900875379679,-34.5637172258,0.0489220098961092,28.4879426880489
58.8359596152848,69.5109582108881,61.896124661236,18.0230000051003,25.6672099641429,61.9985226955031,11.9925014124751,-34.6372219185375,0.0567999794655134,28.6532024605593
59.0198826303041,70.7851563212305,64.3757351333181,16.7174134449195,26.2837858778041,61.5260864260355,12.7716795571238,-34.7100290216001,0.0636900049592534,28.8156996015785
59.1646211512185,72.0518137859002,66.8559541397771,15.4535197770849,26.9291199374868,61.0627719668967,13.516632927256,-34.78181483177,0.0687903958367856,28.9754590956988
59.2678585428548,73.2974937997788,69.3092646976166,14.23972054788,27.5957337979222,60.6184730004568,14.2151872389635,-34.852365806468,0.0714251485578727,29.1322812008674
59.313448409831,74.4505071604283,71.4713145345841,13.1683993809828,28.1478647793458,60.3533454639863,14.5966969767662,-34.9236046572931,0.0715333662485713,29.2846618102801
59.3447691340787,75.6667865175544,74.0069229783795,11.9989211215733,28.9629543922058,59.8337519286695,15.4178923848907,-34.9893676152592,0.0677306627041058,29.4357487317677
59.3136901435781,76.7044271737365,75.9544957141338,11.0675071785175,29.4884515510409,59.633268146999,15.688684491048,-35.0577989061416,0.0615382697870756,29.5781016477202
59.2571472598171,77.7771079551238,78.1944056457138,10.0654450557265,30.2752705737933,59.2324497543658,16.3001680837841,-35.120863397459,0.0520978260726218,29.7204278313513
59.1597727302623,78.6564645516104,79.821059569488,9.2971541835957,30.7415436939172,59.1176328071559,16.433790724588,-35.1867117401195,0.0410602447628514,29.8499358371056
59.0350770127685,79.4928374200819,81.4434223659561,8.55365546725668,31.2916081060325,58.9516366224782,16.6551138876595,-35.2494425875239,0.028521440460814,29.9757741871612
58.8876002661412,80.2467828750203,82.898920208388,7.88641633513961,31.8174444542943,58.8185539692334,16.8205003318217,-35.3111611690352,0.0157871449260988,30.0941889384473
58.7222107737397,80.9157561354639,84.1716407390605,7.29812113915495,32.3013997735627,58.7215765316863,16.9242363236231,-35.3719997836997,0.00381402166394947,30.2047943197749
58.5442127993464,81.5050224397213,85.2726767186241,6.78279871241124,32.7420088935805,58.6536729440127,16.977891624368,-35.4320248543958,-0.00648604529216472,30.3074923309075
58.3584718032088,82.0219604208845,86.2194884818581,6.3327859077338,33.1406416156382,58.6076559115897,16.994540815497,-35.4912593966384,-0.0143731722763447,30.40238201911
58.1692541956748,82.4745081178537,87.0309318304991,5.94030705919639,33.4990724225524,58.5782472949642,16.985748122276,-35.5496827444916,-0.0193610185869731,30.4897017890191
57.9802452641238,82.8704845684956,87.7252317530225,5.59805746199457,33.8188532821264,58.5625052210741,16.9607097911623,-35.6072436957963,-0.0212587645115213,30.5697579891205
57.7946016315025,83.217277666173,88.319103589611,5.29943701666048,34.101223920004,58.5595141917077,16.9261643811804,-35.6638768747675,-0.0201703061284079,30.6428655577263
57.6149926708522,83.5217293933321,88.8275471459541,5.03860594505684,34.3472882159121,58.5696583711409,16.8867124007913,-35.7195133268622,-0.0164525400058711,30.7093125201135
57.4436230796741,83.7901018882941,89.2639841339179,4.81046598903771,34.5582976168244,58.5937630435883,16.8452955461986,-35.7740812901908,-0.0106430860808652,30.7693483201458
57.2822471485969,84.0280531248879,89.6404895462215,4.61062879309946,34.735921333852,58.6323558013385,16.803637396218,-35.8274999151462,-0.00337368089513469,30.8231889672076
57.132188689304,84.2406005894802,89.96797103223,4.43539040090348,34.8824184885456,58.6852060343152,16.7625430568321,-35.8796731100315,0.0047138336572626,30.8710299594532
56.9943751569525,84.4320876321211,90.2562475535837,4.28169953451934,35.000658629955,58.7511781293624,16.7220686221032,-35.9304901959412,0.0130359679271806,30.9130589111444
56.8693871059925,84.6061791545594,90.5140449077944,4.14709744291121,35.0939745027122,58.8283348575506,16.6816425727388,-35.9798357812991,0.0211136912746311,30.9494619602648
56.7575184779311,84.7659027819589,90.7489552184969,4.02961785976755,35.1658825635959,58.9141871008225,16.6402168744876,-36.02760595042,0.0285953441390223,30.9804212517509
56.6588398796482,84.9137314071367,90.9674089029037,3.92765561793802,35.2197586586036,59.0059938763424,16.5964712359511,-36.0737239288119,0.035259949247294,31.006105156387
56.5732555018462,85.0516876980867,91.1746945400265,3.83982717581503,35.2585781585087,59.1010365865528,16.5490485227938,-36.1181473513688,0.0410070547868234,31.0266571170283
56.500544440796,85.1814478883205,91.3750435460647,3.76484774686294,35.2848021492847,59.1968051049116,16.4967957820347,-36.1608613080043,0.0458397921525289,31.0421912022556
56.4403792301073,85.3044282438079,91.5717732739821,3.70144057392887,35.3004243013511,59.2910542719244,16.4390047685735,-36.2018558392686,0.0498463942448042,31.0528013048336
56.3923187716245,85.4218454201255,91.7674533972773,3.6482833057031,35.3071210626232,59.3817339576398,16.3756495270021,-36.2410926874375,0.0531824116191517,31.0585864350044
56.3660546433907,85.6645153945587,92.45570016739,3.40251651613203,35.6992215907388,59.7273280385679,16.3167063019564,-36.2737167090067,0.053156894663488,31.0511102154771
56.3520078023759,85.7388428444938,92.4953100014662,3.41370372778318,35.5340251250286,59.8346135626601,16.1677004766821,-36.3089502295025,0.0538268644522566,31.0414060912257
56.3323506068983,85.8507956873687,92.7230253572895,3.37449715861127,35.5681674745371,59.9124597981707,16.0927787866748,-36.3423053521393,0.0573351069564509,31.0350891856424
56.324904865423,85.94410854922,92.8860884430799,3.36219965525977,35.5144870466229,59.9696651194985,16.0153114201749,-36.3723153169281,0.0598577692366593,31.0238178634477
56.3230118668107,86.0410904591775,93.0778987809551,3.34479517450863,35.4915684566257,60.0122996175165,15.950576663928,-36.3996800123005,0.0630603145423837,31.0101520295827
56.3273481627837,86.1334628155005,93.2616938154457,3.3323306540391,35.4561974788492,60.0397323408137,15.8973145057092,-36.4239430041613,0.066421811045057,30.9939114773629
56.3355868883987,86.2233370959419,93.4462408522682,3.32019584043213,35.4245830560089,60.0523538021469,15.8591482461084,-36.4452452435232,0.0700712030067595,30.9760507402189
56.3465241731593,86.3085415192773,93.622305155172,3.30955366917237,35.3900245599786,60.0507475851876,15.8371915157641,-36.4637728981643,0.0737805479277961,30.9571210669858
56.3587117865963,86.3881326683427,93.7865379891712,3.29977657033665,35.3541350239932,60.036547979663,15.8311361689836,-36.4799919261539,0.0773711632089508,30.9377286808123
56.3710742766267,86.460520905079,93.9333935683676,3.29114773760345,35.3155219876895,60.0120267847402,15.8387593020459,-36.4945217040697,0.0806126760782164,30.9183132077842
56.3827624833974,86.5243277109865,94.0589366379828,3.28375873679213,35.2740950675722,59.9798814114897,15.8565089910763,-36.5080829065329,0.0833007062412986,30.8991972639171
56.393266708846,86.5782057310256,94.1601577934908,3.27785160076942,35.2294441904461,59.9428581015965,15.8801409173536,-36.5213843508428,0.0852564825736105,30.8805578290214
56.4024101530482,86.6210120959715,94.2357537078721,3.27369037049668,35.1813610251152,59.9035062461651,15.9054804591328,-36.5350333178684,0.0863495391412911,30.862443742483
56.4103636248546,86.6518313336366,94.2861115825035,3.27168212593708,35.1295692354828,59.8640314577665,15.9290314878219,-36.5494691239017,0.0865156967501447,30.844786051808
56.4176259976105,86.6700526667373,94.3133476227554,3.27246430617758,35.0737822342409,59.8262482133677,15.9483768764875,-36.5649381057815,0.0857835601416699,30.8274117779497
56.4249877727948,86.6754346360852,94.3211168857618,3.27702736188886,35.0136759015777,59.7915550584626,15.9623594643974,-36.5815042270802,0.0842952501281641,30.8100483308457
56.4334688432277,86.668178107617,94.3143207405135,3.28679697841465,34.9489338116034,59.7608692477411,15.9711098547818,-36.5990837625637,0.0823084497682433,30.792318775437
56.4442331115545,86.6489860926569,94.2986578216124,3.30365199407166,34.8793201785968,59.7344806290691,15.9759903332589,-36.6174875076588,0.080168081183807,30.7737309408052
56.4584809547631,86.6191038062739,94.2800251466756,3.32984352349505,34.804807780224,59.7118263510209,15.9794964607848,-36.6364582812104,0.0782491804781064,30.7536704047065
56.4773259930196,86.5803327121348,94.263788071737,3.36780260597355,34.7257248588445,59.6912232075919,15.9851181791624,-36.6556987344433,0.0768861619077105,30.7314094916394
56.5016678676415,86.5350179945028,94.2540049790786,3.41984108679681,34.6428515606545,59.6696228147073,15.997140647729,-36.6748905935708,0.0763106631716721,30.7061425546971
56.5320787677047,86.4860058796875,94.252750764785,3.48777684780049,34.5573727915194,59.6424783338695,16.0203639693266,-36.6937085045895,0.0766161122690236,30.6770515528352
56.5687245126071,86.4365595087253,94.2597184434657,3.57254259803182,34.4706351851755,59.6038274187911,16.0597334689388,-36.7118307294126,0.0777556874073592,30.643397778658
56.6113397759151,86.3902123591791,94.2722535532608,3.67386373757987,34.383749910536,59.5466818314159,16.1198995519712,-36.7289471646956,0.0795680418322555,30.6046275271381
56.6592715534725,86.3505344592764,94.2858796261658,3.79010466295471,34.2971838050127,59.4637438879335,16.2047706165241,-36.7447643860601,0.0818171921901377,30.5604724530785
56.711595153913,86.3207985255894,94.2952254384638,3.9183704270135,34.2105241623053,59.3483541189685,16.3171546085609,-36.7590090792163,0.0842314091274652,30.5110207845382
56.76729122471,86.3035674519897,94.2951262461762,4.0548990628268,34.1225613617553,59.1954769529679,16.4585511954633,-36.7714349850627,0.0865305244176762,30.4567369637514
56.8254521230323,86.3002746781229,94.2816113002294,4.1956911311051,34.0317272071478,59.0025198944759,16.629055748472,-36.7818408989115,0.0884392372273224,30.3984172616512
56.8854701084053,86.3109109284911,94.2525414928852,4.33722647737039,33.9367885923715,58.7698556061161,16.8272614703169,-36.7901041089968,0.0896914452154333,30.33708505135
56.9471594783915,86.3339342440958,94.2077974684714,4.47706392889162,33.8375707704157,58.5010026762305,17.0500933542763,-36.7962248936486,0.0900334582316347,30.2738450422975
57.0107829045796,86.3664699017907,94.1490732080696,4.61414625989023,33.7354396896582,58.2024572517865,17.2926518141775,-36.8003687980342,0.0892313132509703,30.2097248660669
57.0769807703863,86.4047779602431,94.0794334778563,4.74873486217179,33.6333531240257,57.8831669506636,17.548253033568,-36.8028905088356,0.087082011034948,30.1455331030979
57.1466286742168,86.4448786860155,94.0028083588753,4.88202752320804,33.5354607825428,57.5536607998191,17.8088229640931,-36.8043275307781,0.083424424315392,30.0817567788971
57.2206627759288,86.4831800293859,93.9235378141865,5.01560898779113,33.44640204763,57.2249271922116,18.0656465322664,-36.8053600142504,0.07814528138747,30.0185117750375
57.2999120296722,86.5169626210825,93.8459949339689,5.15091172742188,33.3705370593211,56.907232541768,18.3103013847072,-36.8067407563423,0.0711784049967288,29.9555500274166
57.3849643188338,86.5446330587726,93.7742597335704,5.28882505510388,33.3113253432838,56.6091237299273,18.5355278380453,-36.8092046731521,0.0624987964874853,29.8923198540398
57.4760786718385,86.5657270571001,93.7118080501961,5.42951412988356,33.2709615534649,56.336810165117,18.7358377163714,-36.8133701395368,0.0521149873942486,29.828069628754
57.5731453096769,86.5807054067103,93.6612109238672,5.57243380457962,33.2502546810828,56.0939976048948,18.9077894288817,-36.8196463402633,0.0400628123221688,29.7619790080055
57.675689806212,86.5906245027717,93.6238803268286,5.7164724942531,33.2486658900025,55.8821155484928,19.0499693187469,-36.8281614089943,0.0264023047750839,29.6932971333479
57.7829132774752,86.5967756209851,93.5999197177587,5.86014737336206,33.264427475557,55.7008004748448,19.1627715813937,-36.8387247701044,0.0112178701978455,29.6214666211966
57.8937556565053,86.6003746144734,93.5881298588115,6.0017878063879,33.2947162968245,55.5484787828842,19.2480670093432,-36.8508324001666,-0.00537938711654979,29.5462170270235
58.0069663978016,86.6023525813852,93.5861875154047,6.13967400762158,33.3358933683631,55.4229152382643,19.3088257954724,-36.8637157142585,-0.0232494129341832,29.4676197670526
58.1211693776391,86.6032600457851,93.5909734390683,6.27212676985408,33.3838192607281,55.3216344789092,19.3487361890197,-36.8764260692137,-0.0422238265903112,29.3861043464865
58.2349160318894,86.6032664409679,93.5989927109607,6.39756096582134,33.4342244965081,55.2421747408658,19.3718464415509,-36.8879411328216,-0.0621114484590313,29.3024401321803
58.3467296498576,86.6022223198748,93.6068153125596,6.51451802483373,33.4830849803541,55.1821868285135,19.382248738703,-36.897278035057,-0.0827086987571184,29.2176881410064
58.4551503284286,86.5997527199568,93.6114697311901,6.62168657673758,33.526944536255,55.1394344797156,19.3838165002626,-36.9035995421561,-0.103812757229854,29.1331254977136
58.5587912143879,86.5953579036843,93.6107426637049,6.71791508545257,33.5631410682097,55.1117693831379,19.3800007979373,-36.906301177023,-0.125234489793973,29.0501451894097
58.6564109173927,86.5885035516596,93.6033640947768,6.8022210974896,33.589920537368,55.0971383208812,19.373689550043,-36.9050688616521,-0.146808872784083,28.9701379295854
58.7469966508338,86.5786839576366,93.5890789801903,6.8738069791969,33.6064517795531,55.0936405185396,19.3671335699615,-36.8998994393253,-0.168402845857929,28.8943694738863
58.8298435724463,86.5654438364788,93.5686188173238,6.93209474713582,33.6127729735496,55.0996124721877,19.3619426752995,-36.8910813943511,-0.189923119043824,28.8238707684568
58.904613042865,86.5483533639436,93.5435899192284,6.97678684987376,33.6097008275758,55.1136970734833,19.3591492318418,-36.8791399272577,-0.211327490265893,28.7593566208715
58.9713564364406,86.526947110225,93.5162959642178,7.00794613345046,33.5987218897452,55.1348608187621,19.3593251120378,-36.8647573769577,-0.232641472794966,28.7011821676002
59.0304982711811,86.5006533755367,93.4895143037477,7.02607389797936,33.5818737380026,55.1623458955805,19.362725694183,-36.8486842485676,-0.25397813110815,28.6493387721199
59.0827795022084,86.4687474581658,93.4662472630808,7.03215815810254,33.5616184673979,55.1955636219437,19.3694297383854,-36.831655964906,-0.275554918811792,28.6034848518247
59.1291675763056,86.4303569513611,93.4494684327778,7.02766824211419,33.5407105579839,55.2339405980024,19.3794526605844,-36.8143259799521,-0.297699017004745,28.5630034550714
59.1707438361379,86.3845321100383,93.4418791506975,7.01448400165493,33.522060805936,55.2767240700863,19.3928290704656,-36.7972194906769,-0.320833564576628,28.5270773487207
59.2085805031422,86.3303759770468,93.4456833088439,6.99476280622881,33.5085926125257,55.322754058884,19.4096760811537,-36.7807070034355,-0.34544150081371,28.4947736723075
59.2436189116173,86.2672135142221,93.4623819784603,6.97076028654776,33.5030768699434,55.3702280492914,19.4302507525232,-36.7649952603406,-0.372010102851777,28.4651326583828
59.2765595336882,86.1947704498312,93.4925871465285,6.94462802763024,33.507923447988,55.4165157599146,19.4550019883135,-36.7501338076675,-0.400965179349185,28.4372565591023
59.3077743536017,86.1133317197128,93.5358599234386,6.91821206454269,33.5249101890119,55.458108353123,19.484598524294,-36.7360365540046,-0.432607116124847,28.4103943791343
59.3372531703019,86.0238535120728,93.5905935443727,6.89287294365553,33.5548527089301,55.4907848945618,19.5199037654218,-36.7225170206901,-0.467060808257256,28.3840155784953
59.364595210845,85.9280078798376,93.6539797826859,6.86934601926221,33.5972606575456,55.510035108678,19.5618746701131,-36.7093333623477,-0.504248676801574,28.357863398688
59.389053691237,85.8281432237756,93.7221071449593,6.84766125217215,33.6500735565058,55.5116995454758,19.6113852804595,-36.6962362996313,-0.543891798001787,28.3319779525138
59.4096331920114,85.7271504569522,93.7902276029783,6.82714204292267,33.7095944947715,55.4927061123375,19.6690054673732,-36.6830120604493,-0.585539569340645,28.3066817404529
59.4252295016397,85.628237041428,93.8531922328349,6.80649777600936,33.7707190934103,55.451734139342,19.7347865289328,-36.6695141194391,-0.628623502489906,28.2825256084598
59.4347917821716,85.5346287493605,93.906006959218,6.78401271024947,33.8274862473431,55.3896490891021,19.8081057421505,-36.6556810322588,-0.672525977850656,28.2602003820429
59.4374808017388,85.4492347193997,93.9444163330691,6.75781862955362,33.8738742592143,55.3096157842807,19.887603425345,-36.6415413769247,-0.716651174343581,28.2404271052243
59.4327969932755,85.3743167129639,93.9654003271854,6.72622759229767,33.9046679343223,55.2168800347258,19.9712224171738,-36.6272095526956,-0.760484158053163,28.2238448423661
59.4206588103433,85.3111982198886,93.9674781333812,6.68809654595093,33.9161782951796,55.1182720023041,20.0563429153392,-36.612877583052,-0.80362601283861,28.2109164289836
59.4014238017255,85.2600417072423,93.950760516816,6.64319245835514,33.9066407545199,55.0215183080861,20.13999425307,-36.5988082580033,-0.845797909851086,28.2018672870706
59.3758586731553,85.2197194721773,93.9167654379984,6.59252034585037,33.8762333505014,54.9344643363552,20.2191114281449,-36.5853339895399,-0.886814088770798,28.1966616169481
59.3450756189617,85.1878023798861,93.8680750288791,6.53857012028678,33.8267804012063,54.8643156850245,20.2907860009508,-36.5728634197156,-0.926530709100943,28.1950087915488
59.3104560986481,85.1606831775686,93.8079311001242,6.48543916365085,33.7612745424047,54.8170083735209,20.3524469699762,-36.5618940048173,-0.964782037925932,28.1963862075817
59.2735788045678,85.1338333515208,93.7398353245224,6.43880018299664,33.6833417246168,54.7968006845906,20.4019115376232,-36.5530242393754,-1.00131635397072,28.2000655329658
59.2361586875801,85.1021684418328,93.6671645327287,6.40570581536031,33.5967179322648,54.8061368161945,20.4372771563092,-36.5469555083839,-1.03574216024509,28.2051353266018
59.1999934914657,85.0604730732093,93.5927647818732,6.39424663805718,33.5047483739936,54.8457701584199,20.4566788077156,-36.5444722280803,-1.06749279760077,28.2105207103106
59.1669072010335,85.0038195392354,93.5184715297533,6.41310156825485,33.4098912979144,54.9150733596475,20.4579886605672,-36.5463905670744,-1.09581584911081,28.2150070776351
59.1386776346144,84.9279084823934,93.4445246887185,6.47103409183045,33.3132202710593,55.0124280283694,20.438563817698,-36.5534710129207,-1.11979296988321,28.2172776444837
59.1169379766267,84.8292726714245,93.3689019866108,6.57639113110652,33.2139635347973,55.1355936514861,20.3951332648716,-36.5662986004157,-1.13839473927346,28.2159726130853
59.1030489747274,84.7053157521001,93.2866639806465,6.73665364175397,33.109172173402,55.2819984449475,20.3238590149337,-36.5851455730351,-1.15057205096825,28.2097708487128
59.097949132966,84.5541994819121,93.1894619836572,6.95807274098068,32.9936354995741,55.448949591423,20.2205374178839,-36.6098415261634,-1.15537961290147,28.1974854610066
59.1020020260568,84.3746318182283,93.0653809801933,7.24540750175275,32.8601368470511,55.6337962443208,20.0808640534837,-36.6396816917109,-1.15211939647063,28.1781563468978
59.1009755860814,84.127516828934,92.8421588098711,7.6358821561409,32.8832019892817,55.9624548252624,19.6997330049463,-36.6738491735019,-1.14214068059422,28.1539937249292
59.1178946007125,83.8842176221113,92.6165044156929,8.06603150983887,32.7384285748889,56.2093060768741,19.4328266451762,-36.7103299437973,-1.12181967256285,28.1201770853123
59.141911384467,83.6138613499661,92.3213991461911,8.56188053735594,32.5343547924117,56.4526048061023,19.1386871699268,-36.7468188197309,-1.09408294022755,28.0780875588661
59.1693151201952,83.3132959280913,91.9330904578168,9.12392778538483,32.2733220319375,56.7034541095561,18.8008879232499,-36.7810224928017,-1.06035505081322,28.0282698054131
59.1968716326258,82.9816283910989,91.4349094969341,9.74923908400829,31.9516539776548,56.9634715363497,18.4156896360088,-36.810736190941,-1.02259986758047,27.9710877368203
59.2211478484703,82.6185837290523,90.8145252659554,10.4335186421345,31.567927992574,57.2333864467979,17.9816594719451,-36.8340959756359,-0.98316236588378,27.9068853757725
59.2386234957598,82.2244480574644,90.0644246604248,11.1716304525875,31.1239809117589,57.5139149438227,17.4986743195631,-36.8497558144009,-0.94455448412818,27.8359484197455
59.2458997755212,81.8001335272644,89.1823374267495,11.957950141823,30.6249056895256,57.8055646282763,16.9679781069863,-36.8569741472832,-0.90921651189478,27.7584624801102
59.239894891428,81.3471780819138,88.171224447565,12.7866823166166,30.0787499741488,58.108294494139,16.3923080255922,-36.8556053733793,-0.879283999590559,27.6745038944914
59.2179987050984,80.867667230603,87.0388414161679,13.6521366991794,29.4960110744872,58.4211952705619,15.7759521054514,-36.8460172989012,-0.856390795228862,27.5840631652434
59.17817560058,80.3640970643232,85.7969433896722,14.5489535762858,28.8889473559971,58.7422775242894,15.1246901093579,-36.8289693787268,-0.841531685165782,27.4870903935613
59.119010076939,79.839197018899,84.4601998742175,15.4722859042097,28.2707427605395,59.0684490283892,14.4455679430822,-36.8054834978371,-0.834998834758764,27.3835493797327
59.0396944000148,79.2957271598981,83.0449201521469,16.4179521130991,27.6545965887942,59.3957203896268,13.7464826319006,-36.776726140911,-0.836396931131505,27.2734685500855
58.930542569678,78.6962642510432,81.4024212810329,17.4418619888859,26.8999960694344,59.7929713928452,12.8924042710228,-36.7445778473373,-0.844600130101467,27.1574826416486
58.8189216342241,78.1582860499438,80.0244722484057,18.3708944666109,26.4547865013144,60.0429284874126,12.3039284959658,-36.7081847588758,-0.858589244355488,27.0343289964443
58.6802997631538,77.5772340148118,78.4868791602217,19.3604006182271,25.9300479045579,60.3401969652733,11.6072117721585,-36.6706603672368,-0.87619688470363,26.9058916693112
58.521988505559,76.981599995339,76.9139676978371,20.3696457068953,25.429073342807,60.6283494197817,10.9059093511752,-36.6321942008533,-0.895860712997738,26.7721513813068
58.3458728454331,76.3753022872762,75.329093961371,21.3937251327214,24.968823262184,60.8995234440802,10.215969675375,-36.5934699186384,-0.91593860161798,26.6335821188515
58.153369027151,75.758875772618,73.741631602695,22.4326231709135,24.5521802207756,61.1521278359465,9.54113682127188,-36.5549243005946,-0.935080696992764,26.4906868822409
57.9460252160155,75.1321283567335,72.1577038031711,23.4871931653352,24.1783223238495,61.3862737520219,8.88218229643502,-36.5167230199478,-0.952319705883883,26.3439180265249
57.7255487541785,74.4945410628166,70.5818013173518,24.5584691562427,23.8446321530494,61.6032696778914,8.23800143496348,-36.478755368401,-0.967114369539433,26.1936595613504
57.4937480931429,73.8454010218195,69.0173012513349,25.6474064300508,23.5474525315117,61.8053265755963,7.60595317666438,-36.4406448149752,-0.97934443492615,26.0402300855718
57.2524609251486,73.1839035819038,67.4668609877953,26.7547048455069,23.2826413814781,61.9950620071619,6.98236704111137,-36.4017858709108,-0.989266081140809,25.8838949879201
57.0035007320548,72.5092569218424,65.9327948391304,27.8806731099964,23.0459944865012,62.1748186786796,6.3633126239291,-36.3614141683304,-0.997439558945321,25.7248713028081
56.7486417963661,71.8207958227789,64.4174059147098,29.0251262290222,22.8335189981804,62.3459519027927,5.74549414250201,-36.3187075794337,-1.00463904630059,25.5633118856315
56.4896430623257,71.1181017900547,62.9232077230346,30.1873128640717,22.6415698011239,62.5083028125735,5.12700903958266,-36.2729040451855,-1.01175168343025,25.3992670762246
56.2282926074185,70.4011201493912,61.4529749152477,31.3658706002433,22.4668863032396,62.6600408304262,4.50771624544884,-36.2234137641031,-1.01967145380642,25.2326344905033
55.9664457161842,69.6702607598098,60.0096026850497,32.5588085847887,22.3065700210361,62.7979465113253,3.88908799488013,-36.1699041144896,-1.02919552466129,25.0631150466584
55.6884745514768,68.9115883709622,58.4918042400282,33.8113218956638,22.091207190986,62.9623812117958,3.04301742274573,-36.1146808108044,-1.0399993314952,24.8899744049875
55.4473975433132,68.1698913404141,57.204372953734,34.9814806829307,22.0082037648864,63.0201075451983,2.6457213091627,-36.0510967814976,-1.05519763713585,24.713244106287
55.1793917705504,67.3941461768801,55.7652447607444,36.2426340061748,21.8236428837092,63.1253306761936,1.82137385161674,-35.9888082508803,-1.0712024431432,24.5308143964058
54.9349221164018,66.6238535141186,54.4534921885116,37.4607376414436,21.7027775292134,63.1694644047285,1.22429722455639,-35.9217424170641,-1.09062240768299,24.3429447758774
54.6989684876335,65.8488214766943,53.1719191434963,38.6763761528174,21.5810140498716,63.1873955144783,0.632133775248807,-35.8529978904149,-1.11216711575089,24.1483582773907
54.472980664769,65.0719709241576,51.9208527370618,39.8840925121039,21.4621387233035,63.182516728073,0.0439164541663706,-35.7834710726521,-1.13532678033246,23.9464785338321
54.2578329162053,64.2957075327072,50.6977077604326,41.0795193144477,21.3455079385536,63.158506219299,-0.54415253646372,-35.7140283723831,-1.15953623851197,23.736921704065
54.0540854731219,63.5220454664841,49.4996938727309,42.2584198867565,21.2311128120546,63.1196104568245,-1.13551240329514,-35.6454679365002,-1.18422856000881,23.5195810031488
53.8620030670801,62.7524492443925,48.324035849094,43.4169021968747,21.1194358744317,63.0700189088363,-1.73261546460823,-35.5784881314153,-1.20886843320235,23.2946223885035
53.6816094367116,61.987740586147,47.1682124597036,44.5515803742579,21.0113877967484,63.0133225805877,-2.33636216753961,-35.5136688391148,-1.23296163364041,23.062451048405
53.5127506722473,61.2280444828392,46.0300963573622,45.6597174987459,20.9081912391255,62.952163312699,-2.94585515160479,-35.4514640688663,-1.25604598030235,22.8236635941335
53.355159211343,60.4727550837527,44.9079938113097,46.7393319035248,20.8112184782426,62.888113377101,-3.55846153977645,-35.3922040278146,-1.27767438586476,22.578996979219
53.2085108506624,59.7205088749583,43.800591838597,47.7892535559699,20.7217939193783,62.8217822945937,-4.17013357633364,-35.3361030831545,-1.29740198507697,22.3292794511451
53.0724669257175,58.9691689133026,42.7068297794217,48.8091239546371,20.640990363147,62.7531031242726,-4.7759203346421,-35.2832674054387,-1.31478702055757,22.0753842600137
52.946693676087,58.2158393733285,41.6257219515757,49.799341473371,20.5694628473168,62.6817110263621,-5.37059227526766,-35.2336947373394,-1.32941009027687,21.8181852192732
52.8308524847279,57.4569351059142,40.5561651878379,50.7609612426951,20.5073651933291,62.6073113859066,-5.94928869961466,-35.1872613645257,-1.34091009701456,21.5585138554427
52.7245589329675,56.6883239633592,39.4967667250337,51.6955628049791,20.4543773736906,62.5299552453922,-6.50809098769786,-35.143699106898,-1.3490292349511,21.2971196663171
52.6273155516636,55.9055451648573,38.4457241958973,52.6050986243504,20.4098387751492,62.4501858303771,-7.04442887715815,-35.1025753123051,-1.35365529251697,21.0346368018488
52.5384313904529,55.1040915284099,37.4007822215151,53.4917329418211,20.372944657425,62.369063890317,-7.55724771405113,-35.0632954893689,-1.3548489982931,20.7715607400123
52.4569470566081,54.2797314376069,36.3592796625247,54.3576786612902,20.3429400369113,62.2880993969747,-8.046904768196,-35.025145983784,-1.35284730910041,20.5082364886999
52.3815830342792,53.4288399136992,35.3182869829977,55.205044053098,20.3192518414578,62.2091134311637,-8.51482012794689,-34.9873817460873,-1.34803958609171,20.244856719951
52.3107230935095,52.548706773494,34.2748153938851,56.0357068869765,20.3015340347721,62.1340441011096,-8.96297129984111,-34.9493463834374,-1.34092103534228,19.9814662728382
52.2424380670642,51.6377917736622,33.2260633805427,56.8512323000683,20.2896420984447,62.0647102777531,-9.39336817325874,-34.9105972469637,-1.33203374189166,19.7179703084907
52.1745504990361,50.6959000976025,32.1696582113184,57.6528396658004,20.2835777757082,62.0025616750705,-9.80764763695237,-34.871004150471,-1.32190722541848,19.4541471047018
52.1047360903597,49.7242561892585,31.1038533115758,58.4414096935077,20.2834386102328,61.9484650977222,-10.206873004049,-34.8307959765247,-1.31100799502041,19.1896706580321
52.0306519667138,48.7254621011575,30.0276552144358,59.2175143388741,20.2893794391235,61.9025865849091,-10.591538180544,-34.7905403485848,-1.29970402259644,18.924148825899
51.9500757863067,47.7033417420283,28.9408714041455,59.9814517061693,20.3015702407707,61.8644131907172,-10.9617070767615,-34.7510555915876,-1.28824733985323,18.657177375561
51.8610358062747,46.6626939604632,27.8440875252744,60.7332740662579,20.3201342845764,61.8329181288461,-11.317194660195,-34.7132703314701,-1.27677606588984,18.3884020154484
51.7619113470642,45.6089971776124,26.7385945126168,61.4728064040911,20.3450677513547,61.8068247183994,-11.6577120519522,-34.6780592833581,-1.26533573622767,18.1175760675118
51.6514861648768,44.5481160742646,25.6262903592264,62.1996621367146,20.3761593168653,61.7848884829588,-11.9829315406165,-34.6460876218681,-1.2539186745288,17.8446048549763
51.5289449433015,43.4860522696188,24.5095778207939,62.9132673731608,20.4129338813806,61.7661108782162,-12.2924628525075,-34.6176898314453,-1.24251855849052,17.569575778545
51.3938154332622,42.4287591417521,23.3912712899232,63.6129021179151,20.454638303796,61.7498265050956,-12.585763989767,-34.5927971970016,-1.23119422698856,17.2927781958806
51.2458723928339,41.3820140530148,22.2745168205679,64.2977581449689,20.5002736401145,61.7356523951233,-12.8620321316924,-34.5709171164548,-1.2201323500869,17.0147159226255
51.0850284755386,40.3513204206558,21.1627215975448,64.9670057358937,20.5486650164189,61.7233294534568,-13.1201248353141,-34.5511604642894,-1.20969483383618,16.7361103037973
50.9112380715929,39.3418073094869,20.0594844772535,65.61986018885,20.598553681358,61.7125093004886,-13.3585492280747,-34.5323109201301,-1.20043637331223,16.457888852123
50.7244353056946,38.3581072840115,18.9685170387896,66.25564161705,20.648697967814,61.7025476833639,-13.575537842345,-34.5129312567716,-1.19308168413249,16.181155635003
50.5245219794433,37.4042152529691,17.8935438187671,66.8738215277627,20.6979774202837,61.6923675684227,-13.7692156421602,-34.4915031120711,-1.18845972268861,15.907142258696
50.3114159684898,36.4833489283844,16.8381726790557,67.4740452020978,20.7455014603555,61.6804517480705,-13.9378525591696,-34.4665951197307,-1.1874016112855,15.6371393732218
50.0851608127182,35.5978374382111,15.8057355208685,68.0561158866494,20.7907244746209,61.6650065874567,-14.0801776720512,-34.4370478762328,-1.19061808610158,15.3724094779668
49.8460793274439,34.7490595271792,14.7991167483503,68.6199326535417,20.8335590084326,61.6442965243525,-14.1957005808334,-34.4021551589569,-1.1985791499546,15.1140866689327
49.5949318359773,33.9374430946765,13.820605624043,69.1653896215121,20.8744602191215,61.617084617976,-14.2849564818942,-34.3618127878878,-1.21142079700374,14.8630785814403
49.3330242694443,33.1625295978868,12.871817572451,69.6922631346102,20.9144390752789,61.5830462662021,-14.3495876256325,-34.3166026639796,-1.22889904019653,14.6199947719839
49.0622147646213,32.4231021599388,11.9537199988,70.200124954179,20.9549647427315,61.5429933473206,-14.3922112309835,-34.2677834316637,-1.25040027074832,14.3851268557318
48.7930103740636,31.7091348038073,11.0976672188115,70.6628226143119,21.0015691874496,61.5744054637273,-14.2258230814902,-34.2143694342875,-1.27728193306807,14.1585753569868
48.5115453396029,31.0348196049891,10.2420410007669,71.1302690633662,21.0490767381849,61.5282722356436,-14.2340981121549,-34.1643305818065,-1.30385124449991,13.9399717094337
48.2280242325069,30.3902025788375,9.41656317749082,71.5775073445771,21.0997306623196,61.4809012440591,-14.2369945995459,-34.117017503792,-1.33110001533657,13.7293343241811
47.944962433844,29.7729525292719,8.62277576514341,72.0024628112638,21.1560051040504,61.436968119243,-14.2308552845193,-34.0744779096467,-1.35786270229561,13.5265248152294
47.6641490755262,29.1813736529861,7.86123354105801,72.4042882601431,21.2178714399105,61.3983720687359,-14.2176158993437,-34.0385850147632,-1.3830062031917,13.3316006723592
47.3869655182619,28.614226857108,7.13261641647918,72.7823274141524,21.2844052512511,61.366097446485,-14.1987935482965,-34.0108188313312,-1.40555105337047,13.1447755112886
47.1144841838119,28.0707090930876,6.43762599506126,73.1360385691434,21.3540708206276,61.3402829683222,-14.1753446621136,-33.9922043781248,-1.42471431545656,12.9663645131073
46.8475873724168,27.5503380357285,5.77676550013134,73.4649347640973,21.424965125664,61.320342233904,-14.1477904468572,-33.983281269963,-1.43993576983631,12.7967019149439
46.5870671159326,27.0527639322626,5.15011687052395,73.7685275802089,21.4950757996659,61.3051526234761,-14.1163540918467,-33.9840841679778,-1.45089507769058,12.6360573466466
46.33367648057,26.5775555456119,4.55717458213841,74.0462992589752,21.5625164520415,61.2932894294741,-14.0810820189082,-33.9941309605539,-1.45752047702119,12.4845724771173
46.0881257876873,26.1240139038019,3.99677507183162,74.297716109025,21.6257176110853,61.2832939537418,-14.0419426023169,-34.0124269807143,-1.45998580422395,12.3422284293742
45.8510343974243,25.6910600950996,3.46713697611317,74.5222816572267,21.6835640233455,61.2739585096763,-13.9988917341059,-34.0374986404595,-1.45869329739708,12.2088440176049
45.6228572453384,25.2772238437798,2.96600386569791,74.7196181379697,21.73547121658,61.2645890626018,-13.9518863605727,-34.0674680674004,-1.4542421603224,12.0840986584446
45.403807211385,24.8807344091529,2.49086123941304,74.889561264721,21.781395212466,61.2551871705867,-13.9008350646861,-34.1001728129948,-1.44738384949271,11.9675722769761
45.1937925029142,24.4996921265558,2.03918613630274,75.0322537820077,21.8217781413032,61.2464985810815,-13.8455052707994,-34.1333240868595,-1.4389645397586,11.8587951257839
44.9923844574533,24.1322835963397,1.60868312465117,75.1482251147397,21.8574464811528,61.2399103280677,-13.7854411573565,-34.1646872325634,-1.42985570038188,11.7573004861826
44.798826343034,23.7769985705273,1.19746526607835,75.2384456219046,21.889485994885,61.2372237991241,-13.7199564875097,-34.1922630360374,-1.42087656728015,11.6626723437523
44.6120880702548,23.4328107476615,0.804151458776404,75.3043442696021,21.9191127835504,61.2403641029849,-13.6482412782175,-34.2144487058659,-1.41271657220002,11.5745795916938
44.4309650224547,23.0992944959292,0.427869525229127,75.347779439722,21.9475503632761,61.2510930864425,-13.5695749894812,-34.230160306791,-1.40586942773475,11.4927892745857
44.2081447633428,22.7812848084909,0.0741871009346849,75.4367530568725,21.8669286779969,61.0299261196392,-13.5747254325287,-34.2255218943415,-1.40481819924347,11.4306521550281
44.0391910158209,22.4657359178529,-0.256934656587975,75.4298567808564,21.8935780976536,61.1025405055232,-13.388905393918,-34.2243780753693,-1.4024481073476,11.3603679144761
43.8696695787021,22.167636527119,-0.585769956476997,75.4177822072858,21.921066112507,61.1486444058062,-13.2861111091419,-34.2197901288571,-1.40018099814832,11.2959706064964
43.7028719473313,21.8835897372441,-0.896494067532627,75.3907148138936,21.9591332532115,61.2096523107608,-13.1746258909029,-34.2105057482182,-1.39889941907592,11.2374093633879
43.5376736533837,21.6158402898603,-1.19191777887943,75.3531650131185,21.9979931015144,61.2778914685344,-13.0652623019119,-34.1974534942555,-1.39817623551657,11.1843813076133
43.3745485231835,21.3656735508872,-1.47194991750737,75.3062187935011,22.0382653714231,61.3534176675502,-12.9579701764607,-34.1819416106239,-1.3976595556655,11.1364283742004
43.2141671513898,21.1341594537011,-1.73759525815455,75.2511193035069,22.0782053830531,61.4349259596565,-12.8564497391843,-34.1653157897339,-1.39704634743772,11.0929682851356
43.0574893641845,20.9218491349174,-1.98995763637695,75.1885752308563,22.1162004568111,61.5213020717187,-12.7640644203953,-34.1487666241996,-1.39614630009769,11.0533418259257
42.9055585620462,20.7287155699049,-2.23031627963559,75.1190322167676,22.1502107539843,61.6114283131587,-12.6841674068164,-34.1332290010859,-1.39487734136363,11.0168968325485
42.7593297278135,20.5541432940627,-2.45991314039747,75.0428117797722,22.1781745724081,61.7041981503914,-12.6197631210004,-34.1193295345478,-1.39324588552154,10.983084401242
42.6194986012992,20.3969844103707,-2.67977078373013,74.960301206585,22.198296204807,61.7984410646019,-12.5733286189401,-34.1073772334547,-1.39131871562579,10.9515412365904
42.4863708433263,20.2556674216291,-2.89051076378968,74.8721067251211,22.2093878787132,61.8928483600404,-12.546587374007,-34.0973870379079,-1.38919717508736,10.9221385927559
42.3597905585733,20.1283420916465,-3.09222413642047,74.7791475783085,22.2111404597752,61.9859284251327,-12.5402783436001,-34.0891242093586,-1.38699641613637,10.8949866219769
42.2391391231523,20.013037415517,-3.28442863648497,74.6826761311747,22.2042507705116,62.0760184551844,-12.5539622849661,-34.0821576032365,-1.38482747464798,10.8703937851307
42.1234010353493,19.9078080848005,-3.46613954958927,74.584232180673,22.190339352432,62.1613618670772,-12.5859432167155,-34.0759129194057,-1.38277823770999,10.8487907447387
42.0112824779381,19.8108500134927,-3.63605381454758,74.4855497241406,22.1716618733766,62.2402464980284,-12.6333633422307,-34.0697218625873,-1.3808916689388,10.8306349298234
41.9013629220695,19.720575752823,-3.79281433912095,74.3884338683628,22.1506989783983,62.3111866895797,-12.6924764918687,-34.0628681778781,-1.37914385354897,10.8163141078525
41.7922600801201,19.6356506621405,-3.93529991780075,74.2946206422776,22.1297539201975,62.3731227811168,-12.7590510647584,-34.0546346638182,-1.37742738839403,10.8060647495707
41.6827904764097,19.5549962063346,-4.06288412116732,74.2056306116308,22.1106674238725,62.4256043412785,-12.828824811722,-34.0443546581267,-1.37554537544127,10.7999156661153
41.5721091129888,19.4777677204436,-4.175618047385,74.1226294635216,22.0946976895082,62.4689199019564,-12.8979287481133,-34.0314672193173,-1.37321854243667,10.7976618923385
41.4598123754405,19.4033132833323,-4.2743077671261,74.0463119345072,22.0825505697436,62.5041392408312,-12.9632038937433,-34.0155702899751,-1.37010526555122,10.7988693173628
41.3459906834996,19.3311202608204,-4.36047501764951,73.9768264046981,22.0745042372254,62.5330481279351,-13.0223497135783,-33.9964641566703,-1.36583285732807,10.8029070947007
41.2312228085887,19.2607572510851,-4.4362098817834,73.9137546633026,22.0705593615373,62.5579788597403,-13.0738747279021,-33.9741792600345,-1.36003765705112,10.8090024670873
41.1165113352313,19.1918212743412,-4.50394429941963,73.8561547825078,22.0705585825294,62.5815647520418,-13.11687076392,-33.9489855068638,-1.35241012248227,10.8163116457794
41.0031665718484,19.1239018157712,-4.56618981100764,73.8026658725621,22.0742499729929,62.6064637931811,-13.1506877665036,-33.921382275326,-1.34273937081501,10.8240003984831
40.8926534178113,19.0565724882712,-4.62528765273379,73.7516633548561,22.0813026101241,62.6351015252016,-13.1746198298282,-33.8920690949529,-1.33095040455184,10.831327623104
40.7864219770425,18.989415814793,-4.6832132253419,73.7014441176572,22.0913033579473,62.6694756788305,-13.1877084702457,-33.8618979793024,-1.31712748835961,10.837723277638
40.6857464698924,18.9220774674845,-4.74146182657086,73.6504149840326,22.1037664309484,62.7110468697886,-13.1887285264331,-33.8318105175853,-1.30151913705665,10.8428495733378
40.5915955652702,18.854336306594,-4.80102227032202,73.5972575630542,22.1181740427803,62.7607159850661,-13.1763600014953,-33.8027654274735,-1.2845233512666,10.8466342109048
40.5045498677835,18.7861696976203,-4.86242503051424,73.5410477368229,22.134045294826,62.8188688329169,-13.1494845848625,-33.7756640382327,-1.26665478129177,10.8492686114699
40.4247715708908,18.717792807228,-4.92583737848993,73.481316568944,22.1510116667867,62.8854594436916,-13.1075004791659,-33.7512813247467,-1.24849735381469,10.8511715228607
40.3520213555406,18.649656702286,-4.99117344061735,73.4180492845337,22.1688703218907,62.9601043989305,-13.0505437098513,-33.7302086943726,-1.23064669299302,10.8529259091553
40.2857114955696,18.5824015341282,-5.05819265282044,73.3516290071564,22.1875942984752,63.0421660917013,-12.9795425344694,-33.7128126958943,-1.21364745052404,10.8552016104436
40.2249824856775,18.5167741206398,-5.12657239428563,73.2827403736739,22.2072966179838,63.1308103262708,-12.8960947402794,-33.6992122953469,-1.19793214631113,10.8586766260766
40.1687919834347,18.4535287790544,-5.1959540802906,73.2122524629419,22.228163550574,63.2250344797139,-12.8022166179448,-33.6892763992112,-1.1837697532655,10.8639669085635
40.1160074826203,18.393332432462,-5.26597166253615,73.1410995236234,22.2503821553816,63.3236756757684,-12.7000474347609,-33.6826420314313,-1.17123245886604,10.8715703013352
40.0654965627791,18.3366897257402,-5.33627487052376,73.0701733096367,22.2740854937899,63.4254186260628,-12.5915981959459,-33.6787517404153,-1.16018663499069,10.8818264673593
40.016210365464,18.2838948255472,-5.40655683719554,73.0002352844928,22.2993283885049,63.5288241286784,-12.4786115138619,-33.6769075379939,-1.15030953344755,10.8948920983322
39.9672571232049,18.2350085664203,-5.47658883350295,72.9318524771653,22.3260941330521,63.6323901798993,-12.3625601226898,-33.6763387606056,-1.1411282057384,10.9107295711396
39.917962980206,18.1898556278723,-5.54625673537418,72.8653577092798,22.3543241060181,63.7346428291281,-12.2447683835128,-33.6762811389284,-1.13207290200758,10.9291075446861
39.8679169634259,18.1480363586994,-5.61558826924823,72.800832766602,22.3839587248308,63.8342416078535,-12.1266062522588,-33.6760616573964,-1.12253459617705,10.9496132391837
39.8169964178448,18.108949537648,-5.6847595520773,72.7381113290046,22.4149770297503,63.9300809332705,-12.0096861739722,-33.6751791670917,-1.11191630830753,10.9716772597727
39.7653694967215,18.0718235649702,-5.75407383084516,72.6767971233428,22.4474217001245,64.0213739580209,-11.8959927663072,-33.6733679736438,-1.09967094105704,10.9946118792315
39.7134728978954,18.0357533545413,-5.82391234517569,72.6162924436555,22.4813970592919,64.1077129633384,-11.7878910799383,-33.6706332013814,-1.08532320124556,11.0176622642562
39.6619656538331,17.999739322825,-5.89466403718865,72.555833524303,22.5170311930409,64.1891044888096,-11.6879871031811,-33.6672515832958,-1.06847767105837,11.0400675370613
39.6116624763386,17.9627254736795,-5.96664533018601,72.4945322634549,22.554401118813,64.2659754902488,-11.5988500662863,-33.663737120096,-1.04881775749896,11.061126048845
39.5634519670802,17.9236371139273,-6.0400226275878,72.4314271856386,22.593432630429,64.3391413819397,-11.522646099293,-33.6607763353699,-1.02610085548084,11.0802581556815
39.5182058246053,17.8814235737959,-6.11474902123071,72.3655477108573,22.6338017031371,64.4097246634959,-11.4607674920138,-33.6591417920488,-1.00015404188737,11.0970602187281
39.4766857924823,17.8351131647238,-6.19052398799517,72.2959926722756,22.6748749168737,64.4790200779772,-11.4135548265787,-33.6595945630211,-0.970872755093897,11.1113444235498
39.4394561566777,17.7838834483839,-6.26678151692942,72.2220172906028,22.7157230434263,64.5483178527358,-11.3801876633221,-33.6627868211778,-0.93822303702072,11.1231595029653
39.4068107265992,17.7271412764456,-6.34270865100478,72.1431162374124,22.7552217887858,64.6187117639656,-11.3587689144084,-33.6691757324039,-0.902246467358934,11.1327879297191
39.378723237558,17.6645990969295,-6.41729288833018,72.0590880759931,22.7922248642824,64.6909248739615,-11.346572490826,-33.6789597598074,-0.86306592051158,11.1407169178729
39.3548282163536,17.596331053345,-6.48939333225791,71.9700691425064,22.8257707453491,64.7651830910705,-11.3403856909246,-33.6920470958648,-0.82088956774116,11.1475845353707
39.3344360185593,17.5227950572223,-6.55782767217472,71.8765304481751,22.8552744945831,64.8411624783434,-11.3368635500785,-33.7080617419418,-0.776010263687433,11.1541075267766
39.3165821025246,17.4448130833835,-6.62146609636396,71.7792371674715,22.8806599055311,64.9180334998439,-11.3328182436398,-33.7263861442004,-0.728798053544833,11.1610016331786
39.3001070006352,17.3635093020997,-6.67932382973799,71.6791769458118,22.9024005733752,64.9946169913948,-11.3253893564921,-33.7462326322701,-0.679685068761987,11.1689062660737
39.2837590761867,17.2802137676092,-6.73064375617128,71.5774717285929,22.921458786768,65.0696431363087,-11.312077861935,-33.7667313566468,-0.629143782523897,11.1783234181547
39.2663070075729,17.196347596935,-6.77495774476553,71.4752962324547,22.939137340506,65.1420678948077,-11.2906705161094,-33.7870205693907,-0.577660418301513,11.1895770594626
39.2466455907801,17.1133108879506,-6.81211263485215,71.373828727058,22.9568851102078,65.2113678887517,-11.2591179209564,-33.8063257969974,-0.525705181949169,11.2027949678636
39.2238801030725,17.0323928286853,-6.8422502012387,71.2742512098506,22.976109685009,65.2777253608118,-11.2154436762969,-33.8240178349336,-0.473701275715905,11.2179107620418
39.1973813221142,16.9547137518215,-6.86574215966191,71.1777974443631,22.9980406267563,65.3420386705214,-11.1577486461046,-33.8396452485161,-0.42199639132355,11.2346812566078
39.1668120233032,16.8811963827097,-6.88309701300995,71.085826523525,23.0236595030027,65.4057420386553,-11.0843430435402,-33.8529433083319,-0.370842554235033,11.2527139829868
39.1321322861658,16.8125556485543,-6.89486778813759,70.9998858206361,23.0536820102803,65.4704707762585,-10.9940046144818,-33.8638251903462,-0.320390421323963,11.2715006865145
39.0935928909906,16.7492968391704,-6.90159289373324,70.9217255033841,23.0885569920153,65.5376463987836,-10.8863296952062,-33.8723612994091,-0.270701128905128,11.2904529711829
39.0517235066787,16.6917180957781,-6.90379436978034,70.8532368119888,23.1284450612585,65.6080718903832,-10.7621118771698,-33.8787499879235,-0.221773939713028,11.3089357671407
39.0073169639419,16.6399193919446,-6.90203958465919,70.7963045041379,23.1731573267152,65.6816243498863,-10.6236493755883,-33.8832808297212,-0.173584067340268,11.3262945532341
38.9614052162678,16.5938221523225,-6.8970483993749,70.7525862548108,23.2220656041199,65.7571174463677,-10.4748581146095,-33.8862919897774,-0.126123783692772,11.3418746626414
38.9152192797894,16.5532010339472,-6.88980648036328,70.7232544503319,23.2740258230792,65.8323801164123,-10.3210766010187,-33.8881252578228,-0.079440701448237,11.3550347593582
38.8701262479775,16.5177247607458,-6.88163664187329,70.7087538657275,23.327371615937,65.9045539961105,-10.1685154462151,-33.8890836922457,-0.033668525025118,11.3651592390321
38.8275412700327,16.4869997125007,-6.87418965715321,70.7086359354219,23.380026101503,65.9705500546979,-10.0234295330552,-33.8893962545332,0.0109533524431661,11.3716739514847
38.7888195625167,16.4606103243975,-6.86934192058762,70.7215209411763,23.4297468068436,66.0275451127634,-9.89122741146307,-33.8891917377685,0.0540743873402721,11.3740663520502
38.7551412663636,16.4381533625766,-6.86902037148773,70.7452119252141,23.4744722871507,66.073375694896,-9.77579813492988,-33.8884821431949,0.0952437689652681,11.3719067469453
38.7274083115402,16.4192656634265,-6.8750024140242,70.7769445126942,23.5126966739002,66.106722180727,-9.67927071494737,-33.8871547451779,0.133938133765597,11.3648639900477
38.7061745751708,16.403644817342,-6.88874904270069,70.8137182040779,23.5437755306502,66.1270598469742,-9.6022448363111,-33.8849725089398,0.169603860356272,11.3527085410921
38.6916258318284,16.3910605781691,-6.9113182928591,70.8526324236198,23.5680714951727,66.1344446009045,-9.54433671280743,-33.8815832916731,0.201708934306915,11.3352986778899
38.6836143889528,16.3813545881691,-6.94337767227019,70.8911548796478,23.5868847392479,66.1292516851847,-9.50477664164926,-33.8765385205935,0.229797708471363,11.3125508164035
38.6817387981323,16.3744295594052,-6.98530000948512,70.9272791875503,23.6021784630961,66.1119679651875,-9.48282775930215,-33.8693216328734,0.253541707588292,11.2844000951147
38.6854474122179,16.3702352496549,-7.0373005752475,70.9595698262756,23.6161858279754,66.0830651203359,-9.4779401172732,-33.8593856632843,0.272780489594164,11.2507604596863
38.6941400396145,16.3687633693478,-7.0995631037775,70.9871274553961,23.6310384591263,66.0428990462128,-9.48971910724338,-33.846198360987,0.287547724851024,11.2114937197247
38.7072449717235,16.3700634029771,-7.17230975474794,71.0095241520171,23.6485548832133,65.9915411252289,-9.51787501764801,-33.829292246253,0.298078742743824,11.1663950220573
38.7242564858537,16.3742858263263,-7.25579019355175,71.026754749928,23.6702607600086,65.9284708054966,-9.56228830074706,-33.8083154700319,0.304796981218589,11.1151985046299
38.7447272300863,16.381750667003,-7.3501894984165,71.0392339274093,23.6976075073201,65.8521268483651,-9.62320610192007,-33.7830766241524,0.308278198240799,11.0576017352414
38.7682185227977,16.3930310862859,-7.45547512707903,71.0478476658258,23.7322623398279,65.7593868685361,-9.70145943349715,-33.7535736060336,0.309193138820735,10.993301810494
38.7942183984244,16.4090363347988,-7.57121423884391,71.0540482130187,23.776308243948,65.6450890247069,-9.79853083068144,-33.7199958647068,0.308232186525868,10.9220324431461
38.8220417288883,16.4310771263553,-7.69639327949196,71.0599665812714,23.8322331148094,65.5017144552169,-9.91633622540851,-33.682693580913,0.306019691726094,10.8435928311498
38.8507291607555,16.460898889804,-7.82926488772689,71.0685074861897,23.9026782206344,65.3193205522932,-10.0566832051113,-33.6421165349297,0.30302990386683,10.7578649333176
38.878962411261,16.5006735144,-7.96723816658403,71.0833899863594,23.9900086990807,65.0857675893034,-10.2204732409794,-33.5987356921471,0.299518118249854,10.6648214720911
38.9050127204181,16.5529466631969,-8.10682249493775,71.1091035394693,24.0958226885186,64.787227275265,-10.4067857516483,-33.5529668411062,0.29547821405114,10.5645283488101
38.9267362150562,16.6205441099274,-8.24363479185178,71.1507625389447,24.2205204418814,64.4089084218205,-10.6120139199429,-33.5051152725161,0.29063244827247,10.4571422323593
38.9416236857192,16.7064463025104,-8.37248326552931,71.2138598656043,24.3630257665811,63.9358870407822,-10.8292352402518,-33.4553541215871,0.284453842483174,10.3429005747706
38.9644269940974,16.7885039987194,-8.49499112790728,71.2812777802941,24.34983911678,63.4705977074028,-10.8136826624028,-33.4031791309419,0.276896619463015,10.214488753463
38.9594181502342,16.9154901836876,-8.59060396040293,71.4007062684344,24.4770396412192,62.7816232750961,-10.969389366841,-33.3495831731018,0.265180819826816,10.0866197490399
38.9389309367234,17.0693048449113,-8.66015537331128,71.5571190748915,24.6080924890123,61.9557183273294,-11.0974252906997,-33.2940426831169,0.249563266088318,9.95284546883256
38.9005257753192,17.2518783264648,-8.69791852602171,71.7537253047372,24.7349455819725,60.9835729596813,-11.1787365707876,-33.2365774984563,0.229196195480247,9.81335878284381
38.841909559504,17.4651648053296,-8.6990922380785,71.992783552204,24.8526237327054,59.8563781241635,-11.200684013336,-33.1774003920679,0.203417483481948,9.66833416389411
38.7612014522822,17.7107472439274,-8.66016374006725,72.2752085142868,24.9569606679735,58.5681595849391,-11.1550024897021,-33.1169172344689,0.17178226565182,9.51784858484999
38.6570607719388,17.9934774737781,-8.57141275953969,72.5982734505344,25.0592431236164,57.0794523980146,-11.0011536430863,-33.0553443834608,0.13397887151391,9.36108632953302
38.5282484895914,18.3072059034721,-8.4466907022745,72.9642380976694,25.1306596262849,55.4648476268801,-10.8119643426594,-32.9941996105935,0.0901948956925949,9.19944754136885
38.3736667693817,18.6559014667397,-8.28119646404252,73.369433445092,25.1840275841283,53.7029959026686,-10.5696743404469,-32.9340390640056,0.0406381197444814,9.0321422114362
38.1922100136387,19.0396487018316,-8.07792512734728,73.8112175658103,25.2193861556618,51.8150001447915,-10.2901659466411,-32.8757444863641,-0.0143310375337327,8.85909151396231
37.9824966102226,19.4580348343324,-7.84094667301726,74.286840033754,25.2378235333042,49.8310958176073,-9.99165463072556,-32.8200710591361,-0.0742951564467578,8.68031441244385
37.7427368040166,19.9099909958917,-7.57499678260505,74.7937206020876,25.2408558192938,47.7891001045271,-9.69123695013547,-32.7675231061704,-0.138845874075495,8.49596486161176
37.4706873915203,20.3936576463642,-7.28505668740785,75.3296284761831,25.2302540738867,45.7314910893695,-9.40223449294454,-32.7182627439474,-0.207625344067123,8.3063503873649
37.1637167597405,20.90628702449,-6.97599710874152,75.892748527375,25.2080063750609,43.7017174878807,-9.13266557589173,-32.6720721298144,-0.280342309457443,8.11192063265896
36.8189723274295,21.4442131135148,-6.65231401377011,76.4816379420013,25.1763950367874,41.7405266876309,-8.88512034430862,-32.6283833372392,-0.356765484467075,7.91322830927533
36.4336204573004,22.0029059955201,-6.3179556336846,77.095098598819,25.1381246504528,39.8829906254626,-8.65783395941965,-32.586375588149,-0.436703005842261,7.71087164866323
36.0051135305846,22.5771110255381,-5.97621885068476,77.7320076117793,25.0964264307638,38.1566032903471,-8.44639971619955,-32.54512393286,-0.519979602109557,7.50543194011513
35.5314330772722,23.1610580783596,-5.62968145591306,78.3911553919,25.0550911437011,36.5804789370571,-8.24547547424825,-32.5037705997407,-0.60642033458813,7.29742191981772
35.0112628219167,23.7487150475145,-5.28013779615979,79.0711340446623,25.018427221716,35.1654380356376,-8.05000642277038,-32.4616830967781,-0.695842304444474,7.08725998120719
34.4440613005272,24.3340541332187,-4.92852036753181,79.7703004421714,24.991173119532,33.9146888047291,-7.85578902856694,-32.4185644535455,-0.78804907539847,6.87527974846943
33.8300286582499,24.9112990908573,-4.57481299109827,80.4868129747676,24.9783976620905,32.8248591761378,-7.65947612537938,-32.3744932778818,-0.882822186219918,6.6617736129449
33.1699903597912,25.475125680323,-4.21798112924896,81.2187161931552,24.9854045395287,31.8872226065551,-7.45827070602932,-32.3298920778204,-0.979909790877138,6.44705514783562
32.4652418399791,26.0207954752762,-3.85595390488434,81.9640320998184,25.0176308952885,31.0890255155371,-7.24956609414188,-32.2854416759349,-1.07901844794305,6.23151537060054
31.7174040488868,26.5442148065351,-3.48568933269197,82.7208176699206,25.0805070303885,30.4148449419901,-7.03071375973403,-32.2419677484158,-1.17981517565609,6.01564739734005
30.9283287099254,27.041925030706,-3.10334103705078,83.4871653743722,25.1792362331868,29.847896775203,-6.79899832911928,-32.2003218962801,-1.28194276424322,5.8000237871767
30.1000694833313,27.5110443688901,-2.70452406988065,84.2611485881366,25.3184704447118,29.3712035743546,-6.55181133017241,-32.1612712264765,-1.38504532669901,5.58522646067467
29.2349106173483,27.9491904357904,-2.28465468890136,85.0407342388863,25.5018974755957,28.9685372365688,-6.28695424357046,-32.1254039065468,-1.48879682634675,5.37174416591377
28.3354273325901,28.354412656641,-1.83932217089365,85.823691821871,25.7318019734068,28.6250817535451,-6.00296890233327,-32.0930560365209,-1.59292494218546,5.15986146903455
27.4045472290128,28.7251550531951,-1.36464625222886,86.607520547316,26.0086932748262,28.3278055770014,-5.69938956024514,-32.0642665474286,-1.69722611393703,4.94956343448978
26.4455883422682,29.0602561791425,-0.857581215034638,87.3894021922148,26.3310972209795,28.0655735482731,-5.37683291411041,-32.0387686457335,-1.8015727533723,4.74047307273819
25.4622610975366,29.3589799548728,-0.316140559935503,88.166175594417,26.6955892072662,27.8290495587656,-5.03687896096277,-32.016024665123,-1.90591702918515,4.53182906161805
24.4586317952667,29.6210630983443,0.260471343207666,88.9343252659304,27.0971102256024,27.6104408609252,-4.68173434352902,-31.9953038285087,-2.01029502246601,4.32250380757798
23.4390518046604,29.8467624553062,0.871823061031909,89.6899806275116,27.5295615800087,27.4031249402428,-4.31370589368504,-31.9757908477402,-2.11483092277653,4.11105809910819
22.4080606438362,30.036886962137,1.51630586857149,90.4289290008203,27.986622916417,27.2011952681007,-3.93454701373649,-31.9567020447321,-2.21973620529031,3.89582696151799
21.3702736653995,30.1928031771605,2.1912480831705,91.1466505003602,28.4626919523676,26.9989706572579,-3.54477437344898,-31.9373804793962,-2.32529672036572,3.67503011365594
20.330265022062,30.316410576804,2.8930652311211,91.8383849330327,28.953813101057,26.7905311967408,-3.14308275007064,-31.9173471843504,-2.43184282536354,3.44689932988325
19.2924538778507,30.4100915261115,3.61741809889229,92.4992389427362,29.4584527995469,26.569360644512,-2.72600057065792,-31.8963019362307,-2.53970273533784,3.20981416759812
18.260999410239,30.4766466100719,4.35935820386516,93.1243347951014,29.9779941709285,26.3281771158825,-2.28791382355295,-31.8740865007376,-2.6491442634932,2.96243646233334
17.2397103299122,30.5192257678263,5.1134499727893,93.7089914941788,30.5168593787808,26.0590134729391,-1.82153391441486,-31.8506356098984,-2.76031295898062,2.7038325820706
16.2319758388566,30.5412604128771,5.87386759698756,94.2489183956463,31.0822152992609,25.7535693663365,-1.31880205574231,-31.8259407511515,-2.87317525956622,2.43357173643085
15.2407244255286,30.5463945020676,6.63447096077781,94.7403947021678,31.6832667702464,25.4038084874335,-0.77212840946076,-31.8000412680296,-2.98747500565441,2.15178966384375
14.2684138794744,30.5384062195234,7.38886934020639,95.1804067960984,32.3301868196723,25.0027280937214,-0.175784711587815,-31.7730421142819,-3.1027114806729,1.85920985669029
13.3170506258979,30.5211092336303,8.1304847622517,95.56672071692,33.0327736359796,24.5451920091289,0.472772204890456,-31.7451432997208,-3.21814639733915,1.55711940553909
12.3882299688005,30.4982252231285,8.85262980127736,95.8978800581586,33.7989569769595,24.028697514276,1.17186179608372,-31.7166570510072,-3.33284442572657,1.24730351877139
11.4831843279758,30.4732273149068,9.54861641316323,96.1731375975876,34.6332990002474,23.4539418312162,1.91499358310648,-31.6879894220641,-3.44574634171417,0.931949699436329
10.6028271105264,30.4491648576748,10.2119118586613,96.3923463266679,35.5356458987645,22.8250681071688,2.69082818698909,-31.6595760920579,-3.55576626435144,0.613536644226387
9.74778551323244,30.4284897530249,10.8363538012227,96.5558457665069,36.5000896151562,22.1495101709807,3.48370390198656,-31.6317845475026,-3.66189589878356,0.29472257724287
8.91842486409653,30.4129092380031,11.41642724056,96.6643776970017,37.514394088319,21.4374231209253,4.27468191655101,-31.6048180723143,-3.76329184003796,-0.0217581474416516
8.11487760538225,30.4032876278298,11.9475892984097,96.7190515581308,38.5600233339162,20.7007752638931,5.0430114293501,-31.5786688088364,-3.85932194743115,-0.333191556857627
7.33709616477899,30.3996119977578,12.4266070273926,96.721360216061,39.6128706043847,19.9522635720776,5.76786761803805,-31.5531563696473,-3.94955798353421,-0.636983060083651
6.58494481256114,30.4010274257543,12.8518569696405,96.6732303364971,40.6447226587903,19.2042661072378,6.43016781660067,-31.5280540695545,-4.0337219261984,-0.930766927787413
5.85833097981737,30.4059376266192,13.2235317582641,96.5770832023182,41.6254012241008,18.4680317143938,7.01424056779275,-31.5032632095769,-4.11161245587174,-1.21252432629036
5.15735792895096,30.412156942848,13.5437113316268,96.4358814215474,42.5254139426661,17.7532260297795,7.50913083091612,-31.4789710628528,-4.1830447527856,-1.48069718973017
4.47954981924318,30.4146917971784,13.8184588819581,96.2555570270153,43.3238266310279,17.0859983108604,7.81786828815933,-31.4550966765065,-4.24763243895082,-1.73146626694768
3.83140362387877,30.4157799941439,14.0492320974917,96.0356294201947,43.9907894386435,16.4343343859266,8.12557237770238,-31.4336649592099,-4.30543311406521,-1.97000922994018
3.21163922953265,30.4098617102956,14.2443532596368,95.7826166301904,44.5200513349184,15.8237716445412,8.34506651081856,-31.4153326011161,-4.35631030129206,-2.19383042190525
2.62185434970563,30.3941531462118,14.411453173193,95.5014168191846,44.9110004609618,15.2585975310357,8.48560761940493,-31.401164360122,-4.40026054185445,-2.40356048428966
2.06404571011153,30.3660658927895,14.5584765395906,95.1970627380905,45.172924950941,14.7416793766321,8.56049104112452,-31.3920962770935,-4.43743991117905,-2.60033825266289
1.54031549434924,30.3232727992008,14.6933445970439,94.8746162967325,45.3244079278515,14.2746666277043,8.5850925225005,-31.3887305849298,-4.46816244499459,-2.78559628033482
1.05266484777476,30.263762954348,14.8235917852689,94.5389810178185,45.3913418176989,13.8578738838368,8.5756220129062,-31.3912476395705,-4.49286867416528,-2.96091655454184
0.602788656419968,30.1858816268408,14.9560494339337,94.1947058930334,45.4040849050568,13.4902311363015,8.54800482617713,-31.3993955108584,-4.51206799923558,-3.12789776595925
0.191889497979792,30.0883598115163,15.0965786595871,93.8457958647969,45.3941532676364,13.1693877755829,8.51694340380331,-31.4125406472988,-4.52626584829923,-3.28804222619742
-0.179469789463341,29.970337259611,15.2498549430292,93.495547108128,45.3909024694727,12.8919874502514,8.4951836923931,-31.4297596323474,-4.53588414068689,-3.44266828804476
-0.511459792612343,29.8313805295837,15.4192127775962,93.1464301344539,45.4186333370655,12.654055109014,8.49298997970084,-31.4499540082826,-4.54118134910357,-3.59285074613566
-0.805017284129781,29.6714932291429,15.6065631352474,92.8000462663253,45.4944670529711,12.4513888108778,8.5178224181577,-31.4719732703028,-4.54218047001492,-3.7393875379
-1.06181807484981,29.4911117022267,15.8123954823086,92.4571796941054,45.6272080370237,12.2798489373935,8.57420694001781,-31.4947326563816,-4.5386179505688,-3.88278761625089
-1.28419510124346,29.2910797223917,16.0358690282066,92.117956812225,45.8172773878348,12.1354819696015,8.66378479519104,-31.5173140193668,-4.52992903974783,-4.02327496942072
-1.47500669891381,29.0726013124253,16.2749877065087,91.7821090778523,46.0576724500875,12.0144810626913,8.78552752329879,-31.5390419832051,-4.51528115243774,-4.1608071159164
-1.63745951031213,28.8371783017048,16.5268442827403,91.4493193310923,46.3357951542763,11.9130439989392,8.93610159127968,-31.5595323774882,-4.49365704635276,-4.29510944825583
-1.77489344768537,28.5865439496653,16.7879134502386,91.1196176527023,46.6358930997105,11.8272206704275,9.11036267012428,-31.5787126705217,-4.46397785926477,-4.42572669915305
-1.89054284862287,28.3226037472923,17.054371780231,90.7937825658457,46.9417761729945,11.7528372308073,9.30195039475727,-31.5968143624053,-4.42524683447549,-4.55208974362612
-1.98729560128911,28.0473904054339,17.3224221827052,90.4736957841125,47.2394207206463,11.6855457325263,9.5039418261904,-31.6143370772715,-4.37669094083237,-4.67359212959077
-2.06747679008335,27.7630342746051,17.5885996963556,90.1625921840461,47.5190728236535,11.6209930368593,9.70950947294675,-31.631984964037,-4.31788047437559,-4.78966836827141
-2.13268271600952,27.4717451100222,17.8500325003485,89.8651417160827,47.7765268782558,11.5550543099972,9.91251872839959,-31.6505782476208,-4.24881449930188,-4.89986599874442
-2.18368527457103,27.175798089849,18.1046283993912,89.5873010546947,48.013382449796,11.484054537978,10.1079912944087,-31.670946389467,-4.16996884583198,-5.00390494647861
-2.2204188313749,26.8775176730088,18.3511567693813,89.3358878200434,48.2362486192689,11.4049137704677,10.292365280517,-31.693814123323,-4.08230901903169,-5.10171901756253
-2.24205548731115,26.5792570666309,18.5892029582766,89.1178671982616,48.4550387995214,11.315188835314,10.4635124615063,-31.7196962717977,-3.98727061758788,-5.19347458828436
-2.24717083001154,26.2833764469613,18.8189874864514,88.9394028888213,48.6806512653685,11.2130263549404,10.6205284478546,-31.7488192758245,-3.88670648020192,-5.27956153815814
-2.23399858648595,25.9922263641129,19.0410648743524,88.8048040210715,48.9224422565082,11.0970720040271,10.7633709588633,-31.7810848035544,-3.78279738590014,-5.36055297167187
-2.236188101231,25.6955544819697,19.2801799750279,88.7440786995013,49.1300365298084,10.9467520324935,10.7453208363379,-31.8043172970501,-3.66812338640601,-5.41486287329305
-2.18341632068273,25.4212748778684,19.4907614666793,88.7006809266046,49.4257080286816,10.793598377023,10.8746828895605,-31.8377529125699,-3.56389969589772,-5.48524167115299
-2.10494102840238,25.1587694474276,19.6931595457757,88.6919314348712,49.7446924666121,10.6309014859716,11.00676244116,-31.8743484939649,-3.46404528299672,-5.55477007799785
-2.00454123496206,24.9104448343638,19.8858146356856,88.7122983310702,50.0689659771816,10.4545164538135,11.1267875248501,-31.9118798163102,-3.37018772128893,-5.62196512495915
-1.88470595373889,24.6785551087381,20.0663792507933,88.7521486096729,50.3827547914188,10.2647335969892,11.2317393695563,-31.9492713646952,-3.28387217113647,-5.68675715634627
-1.74899710504232,24.4652873724959,20.2320189024325,88.8011548753065,50.670692408953,10.0634315300615,11.3202476537392,-31.9857695355593,-3.20624833575644,-5.74900117383112
-1.6022869848677,24.2726148210531,20.3799556833687,88.8500348843989,50.9197302305961,9.85377662861769,11.3912404382191,-32.020760551753,-3.1379949740524,-5.80827245740779
-1.45045205311727,24.1021232846875,20.5079747137106,88.8916957413623,51.1210858948256,9.6401840360594,11.4440814346172,-32.0537183966485,-3.07935411939083,-5.86389403784158
-1.29982326353953,23.9548175100191,20.614830879307,88.9218256020939,51.2713100812821,9.42814953314211,11.4789179398406,-32.0841833004779,-3.03019589483369,-5.91504457343816
-1.15650019820258,23.8309375734107,20.7004814900658,88.9389079067006,51.3722442707101,9.22381376833867,11.4969569277839,-32.1117614925699,-2.99008057828686,-5.96091185392262
-1.02564445034484,23.7298233897572,20.766114255014,88.9437457955871,51.4300060393524,9.03323487450757,11.5005225164792,-32.1361470880085,-2.95830291940676,-6.00085958512012
-0.910887585175654,23.6498667847832,20.8139838693684,88.9386815193942,51.4533751812847,8.86147741377043,11.4928318897333,-32.1571593711341,-2.93392355256217,-6.03456880060506
-0.814548876206245,23.5891799353426,20.8465644179435,88.9265293454692,51.4513328929073,8.71270893026325,11.4773170021036,-32.1747360919923,-2.91602916729836,-6.0619963337673
-0.735684704892072,23.5435684484509,20.8682924086761,88.9107795312885,51.4346095752769,8.58633998806676,11.4580379301181,-32.18906690508,-2.90293910423024,-6.08375675065124
