-6.01520531058303,28.2637825071497,4.22322839169167,88.2540908576059,51.5012678285238,21.6262465456502,18.2775441995392,-25.9575568757298,-3.80940056677955,-1.5149653452741
-5.25992387772363,27.8256977004523,3.87812679144209,88.7307496084863,50.7451466025575,21.9329530420612,18.4291542293583,-25.9574308905577,-3.80413535689376,-1.65835975592919
-4.47574584950553,27.3780646513961,3.50138852140462,89.179663113241,49.9705416574209,22.3178911474178,18.3968584415642,-25.9612038512008,-3.78971427154591,-1.80925267676227
-3.66238290541194,26.9190973300195,3.1046425011455,89.5989691528393,49.1819492113841,22.715994866583,18.2761984819434,-25.9688904790628,-3.76371890287107,-1.96050992941321
-2.81821599531853,26.4473006832698,2.69139006804674,89.9812242552651,48.3798102496863,23.1123850723505,18.0993795417339,-25.9812387801297,-3.72525376076838,-2.10882845123395
-1.94416076892627,25.9627417253652,2.26371197220087,90.3216642909252,47.5683991112771,23.499035699735,17.8848634294653,-25.9985351322973,-3.67387858347055,-2.25114150209791
-1.04112038532961,25.46547499035,1.82321562065464,90.6168076830824,46.7532411492684,23.8689849093514,17.6489485022934,-26.020800660313,-3.609482822893,-2.38430284075468
-0.109073200693857,24.9540198307181,1.35014542906918,90.8606062312169,45.9001261242082,24.3072988136027,17.2779835725597,-26.0487186378433,-3.53297179367968,-2.50973250135879
0.845059529349871,24.4336372813908,0.886527976420401,91.0592807751971,45.0966946895902,24.6321167427418,17.0198317809138,-26.0795467645051,-3.4434113845226,-2.61572865373292
1.82045350646944,23.9037285273555,0.41456279138354,91.2075520866367,44.3142198092145,24.9193974969182,16.7623698873792,-26.1131996952111,-3.34264330938697,-2.70482404440857
2.81341960955643,23.3661671591848,-0.0641502017099455,91.3043541556945,43.5617490607493,25.1624940223558,16.501513611271,-26.1483578241942,-3.23196005023939,-2.77556028376842
3.82013389702329,22.8231201403178,-0.547880956265382,91.3487413380969,42.845529917885,25.3525242505624,16.2354181072134,-26.1837126716406,-3.11269661846596,-2.82702525531264
4.83649286806987,22.2772853927089,-1.03490953326922,91.3400718815805,42.1681294470662,25.4811484466489,15.9627148658943,-26.2182579546195,-2.98596360190922,-2.85865154554168
5.85808132536091,21.7320138252546,-1.52357315732692,91.2782063649477,41.5280109991133,25.5424701449213,15.6833311157681,-26.2513866729983,-2.85263042294638,-2.87007689375456
6.88024547991308,21.1911757496923,-2.01224033627566,91.1636465054834,40.9199834174487,25.534667071562,15.3990357618112,-26.2827822391939,-2.71346270051701,-2.86103659561074
7.89827148613922,20.6588740558044,-2.4993098907839,90.997664967807,40.3358705807181,25.4605759900668,15.1135018340241,-26.3122790082811,-2.56919830132448,-2.83132317770427
8.907649361406,20.1391757930717,-2.98330681950851,90.7824317555588,39.7653365029072,25.3272893955854,14.8317464707406,-26.3397968286853,-2.42053418400167,-2.78088268192764
9.90434730266536,19.6358783599583,-3.46293247614167,90.5210472521514,39.197564738095,25.1451971280686,14.5590756066102,-26.3653318771349,-2.26811109133025,-2.70999141663253
10.8849908351133,19.1522369303869,-3.93689722554422,90.2174362601655,38.6238733213001,24.9263400956246,14.2999577638335,-26.388961231588,-2.11256813824323,-2.61937799764875
11.8469444892131,18.6906308707003,-4.40361776203934,89.876086171178,38.0403297045939,24.6819484119644,14.0572767471318,-26.4108168482931,-1.95470824508592,-2.51027683904784
12.7883971729856,18.2522477149528,-4.86103286547206,89.5015844354585,37.4492931305623,24.4199640900887,13.8321475344468,-26.4310343173011,-1.79572145034226,-2.38451717214297
13.7084498449614,17.8369348770856,-5.30665520702554,89.0980150983457,36.8592939103897,24.1436114132652,13.6241758589639,-26.4497219697054,-1.63729048771299,-2.24461797896641
14.6070682870863,17.4433307274941,-5.73779981020886,88.6684206825428,36.2833023950534,23.851395230878,13.4319796207657,-26.466948225331,-1.48146105537344,-2.09372186791386
15.4848454779342,17.0691763084355,-6.15187951932733,88.2144917771476,35.7358784650978,23.5382404859663,13.2540047757716,-26.482705071195,-1.33037656235909,-1.93533842160289
16.3426728805306,16.7116146552623,-6.54668575241555,87.7365000704655,35.2298004901091,23.1973863135573,13.089578433162,-26.4968398533906,-1.18602257407693,-1.77303629198599
17.1814429770058,16.3674701195596,-6.92067734542967,87.2334354462492,34.7729311596578,22.8228677205911,12.9397099804435,-26.508996623374,-1.05000072848425,-1.61020180022813
18.0018145598972,16.0335715162729,-7.27328018671334,86.703340865941,34.3662156086211,22.4121641114627,12.8072636468567,-26.5186217338489,-0.923344519204725,-1.44986206510678
18.8040453794304,15.707045822986,-7.60504687001714,86.1438564866627,34.0033651504161,21.9682419597275,12.6965572794522,-26.525158639501,-0.806489463664724,-1.29452027368884
19.5879537384192,15.3855031912851,-7.9175508953362,85.5529658093295,33.672065385726,21.5004011703002,12.6125034450684,-26.5285516497209,-0.699450843729753,-1.14600966162941
20.3529608790364,15.067159109552,-8.21300036593376,84.9299048393324,33.3561460415015,21.0235784786731,12.5594482186064,-26.5298177821736,-0.602028755165411,-1.00537769833742
21.0979971523884,14.7509472300999,-8.49358555624356,84.276064501677,33.0384923407286,20.5562055496509,12.5400532727919,-26.5311011725973,-0.513817512115195,-0.87276628580007
21.8211921924554,14.4366046301848,-8.76071351826714,83.5955963465832,32.7045338059082,20.117352412667,12.5545726227356,-26.5349148594066,-0.434039990707276,-0.74730696080681
22.5196518371338,14.1246645200863,-9.01447210022497,82.8955566180057,32.3453014600967,19.7238138788598,12.6007141207439,-26.5431242569419,-0.361462397243953,-0.627175898841435
23.1897097971246,13.8162934190035,-9.25358746274635,82.1856119248189,31.958875678211,19.3874697607427,12.6741223519637,-26.5565714011593,-0.294585236629481,-0.50994482982812
23.8274923617167,13.5130739916128,-9.47578752498385,81.4774001049144,31.5499597455537,19.1135471301506,12.7693390315492,-26.5753133310962,-0.231917267088874,-0.393049840855288
24.4292854710881,13.2169239185443,-9.67829408482352,80.7836740337255,31.1279515941077,18.9007296409635,12.8808693654401,-26.5987227552639,-0.171998383375817,-0.274042672245521
24.9918128741483,12.9300189706133,-9.85847319749296,80.1172523382576,30.7041354051424,18.7433837183832,13.0039616079481,-26.6255058671666,-0.113336217257027,-0.150771278666951
25.5128930941666,12.6544068973197,-10.0148521305161,79.4897425119115,30.2887620975706,18.6347324897043,13.1349656371241,-26.6542456297947,-0.054666958359604,-0.0218795096342112
25.9921176469971,12.3915089457722,-10.1480820551237,78.9103628732767,29.8888226875475,18.5691763968843,13.2712345554304,-26.6841031111777,0.00467528445490179,0.112681518055428
26.4308838360917,12.1419620201802,-10.2610516149172,78.3853080758657,29.5074919071481,18.5427586409852,13.4105603780093,-26.7149063350505,0.0647641743927248,0.251707895971101
26.8319857444783,11.9057226978951,-10.3581511536842,77.9175866283594,29.1455067068594,18.552037549427,13.5504461459514,-26.7468313090103,0.125330263722028,0.393195318763705
27.1992339391849,11.6821637321009,-10.4443666883277,77.5070791278488,28.8030796610793,18.5924876753156,13.687680211255,-26.7802231614289,0.185894632814072,0.534736165831701
27.5371088597959,11.470191980125,-10.5246316665124,77.1508194523885,28.4808129581673,18.6575440176945,13.8184665563951,-26.8155847290591,0.245768913622039,0.673788415863369
27.850317114979,11.2684700047841,-10.603417230856,76.843521954974,28.1796292246562,18.7387590691302,13.9390200633496,-26.8534593080783,0.304117531780438,0.807958075821584
28.1432195214011,11.0757408539175,-10.6843732398266,76.5783022441404,27.900502938752,18.8270639867508,14.0462020002383,-26.8940042927322,0.360234081770883,0.93539752042145
28.419337153108,10.8911055022938,-10.7700587404464,76.3474554140032,27.6442089227462,18.9147557127002,14.1378098028061,-26.9365419779692,0.41383893809764,1.05513798799896
28.6812964520312,10.7139896773778,-10.8620433628855,76.1430675933316,27.4108980541623,18.9972883530825,14.2126203293646,-26.9796517689744,0.465023078698278,1.16703323826744
28.9311541692502,10.5438381444367,-10.9613095585804,75.9574427775197,27.1996779271655,19.0738996240406,14.2704936743841,-27.0217573111135,0.513878547013523,1.27139163519614
29.1706646915104,10.3798811347616,-11.0685245379694,75.7835358889687,27.0085823692575,19.1467480551995,14.3125379727595,-27.0616626196119,0.560184351698859,1.36866613456491
29.4013836242906,10.2210937209314,-11.1840759616223,75.6153744612083,26.8348478767949,19.2189744296452,14.3412357435865,-27.0988956812123,0.603273127435851,1.4592796081202
29.624747986134,10.0662337216735,-11.3080369990896,75.4483088037488,26.6750432327153,19.2926600324764,14.3604901993095,-27.1339659426162,0.64204760400502,1.54347930022527
29.8419996041254,9.91401326672224,-11.4400416110612,75.2791540726539,26.5249136284282,19.3676856834675,14.375275734248,-27.168260783329,0.675265411739249,1.62134508175818
30.053910767331,9.76343956938792,-11.5791506579203,75.1063124981256,26.3792745104109,19.4417992960821,14.3906750256516,-27.2034661478173,0.702027795366021,1.69300524216168
30.2606511355659,9.61406750839253,-11.7240068301809,74.9297590317447,26.2323831255842,19.5115340613359,14.4107163099234,-27.2409914036923,0.72211034706634,1.75882901788323
30.4619361915277,9.46597500755339,-11.8732299688851,74.7508259122775,26.0790583398512,19.5735121675217,14.4375641158797,-27.2817121885095,0.735989388633839,1.81951024520268
30.6572402911879,9.31956689482128,-12.0256722612266,74.5718704057741,25.9164066436122,19.6256135327902,14.4713307890966,-27.3258765898762,0.74472546388736,1.87612885325385
30.8459708650045,9.1753515024681,-12.1804647403512,74.3958677861745,25.7452607821783,19.6674260354216,14.5106004339482,-27.3731033671382,0.749801675531049,1.93011908984248
31.0277009627358,9.03372942493383,-12.3371610770435,74.2259221870152,25.5702121077856,19.6998949126057,14.5534538413243,-27.4226070763959,0.752884262047331,1.98302799697295
31.2024247549922,8.8948456359719,-12.4960326240269,74.0647844416792,25.3982307073209,19.7247149806591,14.5984707052781,-27.4735657684391,0.755546276605231,2.03617637574963
31.3706388891958,8.75855567230994,-12.6581554184202,73.9145156786404,25.2369082394717,19.74405443513,14.6452684516055,-27.5253230785358,0.759076063415285,2.09044845916713
31.5332054530376,8.62445083596809,-12.8251049767624,73.7763281388287,25.0928522221065,19.7609499235927,14.6944336701333,-27.577370149004,0.76440605842365,2.1462656671628
31.6911150246993,8.49190577323528,-12.998447959152,73.6505630528004,24.9700801827916,19.7803146992168,14.7470019905355,-27.6292823120643,0.772124528399227,2.20368565295963
31.8452355588852,8.36017745657317,-13.1792308833695,73.5367627814156,24.868655770475,19.8099531984448,14.8038855320857,-27.6806651212805,0.782534517641594,2.26259976877226
31.9960975825972,8.2285030706414,-13.3675104439125,73.4337759404126,24.7842666298943,19.860874787698,14.8655926884288,-27.7310820256147,0.7957069193757,2.32294892675296
32.1437597680007,8.09611773073416,-13.5618939612181,73.3398642757184,24.7091826247402,19.946630602028,14.9323059423574,-27.7800110608095,0.811491207389266,2.38484661066667
32.2877803278457,7.96221195664571,-13.7591271513726,73.2528349436888,24.6343046967717,20.081763620627,15.0041572356389,-27.8269128112572,0.82948217837103,2.44857264923785
32.4272915238786,7.82589701710484,-13.9539380679642,73.1702242621628,24.5511493483226,20.2796453317026,15.0814057582702,-27.8714016063291,0.848968361108643,2.51445298125139
32.5611041570148,7.68626310790906,-14.1393562547425,73.0895762957371,24.452532777919,20.5500353992637,15.1642413852078,-27.9133918505367,0.868949271911537,2.58270945804444
32.6877791611908,7.54260256482776,-14.3074482069709,73.0088504740729,24.3322761324298,20.8965869475611,15.2520972783531,-27.9531248709131,0.888293872754567,2.65338228347301
32.8057340857661,7.39475605790138,-14.4502196585008,72.9268579343709,24.1855488828904,21.3144552426661,15.3426621169909,-27.9911175971132,0.906002599070905,2.72633628773639
32.9134481808928,7.24346376380997,-14.5606125623669,72.8435772601831,24.0101846409473,21.788650539051,15.4314155493659,-28.0280293368446,0.921481848839782,2.8013319192148
33.0097431928554,7.09058154628043,-14.6337269189374,72.7602990127845,23.807492119807,22.2948795457068,15.5127840156133,-28.0644061708279,0.934701097985903,2.87809158339151
33.0941032564766,6.93903145278842,-14.668187666929,72.6795377419567,23.5815209546654,22.8045555830699,15.5827923733998,-28.1004664642183,0.946111814216835,2.9562277102599
33.1669053488054,6.79249724928119,-14.6671279330876,72.604605118739,23.3372568599765,23.2928154344681,15.6413653255732,-28.1361118544164,0.956365775849368,3.03506252004179
33.2293962203203,6.65496771479124,-14.638194127966,72.5389100511114,23.0788648101781,23.7452982139241,15.6925969734608,-28.1711177521636,0.965952689558507,3.11354332335115
33.2850552076037,6.53059545383423,-14.5803997835893,72.4786011741393,22.8570405240593,24.1317627040498,15.7677608370352,-28.2052006066565,0.974589380582291,3.18970230048598
33.3327116908849,6.42154670576887,-14.5302924287919,72.4391190270484,22.5759698001606,24.5173341432628,15.8241821826068,-28.23900985745,0.982057787210911,3.26352976128827
33.3759119351818,6.33010610907284,-14.4876096508918,72.4151358922357,22.2829736846415,24.8873228508482,15.8896318437113,-28.2730931554361,0.986589783665515,3.33332824956455
33.4164831545925,6.25665798949443,-14.4597997330888,72.4065390266842,21.9826295373481,25.2513761829953,15.9693651422975,-28.308733739477,0.986158159775978,3.39848273702558
33.4556314234804,6.20016272896732,-14.4508000750039,72.4132024772285,21.6782077663271,25.6178502300795,16.0637747750846,-28.3475262975402,0.978646737880328,3.45905953789557
33.4939381452164,6.15849605881813,-14.4595370197426,72.4347305598628,21.3750497598478,25.988827583275,16.171474623307,-28.3910510979038,0.962281856976863,3.51592471531975
33.531262771603,6.12904133839935,-14.4799852074411,72.470658469522,21.0806146970386,26.3582138623975,16.2907402503563,-28.4404567947192,0.936065356207864,3.57080765454091
33.5666137688506,6.10939962027148,-14.50209037108,72.5207778899078,20.8035375708578,26.7118216381784,16.4201868465921,-28.4960171678321,0.900123420232571,3.62629385434548
33.5980417900614,6.0980645405064,-14.5133914585814,72.5855321864805,20.5522191908548,27.0299591769613,16.5586002511282,-28.5567656857757,0.855943389832428,3.68574332388228
33.6227236835915,6.09483922885491,-14.5011022605039,72.6663676029256,20.3336467412344,27.2919393268483,16.7040737906649,-28.6204413685767,0.806386880628188,3.7530492131912
33.6373791421393,6.10076518976469,-14.4542570205132,72.7658635708516,20.1527934889574,27.4806932001729,16.8529475054207,-28.6839235902506,0.755352141832379,3.83211645025392
33.6521959187019,6.10695419347783,-14.3971356859618,72.8831620468735,19.8822625724146,27.5760414176075,17.0725730066954,-28.7532028776193,0.707005334075798,3.91729123188772
33.640964738705,6.13516708414365,-14.2554406265852,73.0247121736288,19.8417099745108,27.5997570913844,17.2065004534186,-28.8074678128622,0.66627491087234,4.02532179489604
33.6127858816617,6.17637084322995,-14.0785762014881,73.2012811303399,19.7982590293492,27.5505334724607,17.3215324813914,-28.8540109872833,0.635693464899981,4.15048932497849
33.5691822390583,6.23039962922054,-13.8602509836081,73.4113613186816,19.7988120051319,27.4277213108591,17.408515473462,-28.8922194866569,0.61666502136081,4.2904073159408
33.5132671442231,6.29457377236578,-13.6108378758269,73.6581634149511,19.8215438702217,27.2391584084434,17.4678882514043,-28.9239286061081,0.608895599672428,4.44103445371485
33.4496262055063,6.36560970441662,-13.3377973479223,73.9413494544433,19.864950674576,26.9952733996748,17.498861351903,-28.951796031705,0.610933630127117,4.59751615354557
33.3833963471313,6.43995246765398,-13.0499040571261,74.258944228945,19.9219199727279,26.7079977094728,17.5046555367213,-28.9780689389112,0.620977362710826,4.75490404545467
33.3200247727303,6.51414406678385,-12.7553121810715,74.6068016102878,19.9861751005363,26.389999681755,17.4913970175311,-29.0044662250056,0.636897176093928,4.90868338496815
33.2653007396062,6.58483024651311,-12.4618037451641,74.9790787403322,20.0504956049797,26.0538147884994,17.4673327463486,-29.0326525767603,0.656049345962933,5.05491890499467
33.2248004588472,6.64932205057332,-12.1760265791132,75.3690775881845,20.1076326491966,25.7111383246287,17.4410482700741,-29.0638903943476,0.675798604157862,5.19079200084076
33.2029603603046,6.70636100647146,-11.9025111986242,75.7703442240241,20.1509290793886,25.3726427869796,17.4197726960485,-29.0981002312181,0.694391297216921,5.31532138734318
33.2027080537302,6.75633069929009,-11.6431212392543,76.1773020664025,20.1753229276213,25.048023636824,17.4081336598437,-29.13356270125,0.711285132874867,5.42956158974789
33.2259938600754,6.80070663707894,-11.3973797652043,76.5852027185347,20.1782545009674,24.7459591874141,17.4076092418849,-29.1677234340476,0.726701482365882,5.53603458382772
33.2748911622643,6.841013078797,-11.1634692999133,76.9895467706331,20.1601760319641,24.4738400698621,17.4168089794172,-29.1986675216998,0.740709078486906,5.6376285759716
33.3525216025977,6.87783855160222,-10.9392907607245,77.3853905863159,20.1242455987808,24.2371353655237,17.4326225511392,-29.2262805823103,0.752464700282986,5.73651853652741
33.4630600722475,6.91058227341225,-10.7228376722072,77.7670660604314,20.0753699378455,24.0385454082136,17.4517675537473,-29.2521378938099,0.760290597222398,5.83378071610576
33.6108541366899,6.93802879009576,-10.5118049598667,78.1284747070416,20.0192360882275,23.8774904832344,17.4719602473934,-29.278239934241,0.762580507625522,5.92980830713355
33.7994967758277,6.95906287214635,-10.3031744204068,78.4635369059431,19.9616389433969,23.7502760557913,17.492379401019,-29.3057915004006,0.758706495379454,6.024919707094
34.0313833322958,6.97299169979429,-10.093260517299,78.7663831466652,19.9081383146222,23.6507628013716,17.5135837763372,-29.3347331019841,0.74936664058213,6.11972190984092
34.273953341788,6.99545039270328,-9.84906619314942,79.0545268485835,19.9819292543353,23.5220000384016,17.1250289792731,-29.3538304087942,0.735601771174136,6.22548711734518
34.5921110939161,6.99530644141649,-9.62618308909195,79.2778947603652,19.9473484835053,23.4488478686937,17.0941655512969,-29.3808326347523,0.721938276697391,6.32313796677943
34.9544054417598,6.98709212478438,-9.39193825981657,79.4520346442351,19.9191103998095,23.3699337739835,17.0916503931749,-29.4032205866387,0.711717543765489,6.42571508896218
35.3587768438297,6.97166972829949,-9.14234874872273,79.571619852393,19.9055224120944,23.2823186965574,17.1021197331963,-29.4182541738898,0.70899174596781,6.53707957488501
35.8032265137929,6.94938953753063,-8.87504534744068,79.631680427476,19.9089854480752,23.1816394091705,17.1254853859709,-29.4238303721569,0.717542716953194,6.66133638002242
36.2853952824748,6.92069679896433,-8.58859260845081,79.6280288016014,19.9296401521199,23.0668328188918,17.1613472329285,-29.4185361534147,0.74013722916378,6.80215117065948
36.8027878517085,6.88632667150356,-8.28250189472054,79.5575695284416,19.9652805584173,22.9415266418217,17.2077446282898,-29.4021150657195,0.777793857514986,6.96133922889774
37.3531620265403,6.84745393671893,-7.95713402262323,79.4183913159016,20.0117251079127,22.8136104227326,17.2613302312399,-29.3760442441653,0.829307589081908,7.13776756770706
37.9346896249478,6.80566676155187,-7.61333362285006,79.2095868607954,20.0642602638394,22.6930883427732,17.318166366699,-29.3433014311286,0.891708843435137,7.32789754381759
38.5457941781963,6.76270393450247,-7.25183706274646,78.9309106918883,20.1192940884465,22.5891888008162,17.375216299826,-29.3073130806723,0.961485344258418,7.52772090774441
39.1850125100147,6.7200682794809,-6.87279216966181,78.5824549918806,20.1749177419105,22.5079896172269,17.4319190197569,-29.271218449975,1.03545409577607,7.73421359377832
39.8509771088092,6.67877763834423,-6.47558232927225,78.1645245203901,20.2304808457505,22.4512477929212,17.490621177561,-29.237840053364,1.1108978898451,7.94556399938333
40.5422564440438,6.63947925771548,-6.05880465862868,77.6778208744287,20.2860578117143,22.4165123347998,17.5555801867375,-29.2097495948482,1.18552333708896,8.16098421332509
41.2569673479611,6.60292759239699,-5.6202353564844,77.1238684793041,20.3419763135341,22.3982045510006,17.631428139471,-29.1890207416004,1.25761994494586,8.38070274408718
41.9924031075662,6.57056442739306,-5.15681966623585,76.5054288241908,20.3983311216491,22.3892107693246,17.721993186171,-29.1768388785023,1.32631421079261,8.60604965413454
42.7449031317696,6.54493954478266,-4.66480542972112,75.8266683000972,20.4546697116476,22.3824856833948,17.8298129847991,-29.1733010467447,1.39168376852195,8.83936716122679
43.5084442708927,6.53311405719345,-4.12872217133385,75.0889222357785,20.5119864449549,22.3382429482415,17.8473711008568,-29.1774222640711,1.45240638827214,9.08502130608693
44.2810752178118,6.53383944332422,-3.56555298078249,74.306031856419,20.5680104323296,22.3158318546001,17.992175195338,-29.1875882372834,1.51428220356289,9.34341607804806
45.0561172905128,6.55568223738128,-2.96171347756725,73.4813730751652,20.622122284826,22.284042763477,18.1565338592973,-29.2014388356263,1.57700049875324,9.61850810000561
45.828709899223,6.60410189233497,-2.3145060099671,72.6218512080558,20.6734253394982,22.2409673511648,18.3386731038646,-29.2165243660619,1.64233003628353,9.91193986158578
46.5946698225789,6.68377792538402,-1.6219984466505,71.7340018398761,20.7241087507731,22.1852397777917,18.5370979948472,-29.2305801616643,1.71181477404037,10.22411504826
47.3507546590032,6.79803099075869,-0.883394309106968,70.8237198564418,20.7782542615667,22.1155028771977,18.7497883263631,-29.2418848303645,1.78644300043186,10.5540258952539
48.094921438051,6.94840712133658,-0.0992934244009508,69.8958978440745,20.8412048894782,22.0305756646303,18.9743341362093,-29.2497099159024,1.86639567890245,10.8992194136173
48.8265754398079,7.13440655646589,0.727979321348685,68.9540927539656,20.9185260253082,21.9296469328533,19.2081086386782,-29.2548453444017,1.9508660225819,11.2558670229759
49.5465493936073,7.35361430472696,1.59434977033868,68.0004631002254,21.015096824458,21.8121793770348,19.4482860335602,-29.2597761698367,2.03808969528426,11.6191027575808
50.2563173604123,7.60267661905609,2.49485403765209,67.0363300692493,21.134644783956,21.6776902895449,19.6917581698974,-29.267738889557,2.12596115825462,11.9839507104939
50.9566794212935,7.87874841836052,3.42503187899459,66.0631774649674,21.2795401897842,21.5260183513942,19.9351093060019,-29.2809756564356,2.21305508266991,12.3465597895285
51.64691911903,8.18032301963815,4.38171989198756,65.083354566933,21.450583256655,21.3578961991795,20.1748917293395,-29.299683510278,2.29917453104889,12.7048752001469
52.3248352112847,8.50709089389775,5.36292806998301,64.1001456198776,21.646842726989,21.1751357832093,20.4083064492314,-29.3222217211488,2.38505146509795,13.0584467155015
52.9872634153913,8.85934706190758,6.36733583535062,63.1174384969924,21.865790267953,20.9806252239354,20.6337965889344,-29.3458915836729,2.47166824079996,13.4078264591289
53.6308068981111,9.23734310915247,7.39378013909924,62.1392203537768,22.1038870397992,20.7785694241213,20.8510291553733,-29.3678454803221,2.55964760179262,13.753910926705
54.2526126990615,9.6407547192701,8.4409252721049,61.1690498531927,22.3574170936328,20.5742954382869,21.0605207518216,-29.3859951264219,2.64886524842674,14.097339610463
54.8508368655544,10.0685733085321,9.50731905730399,60.2096897062902,22.6231908403444,20.3729036113777,21.263327356457,-29.3994788947026,2.73846900200923,14.4381790529776
55.4245896756614,10.5195381710641,10.5918142671275,59.2629661304736,22.8990163407291,20.1776504454325,21.4607781057766,-29.4083694426247,2.82739181810106,14.7760560212705
55.9736878176227,10.9926528788291,11.693941773626,58.3297157147109,23.1838964110879,19.9893510525837,21.6541053892575,-29.4130817075522,2.9149963631801,15.1104606614362
56.4987784657701,11.4871681864343,12.8136733650321,57.4096553508842,23.4778287513621,19.8066781944612,21.8440574809978,-29.4143980061959,3.00124383096477,15.4407445315273
57.0018042464531,12.0020670379993,13.9506336833462,56.5013396209858,23.7812786269659,19.6267424890001,22.0309505283589,-29.4142177153349,3.0862805664945,15.7658344810135
57.4859754714654,12.5358558587685,15.1036476373555,55.6026178381977,24.0945878426407,19.4461151896788,22.214954200565,-29.4158062702183,3.17009091583138,16.0842459723214
57.9548338425282,13.0870781979943,16.2711115685502,54.7115681908293,24.4175881784249,19.2623629167853,22.3955852896131,-29.4227631550452,3.25266159149306,16.3946510703037
58.4111642573037,13.6548815266975,17.4516161338691,53.8273694796654,24.7494631603757,19.0751640363705,22.5707661077675,-29.4377464873234,3.3342280294932,16.6964995417634
58.8565323378922,14.2389471124764,18.6441707761034,52.950731936806,25.088766696243,18.8862093820742,22.7368356972246,-29.4621007515511,3.4151684061498,16.9901836289802
59.2913245871614,14.8389427833523,19.8480003734791,52.0839268012141,25.4337158888004,18.698215394285,22.8896585285669,-29.4961019251466,3.49579443441721,17.2767836077974
59.7148846249071,15.4540127584072,21.0621875388036,51.2306002634772,25.7827363791906,18.5137568962156,23.0261446443718,-29.5391623424397,3.57633263816978,17.5576803445333
60.1256636779181,16.0825827267571,22.2853509923311,50.3954386516204,26.1345376865055,18.334569686714,23.1455066551796,-29.589953338907,3.65698336427806,17.83423387397
60.5214296901134,16.7225074200214,23.5154883698439,49.5836752306395,26.4873704909554,18.1616753409578,23.2495799137342,-29.6466014044502,3.73789696020005,18.1076416121626
60.8994714503324,17.3715391398436,24.750221051475,48.8005455537259,26.8387155520207,17.9958252327307,23.3420422704306,-29.7069124438781,3.81912221150681,18.3790239195337
61.2568718607419,18.0280260308733,25.9875103130723,48.0507426355855,27.1863624711774,17.8374150149184,23.4272169094912,-29.7686706775743,3.90062359799535,18.6495731717977
61.5911431998228,18.691513440783,27.2263837591593,47.3377382937702,27.5296879690002,17.685696132553,23.5094389096262,-29.8303534138484,3.98220878888314,18.9204766791353
61.9010673340844,19.362811209273,28.4669876027758,46.6630692321382,27.8696745405178,17.5380304561643,23.5931833239707,-29.8919050093568,4.06328520661335,19.1925590171338
62.1870938653911,20.0432629654507,29.7096835930513,46.0260319960449,28.2079430167822,17.3900264920961,23.6831662745429,-29.9545450300719,4.14272355214211,19.4658372021226
62.4510573409242,20.7335080920173,30.9536201957266,45.4240761401386,28.5458840871219,17.2366682549266,23.7834966946404,-30.0197071665846,4.21905686499832,19.7392171985956
62.695427617129,21.4327030204121,32.1957352814054,44.8537138723503,28.884185500129,17.0740232421228,23.8958805573878,-30.0879989494455,4.29111114637841,20.0105792600176
62.9224090278915,22.1388420246831,33.4310030078021,44.3114323539053,29.2225136047948,16.900757355567,24.0183055233677,-30.1585719026788,4.35874433688009,20.2773499697472
63.1333180224969,22.849605179884,34.6537049893681,43.7942698024336,29.5594330186537,16.7184066705664,24.1454255338491,-30.2290436346651,4.42299806402519,20.5372347623777
63.3284389751389,23.5628198009066,35.8586862532967,43.3001618035138,29.8928097784731,16.5302049148942,24.2699837696975,-30.2959377630961,4.48563608381057,20.7886603941924
63.5072172486562,24.2763047506364,37.0418943498104,42.8281792669981,30.2205639181149,16.3396384562276,24.3842067520921,-30.355388817969,4.54855389249936,21.0308224195583
63.6686834297328,24.9873065647943,38.2000938962664,42.3785002188148,30.5411571015618,16.1497506884663,24.4812433912558,-30.4039392760051,4.61320929775394,21.2634671459088
63.8130614216956,25.6892847847911,39.3040595877042,41.9541809635258,30.7938973711155,15.9832942007399,24.5908682505904,-30.4399738404215,4.68107246407441,21.4850671817848
63.9374707394194,26.3845162607293,40.4288883980757,41.5489555204549,31.1596522374043,15.7826910663107,24.610946042038,-30.460594776195,4.74846034406118,21.6999134035994
64.0472888351382,27.0563424907296,41.4677870147382,41.1713386685046,31.4018475610079,15.6275048393949,24.6800085217118,-30.4699299354048,4.81721465733098,21.9017419918267
64.1413702272656,27.7052253205869,42.4916769060171,40.8146230437577,31.695184326446,15.4659310987918,24.7043083079427,-30.467920666585,4.88199075704831,22.094332767908
64.2234837341421,28.3221590246854,43.4748638136515,40.4794088887861,31.9909242398907,15.3171487070107,24.7206692265314,-30.4590425676624,4.94068671446359,22.2757031334457
64.2961146863021,28.9010521967823,44.4132995495211,40.1648675482711,32.2876334592545,15.1855372468054,24.7334714541083,-30.4472860639785,4.99052046713462,22.4453949084265
64.3611665159016,29.4368860678474,45.3046116251313,39.8701671967991,32.584638967686,15.0736910085468,24.7440449847994,-30.4361271997364,5.02938009536417,22.6033373358709
64.4197246592068,29.9263088533094,46.1469047591696,39.5944290945606,32.8780601303226,14.9827338334453,24.7522409154707,-30.4279443204696,5.05627762386544,22.749983740542
64.4722273437557,30.3681538091532,46.9388195662099,39.336331937965,33.1604400914285,14.9126360816584,24.7572742199343,-30.4238723071912,5.07149928807318,22.8863158798131
64.5188087006604,30.7633758697887,47.6796987663127,39.0938794711931,33.4223298943014,14.8624276310415,24.7582090530927,-30.4240098059041,5.0763363368419,23.0136646149943
64.5595693977085,31.1144718047132,48.3698838422142,38.8645787821273,33.6555396941765,14.8298623958857,24.7541633468189,-30.4277834594184,5.07253437784761,23.1334102280922
64.6083174272333,31.4276769587512,49.0879460273698,38.6273030470513,34.0809241522149,14.8376996826623,24.8517526068429,-30.4336771051127,5.05630032918826,23.2498332758925
64.6376836704275,31.6991893369646,49.6654908367464,38.4191539985025,34.2017582529468,14.8333761806591,24.843863835157,-30.4417907739183,5.04025117803586,23.356990492087
64.6613163525367,31.9362118936818,50.2183103816308,38.217210791497,34.3530058146721,14.8283567231806,24.8131152569077,-30.4489074100017,5.01979252214896,23.4598312364835
64.6802456828246,32.1387894714911,50.7270031774965,38.022552462963,34.4757167145369,14.8218492265502,24.777313674934,-30.4542861013372,4.99625665386478,23.5571068349433
64.6957736980977,32.3076314835432,51.1988412873504,37.8344297022895,34.5926016290237,14.8088809566893,24.7401366471952,-30.4574798424464,4.97037078643532,23.6482840289585
64.7094145102275,32.442670477699,51.6346442175525,37.6528931020395,34.7045359400619,14.7862887378181,24.7048142739555,-30.4587939770597,4.94259565079439,23.7322301483127
64.723054825233,32.5441348335386,52.0374035678366,37.4776655864829,34.8152906069722,14.7533960995221,24.6735127039542,-30.4591671545169,4.91334470540824,23.8076937896817
64.7385404358461,32.6130803919325,52.4108571306279,37.3085004199926,34.92674748846,14.7114502208404,24.6474746747313,-30.4599441919513,4.88307641194797,23.8737745537095
64.7571950603602,32.6519401881813,52.7597645490744,37.1455094524857,35.0408000946668,14.6625754390434,24.6270911650621,-30.4625230102879,4.8524391918937,23.9304632489763
64.7794055654331,32.6648369715258,53.0892432988355,36.9893435607935,35.158872840435,14.6094730973491,24.6124808154409,-30.4678984514998,4.82240858749849,23.9788755332794
64.8044797606372,32.6574399211456,53.404048845969,36.8409806297302,35.2815718244878,14.5554326826442,24.6037964404975,-30.4762472633943,4.79430509194581,24.0210859779819
64.8308682881971,32.6363066815507,53.7080041286064,36.7013828441998,35.4087703492821,14.5038579851964,24.6009580683204,-30.4868761437332,4.76961776673576,24.0596764310723
64.8566420080126,32.6081117476423,54.0039007098503,36.5713275058899,35.5399858621574,14.4574342223841,24.6033264344716,-30.4986866653452,4.7496997390381,24.0972100779699
64.8799812637729,32.5790564511426,54.2936980969463,36.4513625965814,35.6743820419995,14.4175140420787,24.6097867148694,-30.5107901055529,4.73545847520927,24.1357533721782
64.8995099842209,32.5544003707492,54.5787122997871,36.3417417491558,35.8105768437329,14.3838840820132,24.6190813157841,-30.5228115678433,4.7271690927846,24.1765369242392
64.9144527713849,32.5381380981873,54.8598138878221,36.2423636537555,35.9466676024141,14.3549806944701,24.6300943260957,-30.5348495262649,4.72450274619297,24.2198850821695
64.9246502006279,32.5329687079924,55.1377308240784,36.1527927090873,36.0803772926282,14.3285911218578,24.6419536813174,-30.5473030428926,4.72673539231986,24.2654265314185
64.9304725996684,32.5405059313923,55.4133395573883,36.0724006179351,36.2092718535155,14.3026278437676,24.6539354836109,-30.5607042677083,4.73298004954677,24.3124191047044
64.9326890874192,32.561527965115,55.6877237918851,36.0005880897664,36.330953977206,14.2755702948924,24.6653741194781,-30.575610045947,4.74229352239691,24.3600059330435
64.9323447902655,32.5961304803342,55.961929915217,35.9370002001927,36.4429084766972,14.2467278988153,24.6757953874861,-30.5925519102976,4.75365937244899,24.4073506000193
64.9306499227127,32.6437684179085,56.2365544417769,35.8816889922235,36.5420232024644,14.2166410346171,24.6851541572727,-30.6119727977483,4.76599613457467,24.453691445235
64.9288292366107,32.7032536369287,56.5113843165584,35.8351849274821,36.6244263641053,14.1873276129459,24.6938802305916,-30.6340655835607,4.77830567967772,24.4983708706769
64.9279193211689,32.7728129442864,56.7853287450735,35.7983687971602,36.6863029630222,14.1616851848953,24.7026857925655,-30.6585426988233,4.78989887251102,24.5408838922462
64.9285951065081,32.8503460100989,57.0568323489702,35.7720062889909,36.7256739669452,14.1421476337317,24.712331157941,-30.6845497121818,4.80054200825547,24.5809447616534
64.9310583496948,32.9339070879399,57.3246303528909,35.7560058983627,36.7442161029891,14.1295542273508,24.7234101373596,-30.7108732899997,4.81043180452695,24.6185407779494
64.9349305853466,33.022186477077,57.5881672880049,35.7488370704983,36.7472365023904,14.1229149286171,24.7361113741215,-30.7362789795689,4.82002431244643,24.6539532792277
64.9392147606933,33.1147668288769,57.8472674991831,35.7476427250465,36.7412595304884,14.1199486249118,24.7500625484708,-30.7597915575584,4.82983533101944,24.6877451151669
64.9425209324918,33.2121361705281,58.1018445209462,35.7490267258356,36.7322769908298,14.1178658128401,24.7644318003499,-30.7809526669167,4.84029092074037,24.7206903642754
64.9435245771928,33.3154757088759,58.3523736994897,35.7497878445663,36.7266681026741,14.1138169562956,24.7783384844552,-30.7999515924131,4.85163255481783,24.7536162870138
64.9413141495319,33.4262391361356,58.6003741894669,35.7470059398446,36.7319123782763,14.1047227084055,24.7914266683067,-30.8173584422398,4.86394150608614,24.7872524954354
64.9354299631347,33.5457053313046,58.8480732472934,35.737776486628,36.7548358760387,14.0869835506571,24.8042276560832,-30.8336655212983,4.87727241008485,24.8222041200497
64.9257294843588,33.6747040977677,59.0976461441322,35.7192431262835,36.7995099221197,14.0567939512413,24.8179039320706,-30.8491576060901,4.8917134245279,24.858981029108
64.912240382112,33.8135336015108,59.3506888068143,35.6889822633125,36.866994863802,14.011170027274,24.8335002703178,-30.8640963724102,4.90732440583112,24.8979754672488
64.8950532604992,33.962019537009,59.6080626086826,35.6453392786302,36.9564132793602,13.9490402611948,24.8513281164437,-30.8788442752171,4.92409086651778,24.9394320864154
64.8742526506221,34.1196828342359,59.8700245347331,35.5875189257779,37.0661463301109,13.8715266180522,24.8708772810209,-30.8938255852394,4.94196331493804,24.983497791175
64.8498663975762,34.2859200787672,60.1364491689271,35.5154679967424,37.1945072766735,13.78143575142,24.8913439090798,-30.9094253716525,4.96091839845794,25.0303079695669
64.8218284686302,34.4600099225744,60.4067767267469,35.4297141280593,37.3396203097838,13.6825363627625,24.9125493576975,-30.9258901514314,4.9809599228237,25.0799909970259
64.7899544670374,34.64084896719,60.6795716429753,35.3314393107637,37.4988952678724,13.5788282442333,24.9355612303583,-30.9432705870481,5.00208700492565,25.1325776667319
64.7539400070568,34.8265828369917,60.9519926132532,35.2228395029646,37.6686992596115,13.4740438992431,24.9625461787227,-30.9614528501872,5.02430750032344,25.1878907603768
64.7134105549048,35.0143513835492,61.2193652104459,35.1075157839069,37.8442658919489,13.371378867163,24.9959518397908,-30.9802655893063,5.04768678110458,25.2454625759996
64.6680302898953,35.2002048229757,61.4749404751442,34.9907079275675,38.0197977693311,13.272982620682,25.0374237344121,-30.999603564366,5.07235809372242,25.3045098058672
64.6176474300946,35.379238382303,61.7101345708638,34.87933675549,38.1890007125753,13.1792857877299,25.087077640268,-31.0195879813807,5.09841774482486,25.3639727141899
64.5624559549709,35.545971829802,61.9153730394044,34.7817872320529,38.3459070915309,13.0887458664572,25.1434636991595,-31.0407925518823,5.1256973829757,25.4225796922974
64.5031775469246,35.6948262958422,62.0813836883748,34.7072527987066,38.4854909571188,12.9983562069981,25.2039455522134,-31.0643876911703,5.15354600815761,25.4789345948972
64.4412300158283,35.8206340081313,62.2008551572176,34.6644773171594,38.6040413241753,12.9047517547746,25.2650622208973,-31.0919912539111,5.18080188910598,25.5316606346588
64.3787221200559,35.9193452737876,62.2702016744129,34.6599470708342,38.699429890112,12.8052415683725,25.3226459964184,-31.1251278526115,5.20608402011131,25.5795810357837
64.3181244835838,35.9889228218007,62.2907400660944,34.6959566960443,38.7708403484426,12.6981122101201,25.3719546694522,-31.1644214033283,5.22835536038515,25.6218998296617
64.2616951367277,36.0299774767051,62.2684613765503,34.7694788888829,38.8179165248571,12.5823630986168,25.4083973722833,-31.2089906586631,5.24737253062866,25.6583624370174
64.210875787497,36.0456221953293,62.2122107595009,34.8728149276384,38.8409244721362,12.4579462565473,25.4286646567183,-31.2563885479315,5.26369557263578,25.6893279305973
64.1658363413864,36.0406013699355,62.131422985272,34.9958600454385,38.8428369722957,12.3266601695813,25.4314169048328,-31.3028958692011,5.27845649601398,25.7157223753658
64.1253904286075,36.0203865898457,62.0348646612264,35.1285763315219,38.8309233575721,12.1920946341606,25.4173648500936,-31.3441641649495,5.29309758539838,25.7389362875932
64.0875097655938,35.9906815746898,61.930428861304,35.2625037476193,38.8153585493312,12.0581173560639,25.3890681121264,-31.3765086694162,5.30889179559326,25.7606211254816
64.0502536017033,35.9570706657494,61.8251035533412,35.3911634569066,38.8058303887828,11.9274411708412,25.3504287429775,-31.3983427457492,5.32632338645133,25.7822997621153
64.0125502414431,35.9245044316296,61.7247522398534,35.5097583179029,38.8085218464456,11.8012443491459,25.305817938948,-31.4106682258973,5.34482813695768,25.8049455931257
63.9744989188798,35.8967549939906,61.6339679395209,35.6147053410993,38.8248810224413,11.6796352590305,25.2591749781845,-31.4163316591865,5.36310424094106,25.8287868315963
63.9372249683487,35.8760954191197,61.5561691947711,35.7034052874224,38.8524736440107,11.5626179690735,25.2135595606835,-31.4185716011964,5.37980614026518,25.8534022842496
63.902458290745,35.8632865865105,61.4937089782889,35.7742324581058,38.8869603610101,11.4509897646573,25.1712931586988,-31.4196880438542,5.39419100146873,25.8779693475972
63.8720681326099,35.8578335970371,61.4478106379645,35.8264900243199,38.9238681452123,11.3465838553793,25.1343589011829,-31.4206372594019,5.40622832983964,25.9015097834245
63.8476936552866,35.8584059426273,61.4185302070768,35.8603225208292,38.9597023310511,11.2518689193764,25.1045354692717,-31.421507325211,5.41624635244102,25.9231082683275
63.830464263193,35.8633006698931,61.4049292516323,35.8767585237548,38.9924521630042,11.1691665928782,25.0830171402984,-31.4220949089204,5.42465276613477,25.9421173726393
63.8208265905438,35.8709030451596,61.4053657348138,35.8778248350952,39.0216552014236,11.099790262829,25.0699447392677,-31.4221855222623,5.43190302400465,25.9582782800325
63.8185512377053,35.880076146224,61.4178190116697,35.8664799345496,39.0483529251495,11.043554185804,25.0645075615352,-31.4216809060815,5.43848512620503,25.9716798882426
63.8229231307734,35.8902955820613,61.4401663034241,35.8462377179853,39.0747350879363,10.9988301743604,25.0655329466634,-31.4206786371265,5.44482004793703,25.982583891682
63.8330117814493,35.901460315087,61.4702009080606,35.8205689707223,39.1029197954678,10.9630951821514,25.0718495601529,-31.4194726824736,5.45118857068752,25.9912279879846
63.8479114672292,35.913608532412,61.5055225349351,35.7923144986504,39.1335920735629,10.9338263360393,25.0822024472996,-31.4184813298573,5.45777667854171,25.9977098844447
63.8668964782547,35.9268073485758,61.5437901856773,35.7633555887152,39.1660209931721,10.9092084843214,25.0951845816959,-31.4181424527617,5.4647953188836,26.0019720100823
63.8894731906471,35.9411989993736,61.5832847517698,35.7346157257571,39.1992603189327,10.8882125706977,25.1094489264566,-31.4188246872109,5.47252866522809,26.0038409375344
63.915349018307,35.9570151645889,61.6231989675333,35.7062894245343,39.2330118318723,10.8703310697839,25.1239597475475,-31.4208115297811,5.4812333045946,26.0030844323612
63.9443582284114,35.9745038127934,61.6634615437,35.6781511413498,39.2675803868874,10.8554715676242,25.1380394415086,-31.4243611527443,5.49097818997039,25.999480174378
63.9763638115261,35.9938508183739,61.7043629252287,35.6498028404688,39.3032886425484,10.8440219681419,25.1512575584126,-31.429764190496,5.50155797356827,25.9928997145654
64.0111421006176,36.0151447114694,61.7462335792129,35.6207897698768,39.3398584520237,10.8367819317515,25.1633565043396,-31.4373086921495,5.51251901824846,25.9834042502838
64.0482709153514,36.0383680285253,61.7892613553998,35.5906278937319,39.3762825450481,10.8346999311876,25.1743147866409,-31.4471188373664,5.52326304260672,25.9713170970941
64.0870629427272,36.0634113995985,61.8334383671012,35.5587995300553,39.411259869526,10.8385929604514,25.1844701164788,-31.4589292579808,5.5331839381563,25.9572285548829
64.1265918299161,36.0901382511766,61.8786044276061,35.5247535694766,39.4436864698218,10.8488574666162,25.1945515202707,-31.4719740010214,5.54177596772683,25.9419155232953
64.1658104435473,36.1184918816901,61.9245158857618,35.4879574003735,39.4728080659899,10.86505712312,25.2055409594606,-31.4851330759333,5.54864788648105,25.9261826268494
64.2036915638216,36.1485640945806,61.9708217575769,35.4480017842078,39.4980851355782,10.8854947233451,25.2184073722215,-31.4972403522633,5.55345402803485,25.9106968511796
64.2393285648469,36.1805902591068,62.0169516736108,35.4046694624926,39.5189468434087,10.9071956958317,25.2338450839461,-31.5073777845761,5.55582190322581,25.8959070138636
64.2719846721614,36.2149393955416,62.0620927809273,35.3578845826969,39.5345591653287,10.9266958526845,25.2521972593434,-31.5151024604132,5.55532857562839,25.8820502949577
64.3010898472307,36.2521010530403,62.105289058516,35.3076391638923,39.5437125413836,10.9412702402757,25.2735536191511,-31.5205631975334,5.55152586499704,25.8692071050091
64.3261804603117,36.29260092186,62.1454894696128,35.2540741610868,39.5448793729505,10.9497064521552,25.2977252654996,-31.5244355810197,5.5440166486745,25.8573800190574
64.3467972445742,36.3368756854559,62.181486352182,35.1976874182795,39.5363843615187,10.9523478888143,25.3240053886002,-31.5276996605737,5.53257030856214,25.8465620433825
64.3623973797553,36.3851569164362,62.2118045000941,35.1395068428043,39.516521861116,10.9507219826708,25.3509924284648,-31.5313933556229,5.51720138623894,25.8367563618822
64.3723442928649,36.4373563281878,62.2345783506655,35.0811235927043,39.4836236233875,10.9469594911199,25.3766563582501,-31.5364547167791,5.4981586521445,25.8279426239099
64.3760044900923,36.4929655202955,62.2475622005324,35.0245083069523,39.436376515597,10.9432509698233,25.3986381360049,-31.5436405560503,5.47586674008999,25.8200317826149
64.372934208729,36.5509868914482,62.2484728192756,34.9716569593895,39.3744045559648,10.9416341807791,25.4147630659815,-31.5534578465835,5.45088386154284,25.8128691214002
64.3630520754147,36.6099373252251,62.2355681417099,34.9243117547665,39.2986138141912,10.9439517424573,25.423584743598,-31.566131215128,5.42388091688167,25.8063044586808
64.3467000180206,36.6679954964346,62.2081278806102,34.88387694337,39.2109816377233,10.9515891303031,25.4246595611707,-31.5816646883254,5.39558122235245,25.8002617538427
64.3246252744114,36.7232371312836,62.1666155915832,34.8513563035675,39.114038914338,10.9650000622241,25.4184919870737,-31.5999342145965,5.36662152769879,25.794728017639
64.297919220362,36.7738107892677,62.1125359270233,34.8272373773739,39.0104672004565,10.983512231158,25.4062896474981,-31.620695915292,5.33739888428232,25.7897027714395
64.2678809330484,36.8180503625078,62.0482129906911,34.8114613579954,38.9029981860244,11.0059089629916,25.3896616322031,-31.6435427116061,5.30800459346589,25.785202276827
64.2358231305183,36.8546288468103,61.9765777572076,34.8034986680275,38.7944329248901,11.0313585173126,25.3703285160978,-31.6679242742294,5.27827268190935,25.7813016793392
64.2028893543339,36.8827530605529,61.9008231519818,34.8024787615734,38.6875234715607,11.0597015068687,25.3498735368994,-31.6932307435469,5.24791696383636,25.7781494699749
64.1699213078286,36.9023475060597,61.8240133581544,34.8073752147081,38.5847803347801,11.0910165170225,25.3296315524898,-31.7188644244146,5.21672674719084,25.7759649693535
64.1373994233671,36.9142097625335,61.7488080669362,34.8171208672656,38.4882690000385,11.1251654945504,25.3107523355929,-31.7442940359577,5.18472784397438,25.7750270849389
64.1055047864216,36.9200534982423,61.6772543052138,34.8305058136944,38.3992642346125,11.1617173358324,25.2943139617512,-31.7691217811652,5.15218477859924,25.7755992002403
64.0743015354364,36.9223764438585,61.6106962528122,34.8459267990391,38.3178552351334,11.2001037996099,25.2814281748749,-31.7931322449796,5.11945954143851,25.7778037759697
64.043902712864,36.9242412504684,61.5499397467919,34.8612523901292,38.2428966599197,11.2397595673446,25.273281865129,-31.81629520345,5.08687957149862,25.7815765011301
64.0144859854311,36.9290401623229,61.4956134956651,34.8740435296235,38.1726021779357,11.2802329525465,25.2709179516817,-31.8387565206131,5.05470878727189,25.7867784745552
63.9862111412218,36.9402452410835,61.4485002128814,34.8820058713146,38.1054546181089,11.3213472665815,25.2748237594212,-31.8608272622865,5.02317138224947,25.793381259198
63.9591696182048,36.9612259928643,61.4096704844701,34.8833169615928,38.0407339885605,11.3633693799982,25.2847331286075,-31.8829490164715,4.9924588736287,25.8015648966697
63.9333997889361,36.9951922917812,61.3803958134943,34.8767023837581,37.9783384880664,11.4071022631774,25.2997903897904,-31.9056543433704,4.96273452150181,25.8116743113567
63.9089185415882,37.0451518244659,61.3618181890056,34.8613706663183,37.9180226850014,11.4539785816428,25.3187892965575,-31.9295329942151,4.9341709688148,25.8241373061966
63.8857132969347,37.1137699266289,61.3545004654513,34.8369919976785,37.8586832443287,11.5061492028864,25.3402319228343,-31.9551793362215,4.90700703816379,25.8394426504879
63.8636798802207,37.2031444905607,61.3581874240542,34.8039034444365,37.7984818125527,11.5662517962019,25.362317227745,-31.9831231745512,4.88158145471946,25.8581502737788
63.8425481926813,37.3145369128305,61.3717866408465,34.7634794296564,37.735624876781,11.6367908330559,25.3831307505154,-32.0137572899647,4.85831684056266,25.8808461489106
63.821847646379,37.4480883376696,61.3932323514469,34.7183801989504,37.6688256436747,11.7195904963256,25.4010718859332,-32.0472717322422,4.83767904491843,25.9080145046859
63.8009182300738,37.6025869421662,61.4192710451213,34.6725964740708,37.5971799220508,11.8157708726376,25.4153120962926,-32.0836290789956,4.8201765961263,25.9399028771145
63.7789472036184,37.7753831319358,61.4455283586838,34.6314546872971,37.5199273610067,11.9261840981965,25.4261688684991,-32.1225879160339,4.8064049729444,25.9764656189582
63.7550223316339,37.9624723366918,61.4667737087761,34.6016110135318,37.436236065804,12.0516648685796,25.4353159075538,-32.163723061685,4.79704858276671,26.0173748490791
63.7282035369011,38.1586240545022,61.4770914884218,34.5909147270053,37.3451735026554,12.1926767907784,25.4456250515543,-32.2063937724947,4.79276746179032,26.0620192582008
63.6976321458835,38.3574489817557,61.470040716661,34.608034172439,37.2461272577679,12.3488085578538,25.4606770734636,-32.2496539119486,4.79397608098548,26.1094453225331
63.6626794938192,38.551495716572,61.4389700683422,34.661772371519,37.1392874785668,12.5184920829298,25.4841434559248,-32.2921745359265,4.80060911231466,26.1583005796851
63.6230709303808,38.7325824395415,61.3774960377302,34.7601866911607,37.025764955097,12.6988834264071,25.518978068639,-32.3323102356148,4.81201129374148,26.2068669880974
63.5789255648879,38.8923906737235,61.2799462786633,34.9097558436923,36.9071408128695,12.8863194060071,25.5665708172004,-32.3683534943855,4.82696463179572,26.2531510277997
63.5307344790566,39.0231197847009,61.1414750772722,35.1147355373371,36.7844123593252,13.0775580633325,25.6264002378473,-32.3988860879794,4.84374710947581,26.2949628772364
63.4793321326787,39.1180333826789,60.9579382091066,35.3768455347281,36.6571210304351,13.2707124244009,25.6962263656393,-32.423145884514,4.86020875691309,26.3300263445577
63.4258860115581,39.1718789278716,60.7258645927644,35.6953574456555,36.5232950660071,13.4649247340942,25.7724304483404,-32.4413560300898,4.87392109857916,26.3561384409175
63.3718072568295,39.1811784068002,60.4426293836809,36.0673930246169,36.3797537666275,13.6595077751091,25.8505173416857,-32.4547177196015,4.88248457805303,26.3713476568846
63.318388306338,39.1443346876859,60.1067444698737,36.4883444478504,36.2222481905082,13.8538089410688,25.9259144447091,-32.4646987104754,4.88409580773966,26.3742020061777
63.2662536503788,39.0615504119541,59.718174468265,36.9525436850422,36.0456166077669,14.0476896243439,25.9947181826824,-32.4720010008117,4.87814535437673,26.3640548394074
63.2149878215815,38.9346201665963,59.2785658026047,37.4540909914936,35.8446982052598,14.2413192786558,26.0539572693459,-32.4760124036256,4.86542663267472,26.341279928012
63.1630809307327,38.7665814959064,58.7912214739094,37.9875519117929,35.616170145863,14.4342075244768,26.1014394555143,-32.4747871378193,4.84796288704038,26.3072919890687
63.1081457694029,38.5611848093437,58.2606800808953,38.548315912735,35.3600477933917,14.6250582645903,26.1355755965761,-32.4652414244666,4.82863584773404,26.26430358413
63.0474227328924,38.3222905737645,57.691869525567,39.1325495123866,35.0796388608094,14.8127795480077,26.155370692024,-32.4437389064984,4.81054430225107,26.214771020222
62.9784093902959,38.0533422396348,57.0889734688196,39.7369521661874,34.7802158746312,14.9973223572904,26.1604319377519,-32.4070591894096,4.79617188260398,26.1606890356794
62.8992991749221,37.7569422680392,56.4543858488703,40.3586535394394,34.4674636887906,15.1797928371666,26.1507752783052,-32.3531937301613,4.78673663958173,26.1030138523552
62.8072428403315,37.4354004199608,55.8412236081548,40.995596303191,34.3810724660183,15.4678303319198,26.0747712389821,-32.2864391307078,4.7835725726476,26.0415900400577
62.7072183660277,37.0882280202711,55.1471264010495,41.6434749755192,34.0757524951758,15.6643367302086,26.0339298515548,-32.2005561664253,4.78042366982468,25.9740833846211
62.598353768129,36.7142515294989,54.4151619269154,42.3020365656486,33.7629452839393,15.8583941082048,25.9850983739619,-32.1019626992915,4.77655023291469,25.8973016853176
62.4827940603225,36.3120754688018,53.6448836147673,42.969232016789,33.4582349726675,16.0571564694543,25.9275577290349,-31.9952684212819,4.76788892569943,25.8077829790977
62.3624073240127,35.8797959635391,52.8336425285983,43.6434299848879,33.1654452649902,16.2584925241397,25.8648125193279,-31.8849748204801,4.75062231092406,25.7025442736932
62.2378821789269,35.4159063621015,51.9787200238365,44.3236814379253,32.884651852087,16.4571807157057,25.8015558095049,-31.7746802512562,4.72200513690274,25.5798470071959
62.1084626364011,34.9198478474487,51.0776419758596,45.0100103424911,32.6125803809853,16.6461423078226,25.7425633993683,-31.6669543807958,4.68063440217771,25.439319526336
61.9721644938129,34.3921309363805,50.1281569798529,45.7034083676863,32.3427010231299,16.8181721391565,25.6913245040981,-31.5635075039016,4.62631829277356,25.2817118294456
61.8262173090899,33.8340418264756,49.1278393390036,46.4055390021283,32.0646698255093,16.968588507005,25.6485122206109,-31.4653680926256,4.55972253092385,25.1084729125282
61.6674274962284,33.2472447285798,48.0740688983144,47.1185284498922,31.7649390681246,17.0974722536738,25.6110660597006,-31.3729490839096,4.48198603770411,24.9213637814458
61.4923186106653,32.6335945247174,46.9652223032245,47.845142612642,31.4310593752037,17.2094932167499,25.5727782963765,-31.2860297231946,4.39441603475061,24.7222580681434
61.2972378079261,31.9951816883444,45.802460795489,48.5890032571691,31.0573832822751,17.3116739458143,25.5261767369817,-31.2038501114661,4.29826977179018,24.5130682251031
61.0786285746353,31.3344396690891,44.5906394844092,49.3542890199122,30.6470422569817,17.4113095225718,25.464151602323,-31.1253704900329,4.19463323092331,24.2956972414238
60.8334154301746,30.6542827429792,43.3379501906175,50.1449392661132,30.2093756242042,17.5148250132522,25.3806747245234,-31.0495737918731,4.08440109003006,24.0720209370635
60.5599421008025,29.9569382711242,42.0270707906676,50.9665170138417,29.6781815661158,17.6427891365446,25.3069364411983,-30.9765469652997,3.96875298057488,23.8423237484741
60.2555189579252,29.250693707026,40.7513332889126,51.8125485855125,29.2923117056374,17.7506778617544,25.1371849824399,-30.9040404736563,3.84696065911599,23.6128557875441
59.9224945191745,28.5348138409161,39.4134380783053,52.6934936709386,28.7588522256425,17.9022539081198,25.0155578212029,-30.835921021347,3.72121537501621,23.3788196540262
59.560154233313,27.8175586435374,38.1019598605948,53.6000272916501,28.3053622665822,18.0502022634315,24.8327697120309,-30.7712808921546,3.59038028039155,23.1455035862008
59.1701220391979,27.1016296760722,36.7929889557032,54.533494977856,27.8486453141384,18.210785396772,24.6267880435654,-30.7126857004654,3.45497806801122,22.91154999086
58.7533759561644,26.3913957964383,35.4883857025813,55.4921620585865,27.3824197683047,18.3851612125494,24.398993875248,-30.661921670659,3.31526401728287,22.6768268846128
58.3106358494595,25.6917545610824,34.1889790518304,56.4742741163037,26.9003320550887,18.5745783626998,24.1507811782493,-30.6204445042728,3.17184304513363,22.4409728304446
57.8423660239803,25.0080366991811,32.8959508474175,57.4780051046256,26.3987390715866,18.7805654579099,23.8830110080329,-30.589129116905,3.02575230901198,22.2034541500193
57.3486690242825,24.34583065767,31.6110826061278,58.5015661426707,25.8759012567893,19.0050657745495,23.5953642337106,-30.568022457483,2.87851769644208,21.9637265436491
56.8291477629782,23.7107307243262,30.3366718644142,59.5433396194462,25.3310123188981,19.2503540046504,23.2863701254623,-30.5560592833054,2.73214901443395,21.7214790815662
56.2828681453825,23.1079484322209,29.0753928014213,60.6020554868619,24.764237160283,19.5189263514372,22.953834032514,-30.5509418389235,2.58896472212169,21.476813515245
55.7085267841736,22.5419593782144,27.8301466313618,61.6768632369517,24.1772854885915,19.8134955918474,22.5954978841253,-30.5493675852146,2.45134181550342,21.2303294841117
55.1048435622957,22.0162160454996,26.6037345592723,62.7670897252852,23.573422540861,20.1367139986682,22.2100336238892,-30.5475459291492,2.32149365397543,20.983122153065
54.4710770358201,21.5328639044425,25.3983866666866,63.8717912432104,22.9570160093434,20.490374732198,21.798034712886,-30.5418116217531,2.20127332073919,20.736677386709
53.807488926195,21.0925876948372,24.2154685513592,64.9893168161536,22.3335964025524,20.8744156364395,21.3624883532884,-30.5291235151621,2.09207127517064,20.4927262381967
53.1156714207629,20.6946481524039,23.0555037517002,66.1169223216668,21.7102879097601,21.2861550982683,20.908674493266,-30.5073600782392,1.99483354996285,20.2531460130873
52.3987383453165,20.336917965544,21.918435000655,67.2504940873847,21.095792164042,21.7202307792338,20.443477122777,-30.4754734321197,1.91006514119883,20.0199253267474
51.6612959207769,20.0158223206353,20.8039938523374,68.3845867282262,20.4997643282731,22.1693736031175,19.9740557134487,-30.4335350876514,1.83765789235862,19.7949191181424
50.9090619556567,19.7263933765595,19.7119844643152,69.5129125751492,19.9317757990076,22.6252154915477,19.5066099907284,-30.3826752932465,1.77647246910102,19.5789331563895
50.1481747042314,19.4626491859764,18.6423660312987,70.6291155314332,19.4002037921895,23.0786223998144,19.0462157854951,-30.3249712288495,1.72387953227294,19.3704656410716
49.3844337672819,19.2181917142008,17.5951531369676,71.7274546158753,18.9115766554051,23.5204161965656,18.5973101516358,-30.2632519916448,1.67573830103769,19.1653130299803
48.6226939700665,18.9867983634208,16.5702529420313,72.8031979984395,18.4705122960348,23.9429981901473,18.1635753742633,-30.2006805387374,1.62707971462509,18.9576647758134
47.8665036984782,18.7629834268736,15.5674112996545,73.8527968223928,18.079903373492,24.3417147810208,17.7472668833288,-30.140202091401,1.57316998042529,18.7418975944589
47.1180387742545,18.5425226929494,14.5862946626078,74.8739001608039,17.7411089461894,24.7150706034563,17.3489185679559,-30.084169331509,1.51036220936434,18.5138060165201
46.378309115572,18.3227468450991,13.6266046688968,75.8651759004979,17.4540448336165,25.0642737697578,16.9676103918288,-30.0342061704581,1.43649783618934,18.2709300441626
45.6475255203869,18.1024726711985,12.688196212598,76.825935803089,17.2170886043348,25.3922346141114,16.6015264882448,-29.9911694779491,1.35098864083305,18.0124756249256
44.9255185277768,17.8816774377744,11.7711981660509,77.7556543809449,17.0270114054007,25.701876667012,16.2487198378631,-29.9551962203514,1.25470517682475,17.7392272518673
44.2120766546091,17.6610945800984,10.8760940609912,78.6535421997729,16.8793797294562,25.9948353123183,15.9078789474827,-29.9257933044694,1.14975158623745,17.4536137104422
43.5070603359604,17.4418440036765,10.0037968974276,79.5183520905121,16.7695507047934,26.2713982812567,15.5788357699307,-29.9017976939476,1.03923660071029,17.1599411998037
42.8103397092272,17.2251859722138,9.15579571427516,80.3484938591374,16.6936789981165,26.5309125177717,15.2628682053219,-29.8813468941234,0.926965528178454,16.8643250585255
42.1218248113443,17.0124277432548,8.33423032634868,81.1423299211611,16.6489237055316,26.771783931672,14.9627615696515,-29.8623445824155,0.816793564282914,16.5736263196513
41.4417078291357,16.8048507466939,7.54160848177151,81.8984612736943,16.6325871971818,26.9915260938695,14.6824539572318,-29.8433514787764,0.711825883592558,16.2937605577947
40.7707281480258,16.6035526030964,6.78018730475948,82.6158826161108,16.640896949276,27.1875576947551,14.4261867138525,-29.8241878595043,0.614052848533447,16.0286520736746
40.110282938878,16.4093033264022,6.05137767105896,83.2939158213554,16.6686194213312,27.3582815205134,14.1971083719001,-29.8059043301519,0.524525153883714,15.7802122393083
39.4623244154854,16.2225209972601,5.35552544277909,83.9319972503017,16.7096408574785,27.5040681168453,13.9962685271214,-29.7902628125129,0.443730964295374,15.5487811262135
38.8290268955193,16.0433541569994,4.69221077078133,84.5295234395624,16.7578910327388,27.627781785345,13.8229412801185,-29.7789581295878,0.371948998986451,15.3336927929251
38.2123658508842,15.8718287826391,4.06091645245368,85.085793361944,16.8084546340986,27.7333147421367,13.6753601853102,-29.7729508985042,0.309469246077891,15.1338685376497
37.613874931935,15.7079951835234,3.46170641281019,85.5999950633858,16.858484077216,27.8227072199815,13.5513049740441,-29.7722336112752,0.256667526502321,14.9482602378036
37.0347828276002,15.5519831645963,2.89550156710551,86.0712274801138,16.9073066918108,27.8949749164785,13.4489931337008,-29.7761485127236,0.213940564618434,14.7759651015806
36.4740906627897,15.4072490863996,2.37667279450609,86.4941804055691,16.963111174781,27.9052024983594,13.3064918435868,-29.7832399545614,0.179462323853951,14.6185122938415
35.9383744632496,15.2674367732982,1.87973204762488,86.8770917002829,17.0106986797581,27.9370260160963,13.2434657582234,-29.7957064439511,0.156823384251436,14.4696257718132
35.4277786358016,15.1358635479752,1.41702424479663,87.2155227093788,17.0580799632741,27.9504434935682,13.2017201546531,-29.8139043961323,0.143177793923979,14.3300357084892
34.9442096987513,15.0134025289882,0.987665468016395,87.5097776426025,17.1068062206922,27.9463184456415,13.176079375389,-29.8391954427443,0.137134440893202,14.197646086263
34.4887355932523,14.900949518957,0.589037681657188,87.7618082632945,17.156267105691,27.9315899347603,13.1615757410875,-29.8724884356233,0.137105538794019,14.0698809565604
34.0611524833941,14.7992000773493,0.218241496537082,87.9747271871492,17.2057120038452,27.9144684917338,13.1522295460096,-29.9138960246138,0.141278670308074,13.944038757714
33.6598788128305,14.7081024514768,-0.126946718414439,88.1523628759279,17.2546089775774,27.9008991441715,13.1433243904097,-29.9624052315495,0.147994144871584,13.8184663853066
33.281899686928,14.6266364352092,-0.447456708358087,88.2988009636818,17.3024249763998,27.8926411613363,13.1334751040612,-30.0153632853657,0.156407427700355,13.6939075574869
32.9229493011026,14.5531468385097,-0.742935174022398,88.4179743818892,17.3487877721186,27.887366777895,13.1242935345373,-30.0684482145532,0.166726896197227,13.5734207777658
32.5781439362295,14.4858978195264,-1.01232792284166,88.5133592752367,17.3937285992726,27.8798849416674,13.1184432153287,-30.1165657336238,0.179812481714749,13.4608081259377
32.2429145827527,14.4233826217089,-1.25469205040966,88.5878250682878,17.4375205230332,27.8636827157481,13.1180544402502,-30.1552021440799,0.196628087018244,13.359103510245
31.9139675542759,14.3642531699561,-1.46989687309085,88.6436118066176,17.4805695998409,27.8327694577732,13.1244727394627,-30.1816613207708,0.21779571038608,13.2698778179171
31.58994616896,14.3071325616101,-1.65897453535119,88.682384642695,17.5237319283375,27.7835467320788,13.1388443684879,-30.1957879125629,0.2432876046728,13.1931156961734
31.2713949349007,14.2506850326398,-1.82402305319355,88.7053902361711,17.5685333815251,27.7159780319647,13.1622495571444,-30.1997731145778,0.272504523122089,13.1275601122916
30.9600730244237,14.1939219114014,-1.96779574959288,88.7136919231666,17.616792065619,27.6334727221417,13.1950864674706,-30.1971695642919,0.304723923499782,13.0713785998136
30.6581406009329,14.1363773645098,-2.09328855480401,88.7083650474747,17.6699303804802,27.5415631245831,13.2365382963044,-30.1917713428919,0.339474734295475,13.0227365001143
30.3675629349454,14.0780243538413,-2.20351302453612,88.6906062933953,17.7283971203877,27.4464184935447,13.2846271526482,-30.1868132642415,0.376569966674672,12.9800875618663
30.0898359028456,14.0190434399594,-2.30146206458567,88.661742603198,17.7913731922334,27.3540678801292,13.336640562561,-30.1846528477123,0.41584911693281,12.9422159148775
29.8260796523317,13.9595280316688,-2.39020292843531,88.6231082067501,17.8569635945657,27.2700583121163,13.3896585574829,-30.1869411684342,0.456787880838033,12.9080565899484
29.5772504875668,13.8992915884686,-2.47285121467854,88.575886501513,17.9228857242115,27.1990446924095,13.4409785131014,-30.1949345845374,0.498256754550517,12.8765141607378
29.3440560753745,13.8379483377643,-2.55218971635051,88.5210950636329,17.9871721715892,27.1444805811152,13.4882768089423,-30.209467413698,0.53867522832765,12.8465704521207
29.1265111101916,13.7752060601043,-2.63007320852579,88.4597490723468,18.0484350218851,27.1085425674269,13.5296763330447,-30.2305288290863,0.576521085280462,12.8176448247566
28.9234468975716,13.7111757626917,-2.70696769610861,88.3930661095349,18.1056811674741,27.0920292297391,13.5640056289622,-30.2568034234797,0.610933581098977,12.7899513854707
28.7132477992764,13.6479700844632,-2.77694543224053,88.3346445930263,18.1418720548023,27.0220091065846,13.4073944126127,-30.2842926804696,0.641688508114774,12.77038411008
28.5308113917454,13.5839138039841,-2.84844696002657,88.262726974419,18.1728599723468,27.0400688319203,13.4127339718889,-30.3114711128482,0.669858139136954,12.7497221148912
28.3547677427328,13.5206008794673,-2.9134940985979,88.1882537944879,18.2102544119579,27.0749775488563,13.4361678170017,-30.3342269411184,0.698030883114712,12.7336639560136
28.1824194174971,13.4584357986991,-2.97106015517065,88.1134561345931,18.2396611235221,27.1217521326216,13.4631607487478,-30.3503165933351,0.726524771361286,12.7236023097741
28.01307894206,13.3972445657569,-3.0202815791656,88.0385171538092,18.261075117802,27.1768306212333,13.4910406677653,-30.3597784240983,0.755483630278997,12.7193464348564
27.8476224460017,13.3363622162375,-3.06153414307237,87.9631972627355,18.2738008507904,27.237312806626,13.5207188459994,-30.3642902744081,0.784694263079328,12.7198830162593
27.6877583231219,13.2752038027791,-3.09554668569184,87.8869203751848,18.2790243769511,27.3002859921054,13.5528841521254,-30.366250413132,0.813919774023115,12.7239009834635
27.5354468364951,13.2134369393226,-3.12330628796302,87.8091034843633,18.2783621862973,27.3628311236195,13.5875988544042,-30.3679017735734,0.843155302317868,12.7301454857184
27.3924731956181,13.1510698873131,-3.14586094861742,87.7293385120423,18.2734427842238,27.4221692505324,13.6243911146796,-30.3708197466307,0.872738916349077,12.7376065127246
27.2602436982547,13.0884034183365,-3.16429137688228,87.6474964243929,18.2652923694005,27.4761321515943,13.6625730349372,-30.3758811667006,0.903224858748364,12.7455512620233
27.1397847144238,13.0258589461099,-3.17968630631378,87.5637175490543,18.2542958892061,27.5235514623841,13.7014817214386,-30.3835107121676,0.935124196489824,12.7534857968385
27.0318482035461,12.9637845911292,-3.19303808219917,87.4783178581955,18.2406879617438,27.5642598605678,13.7406648862751,-30.39390360017,0.968696068012431,12.7611190697304
26.93699194439,12.90238625152,-3.20506092551886,87.3916683722736,18.2251941979024,27.5987024161776,13.7800459583505,-30.4070574883659,1.00391739108,12.7683672991794
26.85552485802,12.8418324446644,-3.21603678356986,87.3041267631808,18.2093170396275,27.6273841958885,13.8200052014882,-30.4226001311939,1.04065295509862,12.7753947275083
26.7873786242182,12.7824069531204,-3.22580006236306,87.2159990343025,18.1951320253394,27.6505224326251,13.861332725754,-30.4396651441231,1.07885113572943,12.7826108543746
26.7320965431573,12.7245560243438,-3.23391617873133,87.1274718221537,18.18467526271,27.6681390865268,13.9051192743165,-30.457115567745,1.11855420886438,12.790561188308
26.6889755193381,12.6688344161373,-3.23998372094995,87.038558091174,18.1792151389168,27.6804491095621,13.9525698675697,-30.4739716723779,1.15975790299882,12.7997658354044
26.6572070777739,12.6158143631804,-3.24387927173845,86.9491133475555,18.1789698227761,27.6881584761344,14.0046834729385,-30.4896525818185,1.2023041866442,12.8105817248403
26.6359137708797,12.5659606328455,-3.24582355588366,86.8588783343202,18.1835450129502,27.6924145635916,14.0619304549843,-30.5038929518211,1.24587183072108,12.823111246301
26.6241426284291,12.5194874384868,-3.24629617001854,86.7675017489098,18.1926455177977,27.6944763192443,14.1241415433976,-30.5165523701676,1.28997992710021,12.8371644397045
26.6209185056775,12.4762716560828,-3.24585390352292,86.6745871316552,18.2064629226007,27.6952796788379,14.1906208350858,-30.5276475373352,1.33394935302296,12.8522930555051
26.6253223413443,12.4358884138002,-3.24489398754274,86.5798215590439,18.2256379578072,27.6950151872452,14.2602863309194,-30.5376118649084,1.37690024773815,12.867920953435
26.6364845957192,12.3977458347422,-3.24349680848345,86.4831447011813,18.2509797216412,27.6928998790421,14.3317029462998,-30.5474452793075,1.417850022801,12.8835240159719
26.6535210936428,12.3612005345436,-3.2414941114269,86.3848394099624,18.2830872697851,27.6873396877792,14.4031151998731,-30.5585771210964,1.45583563369299,12.8987161163298
26.6754948514662,12.3255878923768,-3.23868124630582,86.2855121260068,18.3220614193582,27.6764594193707,14.4726628939024,-30.5725518026818,1.48999183530502,12.9131943050819
26.7013555361653,12.2902481413985,-3.23495250090034,86.1860409656876,18.3674704232285,27.6586995916105,14.5387473271955,-30.5906150126564,1.51965061416293,12.9266910334082
26.7298084853869,12.2546358624494,-3.23028611717772,86.0875349892418,18.4185457439776,27.6330733414108,14.600292624279,-30.6132540378511,1.544525168301,12.9390469615628
26.7591801372581,12.2185002435243,-3.2246194214101,85.9913361219829,18.4744001725179,27.598991274286,14.6567604812336,-30.6398849166628,1.56492993993107,12.9503587645643
26.7873212311111,12.1820664217217,-3.21764085242848,85.8991290786147,18.5339762620223,27.5561216274894,14.7081334056844,-30.6688093870059,1.58195287778685,12.9611472806364
26.8115738576798,12.1461061689145,-3.20859771192749,85.8131121489425,18.5957467815964,27.5046599491677,14.7550971552056,-30.697375377107,1.59749493121844,12.972494635674
26.8289607926542,12.1117666472991,-3.19630331816042,85.736033720007,18.6576548610559,27.4456495447069,14.7992226826412,-30.7223610639787,1.61403867131112,12.9859878672354
26.8367677327344,12.0801283413835,-3.17945315812489,85.6709343129928,18.7175915152927,27.3809503838887,14.8427735645893,-30.7407429556203,1.6340479165864,13.003309606976
26.8334473041845,12.0516293639783,-3.15720621325508,85.6205985377465,18.7740639240276,27.3130815621045,14.8880899675587,-30.7507878212502,1.65911423061957,13.02551534545
26.8193273892191,12.0256769599621,-3.12973616776263,85.5869410219167,18.8265382040321,27.2451523040987,14.9367699184659,-30.752791540045,1.68932681914238,13.0523786165982
26.7963987559098,12.0008439301335,-3.09827331271791,85.5706473775202,18.8753625144791,27.1806927216063,14.9887978814604,-30.7485983793827,1.72346580481762,13.082403381436
26.7672911422495,11.9755702043069,-3.064639841148,85.5710587165726,18.92141795606,27.1233125555047,15.0419149110101,-30.7402748865993,1.75985129743453,13.1135390814778
26.7344584502706,11.9487125037107,-3.03086064483944,85.5860529435271,18.9655084006368,27.0763167840077,15.091958527839,-30.7293141357261,1.79697853671978,13.143874083048
26.7000455809574,11.9196053024921,-2.99901897278556,85.6120945658701,19.0078548711506,27.0422588473768,15.1343953784739,-30.7167092256304,1.83365267961362,13.1718772263299
26.6660161080871,11.8879139963968,-2.9709763799803,85.6448061544223,19.0484950660729,27.0223471960297,15.1659722992517,-30.7032038181581,1.86898425237038,13.1963940624403
26.634178012666,11.853531078483,-2.9479345908121,85.6798792756021,19.0884427192935,27.0159137935071,15.1853484484919,-30.6894027014886,1.90239390304542,13.2165871826425
26.6061051649038,11.8165149664113,-2.93025687296359,85.7137981921283,19.1303899823549,27.0204167241819,15.1927841800834,-30.6758186640486,1.9335682272176,13.231827364773
26.583065281877,11.7770476201717,-2.91773375483977,85.7440516576547,19.1783100577006,27.0320984152532,15.1895660584307,-30.6629189796878,1.96237815245387,13.2415410742324
26.5660042852553,11.7354094711642,-2.91007682059282,85.7688797825677,19.2362660062811,27.0467904981638,15.1774796962025,-30.6512049192787,1.98878325609298,13.2450515078505
26.5555066453077,11.6919613760675,-2.90732322792739,85.7868963771896,19.3070072608431,27.0603666436734,15.1583278494116,-30.6412149056378,2.01275842326922,13.2415132164012
26.5516768999583,11.6471286880147,-2.90996178720725,85.7969156533566,19.3909995242342,27.0689916856329,15.1336088952708,-30.6333420185246,2.03429562947468,13.23002422331
26.553994724129,11.6014021684282,-2.91877129780619,85.7980625576923,19.4864063261064,27.0696293177786,15.10446925005,-30.6275282175939,2.05349152837036,13.2098642992052
26.5611851817,11.5553747712222,-2.93447787069817,85.7900544023478,19.5900916094805,27.0607195657316,15.0716899306673,-30.6229508754524,2.0706810127698,13.1807524874062
26.5711899739565,11.5097720646948,-2.95739895211263,85.773426186816,19.6991131493037,27.0423851564097,15.0354530681943,-30.6179053882425,2.08651898613553,13.1430294247371
26.5813654283815,11.4654069271359,-2.9872036313587,85.7495006897855,19.81192922651,27.0158127192469,14.9951116521365,-30.610042441843,2.10196294676398,13.0976711932986
26.5889364541374,11.4230315462981,-3.02281861481995,85.720121971091,19.9289471146682,26.9820261224134,14.9493046450575,-30.5968959295877,2.11814910187576,13.046084266496
26.5916391490353,11.3830862417582,-3.06249227160943,85.6873067943182,20.052545051311,26.9404953170736,14.8963762854403,-30.5765932659405,2.13606658886638,12.989708772854
26.5883036802213,11.3454541651541,-3.10394894790714,85.6529654301129,20.1868279832235,26.8879990003675,14.8348031508956,-30.5485122667435,2.15611708949397,12.9296051184113
26.579019180291,11.3094250647211,-3.14444756040691,85.6187998510965,20.3373182860571,26.8179674778568,14.7633771573706,-30.5134829615403,2.17792307981449,12.866277902778
26.5648303263528,11.2739158081583,-3.18069958057829,85.5863504771392,20.5106186845082,26.7203102418122,14.6811257063381,-30.4734183637996,2.20053972502158,12.7997901593281
26.5472616390339,11.2378102154847,-3.20883544824869,85.5570442341224,20.7137884463481,26.5817601955877,14.5872274380438,-30.430639749459,2.22287031121755,12.7300060200394
26.5279300510755,11.2002726412539,-3.22462937302985,85.5321308737412,20.9531543107501,26.386890193989,14.4811708039162,-30.3872161893422,2.24402881429941,12.6567967911005
26.5083423891819,11.1609548190659,-3.22402432999901,85.5124954692745,21.2327631377235,26.1198312409387,14.3631227211754,-30.3445810934986,2.2634832321232,12.5801210349904
26.4898674986723,11.1201136413489,-3.20377309839995,85.4984374112242,21.5531103991804,25.7664277049322,14.2343402728755,-30.30355036359,2.28096429859005,12.4999968037597
26.4857576656942,11.0709753001758,-3.1889331778936,85.4882391579653,21.7629816725877,25.2635518929494,14.1647024134951,-30.2716648295527,2.2944390049703,12.4077562311759
26.4738595871424,11.0292473984148,-3.13006400805462,85.4840752568397,22.1055252915668,24.6849950247125,14.0421533263971,-30.2347925481705,2.30694237217456,12.3199139714463
26.4656089477363,10.9912120797644,-3.04883663520408,85.4825690481366,22.4727901139067,24.0071850142459,13.9174314537724,-30.2000273326584,2.31696122582213,12.2290282683709
26.4611167232203,10.9594407136873,-2.94766967088485,85.4825753174383,22.8481329620052,23.2342657769544,13.8015507167295,-30.1671280708819,2.32437604183205,12.1350715150293
26.45957078165,10.9369268410122,-2.82876170688302,85.4833665030879,23.2211647032553,22.3786350817238,13.7015583116741,-30.1356005012104,2.3291529555591,12.0382585533619
26.4609706299537,10.926837814264,-2.6817851069462,85.4790221913744,23.621694542505,21.4075555581338,13.6426282907056,-30.1046278640696,2.33071007973735,11.9378512770598
26.460130835818,10.9312552119493,-2.53414093398385,85.4826839974569,23.9695813068551,20.441093336371,13.5924492424121,-30.0742451923635,2.3301117262508,11.8363512333524
26.4557758987425,10.9522662549848,-2.37671801211498,85.4909126265195,24.300952412801,19.464775344165,13.5653861016027,-30.0439606527353,2.32673570447505,11.733002194411
26.4451033708853,10.9904116480247,-2.21181517858957,85.5064787635629,24.6153507921065,18.5075198991224,13.5604173531644,-30.0137046084662,2.3202422976433,11.627818128952
26.4251847160289,11.0449388420116,-2.04059854190933,85.5322202110716,24.9152829947645,17.5964766931427,13.5733704098019,-29.9833555288907,2.31020422855654,11.5206275040679
26.3930928241895,11.1138798632042,-1.86285349165248,85.5706679611647,25.2032200768485,16.7524940565274,13.5992225852925,-29.9525992635835,2.29627656386877,11.4111347894204
26.3459616992232,11.1943405251251,-1.6768347280034,85.6237464196537,25.4796320595529,15.9875896138246,13.6338637064578,-29.9210031401909,2.27841565717933,11.2990361402911
26.2809643324601,11.2828387952363,-1.47946326070593,85.6926130949265,25.7415941495634,15.3048680992966,13.6753201242142,-29.8881179820361,2.25701988505514,11.1840948748786
26.1952657103551,11.3756520082958,-1.26689691328062,85.777701833903,25.9825218653012,14.7010831643729,13.7236599942384,-29.8534604571061,2.23290013104818,11.0661234492743
26.0860325089592,11.469146664753,-1.03527992603769,85.8789882911933,26.1929879869858,14.1703075205589,13.7799018357359,-29.8165018476069,2.20711180186599,10.9449231252057
25.9504708483258,11.560035041391,-0.781350352126183,85.9964109810802,26.3621102399287,13.7068429193693,13.8450075793833,-29.7767915714382,2.18071126179916,10.8202326397007
25.7858141581632,11.6455330972948,-0.502738009421429,86.1303239942903,26.4791904465147,13.3068196289521,13.9195399985062,-29.7341153784829,2.15448555927612,10.6916815312868
25.5893212280179,11.7234119148854,-0.198001893610417,86.2818507576034,26.535773932247,12.9687431764487,14.0036971707481,-29.6886103800856,2.12870971346474,10.558695440921
25.3583711963797,11.7919621834716,0.133541594642784,86.4530824972792,26.5279271775345,12.6930947337323,14.0974013755537,-29.6408519081039,2.1030121785389,10.4203550599879
25.0905742783886,11.8499641615432,0.49216269512456,86.6471100538804,26.457822467591,12.481127785037,14.2004478759656,-29.5918376046294,2.07643727615676,10.2753334080495
24.7838021581115,11.8967410218565,0.878078422434666,86.8678267648314,26.3338811567877,12.3334042803722,14.3127241740238,-29.5427997528791,2.04770573946725,10.1220095289428
24.4361918746154,11.9322922762594,1.29165962052938,87.1194731666761,26.1694517232516,12.2489619928122,14.4343223067819,-29.4949627057112,2.01558723677414,9.95876303964458
24.0462115330776,11.9574466434727,1.73340022041707,87.4060236240746,25.9804522080786,12.2256902435393,14.5653768799736,-29.4494034582318,1.97925758972478,9.7843886161447
23.6127918467713,11.9739454039711,2.20363073372593,87.7305654711505,25.7826120848973,12.2614083221971,14.7058101182115,-29.406987839135,1.93849183232732,9.59841244896671
23.135464255163,11.984407082501,2.70212525953823,88.0948060778415,25.589201999499,12.3546164393306,14.8552863825822,-29.3682816074274,1.89362659086007,9.4010475681122
22.6144357908145,11.9921979563652,3.22791302647918,88.498826331607,25.4101946230394,12.5043270568378,15.0133203392274,-29.3334615969531,1.84537554652055,9.19285958791003
22.0505619988327,12.0012734501607,3.77946450181378,88.9411212574346,25.2531990184359,12.7088275124561,15.1793971408847,-29.3022974862141,1.7946466510494,8.97448815802348
21.4452369785796,12.0160330424846,4.35508093509219,89.4188323449838,25.1254379135307,12.963836304696,15.3532786281289,-29.2742023038744,1.74242499513793,8.74654400611465
20.8002883476169,12.0411525822031,4.95316657234603,89.9280084802814,25.0355669712608,13.2612568871536,15.5355865509819,-29.2483365016209,1.68965936737973,8.50955422289163
20.1179476608489,12.0813417709781,5.57223590806346,90.4638154088243,24.9946987961826,13.5893176696467,15.7284108238718,-29.2237086255095,1.63720493360884,8.26408412364417
19.4008400456361,12.1410777644121,6.21082105280037,91.0207316857445,25.0167671110933,13.9336860734416,15.9357276110917,-29.1991741465431,1.58598633747875,8.01121457343837
18.6519529411152,12.2244720743853,6.86751322173524,91.5927403739715,25.1185819725381,14.2789348921054,16.1635033468283,-29.1735062774748,1.53716841822243,7.75276792246397
17.8746566282398,12.3353440230009,7.54105668024309,92.1734295274156,25.3194799412182,14.6102795063622,16.4193703057681,-29.1457759892847,1.49198052421938,7.490614183644
17.0727689887346,12.4773416269686,8.23024528537194,92.7559622000435,25.6401273064992,14.9153603570176,16.7119888780759,-29.1157974567592,1.45133812204055,7.22557581693074
16.25053184546,12.6538983244026,8.93362012102037,93.3330149944151,26.100528815536,15.1854692809636,17.0502543034563,-29.084236839183,1.41562986105495,6.95692984003441
15.4123975057151,12.8679959344757,9.64913809559958,93.8968105517379,26.7179587906965,15.415923567425,17.4422519267482,-29.0522469361494,1.38486016858784,6.68296098932949
14.5626830834961,13.1218840843958,10.3739134155794,94.4392863611627,27.5053522317959,15.6056232223329,17.8939235766794,-29.0207952876647,1.35901065692855,6.40213087063031
13.7052838084449,13.4169234296169,11.1040785754855,94.9523645127617,28.4701107922603,15.7560069002789,18.407700317846,-28.9901417377733,1.33819882058233,6.11385096051116
12.843551895319,13.7535787707479,11.8347650005793,95.4282450342033,29.6132430128419,15.8699257460338,18.9813757510288,-28.9597539977354,1.32251764839674,5.81853038341954
11.980274126264,14.1314690862596,12.5601640996898,95.8596539577764,30.9289087826156,15.9506622055021,19.6073756853421,-28.928503177794,1.31186037742296,5.51745265824182
11.1176508382262,14.5494234110938,13.2736142624938,96.2400097631626,32.4041281825873,16.0009132017893,20.2725639380698,-28.8948928685624,1.30590194829845,5.21288768094697
10.2572553179783,15.0055807090946,13.9676131645856,96.5634838693695,34.0181844859623,16.0219779337289,20.9587120075838,-28.8572220416403,1.30418031403434,4.9083489347123
9.40004622888487,15.4975219447356,14.6337546193717,96.8249418762433,35.7418698522078,16.0135903114807,21.6438394611255,-28.8137587162116,1.30613090725722,4.60854121481588
8.54654759047914,16.0223461150625,15.2627995136546,97.0197871592051,37.5376732552258,15.9743596535251,22.3046625865022,-28.7631342692975,1.31084858446761,4.31850655655803
7.69720696387988,16.5766549553102,15.8450609105307,97.1438214905431,39.3618800039306,15.902565710287,22.9197803008368,-28.7049186529347,1.3166336377129,4.04228000665479
6.85279218863654,17.1565150526811,16.3710673908174,97.1933239579532,41.168388611637,15.797167126238,23.4723736071254,-28.6399882657303,1.32077214903893,3.78202305831373
6.01466916682724,17.7575243751786,16.8323717240004,97.1654840739509,42.9135674638782,15.6587842822614,23.9514160205648,-28.5704555058789,1.31981179458515,3.53801096250272
5.18485433448544,18.3749763928378,17.2224217853276,97.0591494307755,44.5616696912282,15.4900331597115,24.35158233958,-28.4992175531964,1.31024318828161,3.30928416356886
4.36581235635554,19.0039503079441,17.5374046787715,96.8756640345643,46.0895552138405,15.2947285759982,24.6726027619146,-28.4292708130074,1.28934904277294,3.0946865709388
3.56012197043053,19.6392928739412,17.7768851050106,96.6194383673463,47.4886130328322,15.076508737317,24.9183526895219,-28.363102358359,1.25575232871377,2.89354104748437
2.77015991516661,20.2755975219175,17.9440727959854,96.297907204266,48.7629477201065,14.8381634947643,25.095727971011,-28.3024094030128,1.20934587081142,2.7054861576428
1.99785270989336,20.9071977574366,18.0456375655319,95.9207124576311,49.9249588918919,14.582415404958,25.2136096619465,-28.2480409111505,1.15088739798521,2.53011722020663
1.24459626302012,21.5281834997071,18.0910269916665,95.4982832295805,50.9900348348058,14.3134104834174,25.2820548217711,-28.2000248128612,1.08166423138517,2.3669984361708
0.511467276863499,22.132514564566,18.0913397788841,95.0403382425736,51.9716943187744,14.0373423020956,25.3114178433072,-28.1577339697223,1.003256881773,2.21580595632799
-0.20036298509644,22.7142549453823,18.0579919413237,94.5548585490475,52.8784516954146,13.7617261044019,25.3111718069191,-28.1201966611103,0.917288820458013,2.07633517582514
-0.889259398183085,23.2678860541729,18.0014828578771,94.0477457671176,53.7133374119989,13.4941822276579,25.2885185047334,-28.0863914913136,0.825237031007222,1.9483576829255
-1.55299037634951,23.7886490351336,17.9304848484505,93.5231149424908,54.4758937508615,13.2414039889451,25.2472094750699,-28.0553794936003,0.728433867623997,1.83138676901861
-2.18892848424069,24.2728776264411,17.8513716945481,92.984109085141,55.1653557328627,13.0083202417861,25.187343619198,-28.0263059480314,0.628197925748645,1.72454756864143
-2.80015128503452,24.7170258201312,17.7731578872867,92.436570668784,55.8129226282144,12.8613772306892,24.9196476569746,-27.9986018171023,0.526426350780481,1.62940342421021
-3.37392850996518,25.1229089960727,17.6878334283503,91.8798601270502,56.3633449481948,12.6706109339576,24.8148719227637,-27.971055641721,0.423891006895312,1.53954037912591
-3.91449847384886,25.4899586051779,17.600541421954,91.3222696570644,56.8546624191441,12.4958965058016,24.6971923608187,-27.9433737666756,0.32273287827551,1.45646714052727
-4.42265901939507,25.8200804983955,17.5105421023778,90.7712321014207,57.2978047593799,12.3394994823008,24.5600284088294,-27.9151570633616,0.224832642606708,1.37946778379381
-4.90003583158943,26.115962968445,17.4163398396032,90.2350311678601,57.7001670625656,12.200994100872,24.4100055264816,-27.8862575586914,0.131940209020514,1.30774241410732
-5.34911947253472,26.3807011054893,17.3159708725018,89.7219117681881,58.0650807053758,12.0831623801484,24.2570647076666,-27.8567169766889,0.0455154101824472,1.24049470440077
-5.77292910811624,26.6173764544357,17.2072094392077,89.2392375729405,58.3916143546744,11.9924254038004,24.1118374465601,-27.8266954260998,-0.0334425335934587,1.17702387637724
-6.17461009172728,26.8286773864459,17.0878882449585,88.7929472287309,58.6760943805173,11.9368100625904,23.9835709290584,-27.7964304805302,-0.104509349145284,1.11688309436314
-6.55708735828573,27.0166973539871,16.9563034169644,88.3873199928531,58.914723689508,11.922809817183,23.8784993562966,-27.7661707512414,-0.167846840384663,1.06004553002439
-6.92283563731493,27.1829560707725,16.8116018675126,88.0249167703431,59.1060688033197,11.9526127799506,23.7987859298655,-27.736091865315,-0.224097269911894,1.00698464600011
-7.27374882804496,27.3285501699559,16.6541432872436,87.7065763359531,59.2526131700947,12.0225612642473,23.7425439966826,-27.7062997244235,-0.274222241464567,0.958585698426128
-7.61108070670877,27.4543376284908,16.4857318148413,87.4314399405968,59.36123452259,12.1233099364495,23.7050206532913,-27.676904091829,-0.319382480307935,0.915894642185901
-7.93544617699033,27.5611194635108,16.3094971285996,87.1970261350307,59.442464613333,12.2417267072069,23.6802696479211,-27.6480264481673,-0.360837789004259,0.879820786222766
-8.2468411058477,27.6497792322974,16.1294381395635,86.9993775892631,59.508376946984,12.3637683619977,23.6627471369423,-27.6197244649206,-0.399763862814157,0.850919067456461
-8.54463552284772,27.7213700741012,15.9498850313171,86.8333468671977,59.5697433106546,12.4772540384835,23.648499783414,-27.591955761538,-0.437009330579472,0.829279432281933
-8.82757459668629,27.7772140346598,15.7750388405854,86.6931380251964,59.6338140333613,12.5738727025982,23.6354738734201,-27.5646533141025,-0.472923419104731,0.814510810307402
-9.09382847729975,27.8190263186216,15.6086012407386,86.5730964574598,59.7036317872412,12.6500030535341,23.6229075792382,-27.537847191221,-0.507343686859164,0.805806641265469
-9.34027273780357,27.8485898551636,15.4541127929326,86.4690033847581,59.7787957657082,12.7053948186064,23.6110361786437,-27.5117922212081,-0.539675413466988,0.802177580476355
-9.5650799511777,27.8689799711985,15.3134536236741,86.3769827712939,59.8563122090081,12.744044197374,23.5987181797943,-27.4869155401945,-0.569388055903971,0.802060952736355
