-7.84112940150518,44.3245337415749,-9.12921200804895,79.4118714665592,48.2857699559633,27.7333952150952,23.0927383177291,-20.5982981697787,-8.51152245987715,-19.242660311088
-7.54836117920425,44.2836292976856,-8.98203562413448,79.8639791221158,47.7338334612344,27.9337406811542,23.0775290871424,-20.598443104972,-8.48138818227405,-19.1852537499513
-7.24095774098879,44.2379451787304,-8.83397698784104,80.3197600990954,47.14930161643,28.1831231437213,22.9227856172952,-20.598688816235,-8.44966838404096,-19.1275077858731
-6.90543661223344,44.1842800229949,-8.68397934112271,80.7803155402579,46.5406054719919,28.4650598492609,22.7320478087521,-20.5973760768887,-8.4160548598717,-19.0734901539512
-6.53308170783113,44.1193045527157,-8.5321122631165,81.2456532681163,45.9015172930033,28.7782018616226,22.5243464296054,-20.594068617647,-8.38044623866667,-19.0252220409884
-6.11802264653817,44.0410193895272,-8.37830571805716,81.714111613183,45.2315683574944,29.1191160503252,22.3040746156867,-20.58872871577,-8.34287112393581,-18.9839646276945
-5.65443283084856,43.9477892845112,-8.22249443455425,82.1840436456863,44.5326832195555,29.4829628911703,22.0725242998911,-20.5815048300863,-8.30335624415241,-18.9506371363381
-5.13754248625456,43.8387102313801,-8.06503610451511,82.6532710811872,43.8101122596728,29.8634482081056,21.8275424797785,-20.5727124677667,-8.26198940584515,-18.9257392942303
-4.56368584865211,43.713523682227,-7.90683605444021,83.1190775454367,43.0711538613193,30.2526145026615,21.5654083169911,-20.5626941635567,-8.21896289971516,-18.9094056831048
-3.93030677627626,43.5724713899655,-7.7493284369763,83.5782724164308,42.323411801727,30.6402545574486,21.2824899345559,-20.5516608117187,-8.17457358692284,-18.9014164953695
-3.23601626444443,43.4162176142317,-7.59448112733705,84.0273725067687,41.5735732872686,31.0140986044256,20.9757922823756,-20.5396079490178,-8.12916397681147,-18.9011209050105
-2.48064041436975,43.245822474323,-7.44483930065207,84.4628459311995,40.8271252134767,31.3609208112758,20.6426976719073,-20.5263816933711,-8.08303721041407,-18.9073291804799
-1.6651508666757,43.0627025395674,-7.30350137796543,84.8812921965529,40.088840743025,31.6677129624399,20.280728584244,-20.5118788563439,-8.03635250426668,-18.9182592146619
-0.791448919163296,42.8685802868367,-7.17400767016559,85.279474799378,39.3635114843593,31.9223612081211,19.8877829712113,-20.4963070819989,-7.98897575986118,-18.9316602567809
0.137929650649464,42.6653901536821,-7.06015831101002,85.6542568532076,38.6562039326609,32.1135102181178,19.4629943276786,-20.4803616775932,-7.94035692933981,-18.9451766269551
1.12009111125883,42.4550459055938,-6.96578215836652,86.0025507043284,37.9718951746025,32.2299326436717,19.0078543643942,-20.465115766074,-7.88961756271514,-18.9567311330817
2.15199579538878,42.239129726889,-6.89455839329592,86.3213096273641,37.3150955278763,32.2605709777836,18.5269332835276,-20.4516508616419,-7.83585426891162,-18.9646564032149
3.23059900924955,42.0187080486682,-6.84994042987903,86.6075113098774,36.6897816585224,32.1955541665112,18.0282578677059,-20.4407450822861,-7.77840460243584,-18.967625019445
4.35287742328093,41.7943229464908,-6.83510783557688,86.8581287091313,36.0993911425674,32.0274508220069,17.5235870111155,-20.4328091845623,-7.7169252355575,-18.9645488090057
5.51454361520496,41.5619925385571,-6.8735738839415,87.0725909944925,35.4469753763372,31.8305772497849,16.8617750675533,-20.4299198688477,-7.65229384641286,-18.9554117994285
6.71435363856273,41.3293958010471,-6.92789662765916,87.2437350145864,34.9293071132063,31.4536610808173,16.388125333701,-20.4282075759766,-7.58292796079684,-18.9374511731216
7.94780889016631,41.0920906530921,-7.01999555625017,87.3704533084926,34.4486915720511,30.9767119772973,15.9650249103238,-20.4296249888874,-7.51006078785736,-18.9109166532355
9.21023230815134,40.8499314960405,-7.15280534582586,87.4505427548312,34.0009182169622,30.417868213935,15.6003321741151,-20.4342988814161,-7.43409652342799,-18.8748481150987
10.496565626584,40.6028300957285,-7.32907947136212,87.4825016743326,33.5771076588618,29.7979093530388,15.3040889331972,-20.442582693419,-7.35537406117438,-18.8282180898792
11.8013038710276,40.3509511918653,-7.55120327000734,87.4657829259189,33.1659455570662,29.1407860272962,15.0816408168006,-20.4551736380468,-7.27395209857041,-18.7698995063921
13.1187754586975,40.0946858304543,-7.82082520068123,87.4006760862376,32.7553205330764,28.4706926588139,14.9335726096671,-20.4731403468842,-7.18943296793516,-18.6988274375998
14.4433920216034,39.8345221364572,-8.13851124394982,87.2880102112454,32.3337597533111,27.8092658121064,14.8566359962672,-20.4977713772808,-7.10094712387632,-18.6141831811071
15.7697607227796,39.5708123075447,-8.50349483888307,87.1288420289663,31.8918015488062,27.1741712276408,14.8448011912062,-20.5302187905648,-7.00737045605458,-18.5154633416397
17.0926601306466,39.303516894497,-8.91356045439214,86.9241943270646,31.423327295828,26.5793073853065,14.8901238759596,-20.5710720752401,-6.90768281417562,-18.4024265737534
18.4069311484908,39.0320629404456,-9.3650181287006,86.6748669633686,30.9266615249076,26.035706301146,14.9836009980705,-20.6200886586756,-6.8012680260354,-18.2749717271368
19.7073466933516,38.7553710588379,-9.85276380144349,86.3813948233794,30.404868213166,25.551967859053,15.116186658538,-20.6762290827526,-6.68800647515986,-18.1330174705989
20.988476583774,38.4719855277183,-10.3705219335112,86.0442193831449,29.8646445094759,25.1339478109689,15.2797749420371,-20.7379372361937,-6.56821633148367,-17.976450759312
22.2445462173616,38.1802327815656,-10.9112574790524,85.6639740743604,29.3143018912512,24.7842778870597,15.4678449684804,-20.8034268868278,-6.44259377409464,-17.8051505059254
23.4693803129155,37.878400470379,-11.4676013242099,85.2416684217716,28.7619992927683,24.5021834946062,15.6757627311209,-20.8707925102502,-6.3121592392483,-17.619049401696
24.6565306761877,37.5649476358299,-12.0322242528454,84.7787046190324,28.2146342017128,24.2836416730212,15.9008694989416,-20.9379808717917,-6.17812108033738,-17.4182010720192
25.7994739207632,37.2387296665605,-12.5981630594665,84.2769027035686,27.6773047097893,24.1218944984418,16.1421389111982,-21.0027498323746,-6.04166561781873,-17.2028567211676
26.8916537923799,36.8992077775079,-13.1589979623178,83.7387410541838,27.1534569778224,24.0083123121663,16.3991684318429,-21.0626939049778,-5.90377192681402,-16.9735521058862
27.9263860989742,36.5466297625158,-13.7087984512154,83.1678313409045,26.6454960429781,23.9334119041634,16.6710325790921,-21.1153846108338,-5.7651006843276,-16.7311620223841
28.8968443436468,36.1822193916504,-14.2419401401941,82.5694934294131,26.1551396604248,23.8878791026558,16.9556982995246,-21.1587098844284,-5.62596586577065,-16.4768864320478
29.7962435935811,35.8083526998983,-14.7529941645011,81.9512254082873,25.6831177756002,23.8635816095456,17.2499453491207,-21.1914201471857,-5.48642305086497,-16.2121755990937
30.6182156421968,35.428563896268,-15.2368494251777,81.3228408594199,25.2285468596767,23.8544358154098,17.5494264821275,-21.2135442246226,-5.34642840692492,-15.9386747935979
31.3573127511817,35.0473140842227,-15.6890435106277,80.6961934388936,24.7887171447721,23.8567825381457,17.8488132943371,-21.226317832465,-5.20593687190297,-15.6582559762765
32.009546542523,34.6695978506424,-16.1060936108603,80.084566796156,24.3598378909649,23.8688910549277,18.1421970513841,-21.2317580250166,-5.06491602919609,-15.3730846719138
32.5728798606704,34.3004288511899,-16.4857209383313,79.5017933763421,23.9384645380188,23.8897070749348,18.4237115334484,-21.232205377375,-4.92334042221694,-15.0856583367965
33.0475853308371,33.9442750652163,-16.827052625085,78.9611596750565,23.5226973241236,23.9177761769133,18.6879987029719,-21.2299487119815,-4.78119407779544,-14.798801781399
33.4363928242419,33.6045830472247,-17.1308282122586,78.4742150265554,23.1124000688413,23.9512103054056,18.9304325331291,-21.2269360940964,-4.6385058442371,-14.5155965415894
33.7444416303807,33.2834795629067,-17.3995005009968,78.0496539329358,22.7082938881233,23.9884842638945,19.1474690443104,-21.2246354500317,-4.49540899681023,-14.2392355932835
33.9791236889492,32.9816388276206,-17.6371447673611,77.6924778689229,22.3106096679218,24.029164824687,19.3370917354761,-21.2241207140255,-4.35216127815645,-13.9728575131045
34.1498311727244,32.6982446022095,-17.8491838126247,77.4036096065549,21.9183893566164,24.0742137055828,19.4989408612404,-21.2262965674607,-4.20911459936871,-13.7194381498983
34.2675274678907,32.4310552436549,-18.041953363409,77.1800266199994,21.5299204962734,24.1262467772882,19.6340666083293,-21.232055413457,-4.06668733644941,-13.481758337714
34.3440737556366,32.1766939111292,-18.2220994193608,77.0153807060652,21.1438920345089,24.1899449438528,19.7444885311642,-21.2422465096606,-3.9253819022064,-13.2623469567931
34.391353505588,31.9311948014287,-18.3958446736466,76.9010297864404,20.7602094283561,24.2722567810801,19.8327952208292,-21.2575318921733,-3.78584842281891,-13.0632443313133
34.4203746909725,31.6906042282854,-18.5683553146747,76.8273259800496,20.3794551822512,24.3820847752481,19.9020710272055,-21.2782643346986,-3.64895468811288,-12.8856051996481
34.4405555714653,31.4514095373116,-18.7434738466637,76.7848246119757,20.0013213755474,24.5297200075778,19.9559728036299,-21.3043850775477,-3.51580408517381,-12.7293993903572
34.4592990086126,31.2107928644881,-18.9236820471358,76.765069965232,19.623484766299,24.7260931337653,19.9985095267119,-21.3353410598535,-3.38767277175066,-12.5934485367403
34.4818177183404,30.9667970725066,-19.1099077297557,76.760882825058,19.2418061908983,24.9813824179898,20.0336640700771,-21.3701279274523,-3.26590530390302,-12.4757789053956
34.5110910303392,30.7184232777003,-19.3011902019934,76.7663297602854,18.8514130376696,25.3033115690568,20.065193221609,-21.4074647685233,-3.1517910707901,-12.3740593878269
34.5479377825959,30.4656820085844,-19.4945912606092,76.7766293813767,18.4477945416656,25.6958372662022,20.0965189047635,-21.4460060729131,-3.0463774491662,-12.2859527219348
34.5912823065088,30.2095925092149,-19.6854958156762,76.7881724471649,18.0279498469187,26.1578831395757,20.1305406377847,-21.4845479619713,-2.95024738745616,-12.2093815758235
34.6385873667744,29.9521019856654,-19.8681443299239,76.7987203327874,17.5921877657209,26.6816059839485,20.169291135003,-21.5221982458281,-2.86338408435931,-12.1427109707528
34.6863773343404,29.6959621368106,-20.0363232710619,76.8077707761952,17.1462017241877,27.2509180597835,20.2135003592315,-21.5584596490643,-2.78518824707189,-12.0847740291506
34.7308699531658,29.4445674499337,-20.1843232469824,76.8169178471348,16.7018844497231,27.8424709035255,20.2623211453497,-21.5932152081846,-2.71460771829506,-12.0347481273835
34.7687507030778,29.2016753088203,-20.3082819156979,76.8297771075408,16.2752844199105,28.4309147182191,20.3131471466432,-21.6266619765373,-2.6503290122785,-11.992033548967
34.7979586389708,28.9709486028089,-20.4076554220573,76.8510420615712,15.8817162034258,28.9964291609266,20.3613719748497,-21.6592240964917,-2.59102366698644,-11.9562445445247
34.8181973383743,28.7553636991381,-20.4860810961192,76.8848100547413,15.5303004776743,29.5295465687563,20.4008366805147,-21.6914097094445,-2.53560594686617,-11.927238455308
34.8309429537294,28.5566909347635,-20.5509517762433,76.9330092168755,15.2208984644937,30.0307550762702,20.425672909908,-21.7236408488234,-2.4834031357996,-11.9050384467522
34.8389482862158,28.3752842630378,-20.6117411328908,76.9947690108912,14.9445458630155,30.506694647086,20.4327004823438,-21.7561870470099,-2.43418175920492,-11.8896051930989
34.8454664148812,28.2102171920343,-20.6779326273446,77.0669220996962,14.6858351668549,30.9660222933789,20.4229656267367,-21.7892205141406,-2.38803240408937,-11.8805455452428
34.8534879918491,28.0596651806883,-20.7573129553613,77.1451507507049,14.426002954603,31.41667289462,20.4019180776535,-21.8229025691412,-2.34515561867438,-11.8768825223675
34.8651916875131,27.9214198354787,-20.8546857576812,77.2251483334647,14.1471847681684,31.8646180600007,20.3785936827321,-21.8574993623381,-2.30564801474602,-11.876949226069
34.8816602150376,27.7933859053635,-20.9710062555356,77.303518901091,13.8371621723997,32.3135645307391,20.3643246341249,-21.8935263309633,-2.2693894237298,-11.8784035303651
34.9028193089431,27.6739313934998,-21.103206652788,77.3783916305639,13.492496405485,32.7650685329056,20.3711244886828,-21.9317952306662,-2.23604462128332,-11.8783528219297
34.9275795246359,27.5620740874947,-21.2448456845808,77.4496707857553,13.1188565545749,33.2186923133253,20.4096643450847,-21.9732805410283,-2.20510159383717,-11.8736111085813
34.9542072571507,27.4575660115396,-21.3875049901641,77.5188106208343,12.7285492416888,33.6721995193828,20.4870244031748,-22.0188768491391,-2.17587200637358,-11.8611095940763
34.9808403186301,27.3609408627443,-21.5226800836577,77.5881894468183,12.3360894810248,34.1222725965312,20.6047986920761,-22.0691775023467,-2.14747871362556,-11.8383816291056
35.0059097323465,27.2735552951061,-21.643570657676,77.6603902308535,11.9538673404295,34.5660567184877,20.7582974288936,-22.1243845374353,-2.11890123079059,-11.8039412899054
35.0282849628099,27.1975662950802,-21.7460563590543,77.7376954655194,11.5899964901592,35.0027737369365,20.9373245656966,-22.1843594299439,-2.08909784130166,-11.75741938864
35.0483405662495,27.13716050667,-21.8141075031841,77.8126112021924,11.304677456688,35.3885304486153,21.1382147741473,-22.2485820459024,-2.05786416589352,-11.699918425715
35.0619084591806,27.0907770337973,-21.8918049685346,77.9143249600347,10.9267189535558,35.860242790722,21.32028891577,-22.3168761895571,-2.02255660183155,-11.63144416604
35.0728630245539,27.0664197089693,-21.9232019994846,78.0074582608803,10.6803754231984,36.2465906352838,21.5041463848154,-22.3879377499429,-1.98558101559264,-11.5557427538951
35.0767296320404,27.0616835886293,-21.9485098563591,78.1190936823776,10.4043566681125,36.6675250009028,21.6590607792021,-22.4621474220551,-1.94510972128942,-11.4728748571211
35.0731418775715,27.0778960542117,-21.9551248584128,78.2435700458183,10.1489746010917,37.0867840677833,21.778805773804,-22.539072493195,-1.90203845965412,-11.3848464246359
35.0606732055538,27.1136890089522,-21.939010906061,78.3829018140126,9.92151035924974,37.4887555619411,21.8629701297785,-22.6188779586858,-1.85693130124288,-11.2926179234844
35.0378680937636,27.1661857806664,-21.8958458572104,78.540876887137,9.72730292963215,37.8576712065628,21.9122538858695,-22.7018131126539,-1.81031520238328,-11.1966328306186
35.0309533636623,27.2120436224077,-21.8567745578399,78.7159660555938,9.37799242595375,38.0884617365195,22.1015438590293,-22.8059708864081,-1.77108259219194,-11.1128763019251
34.9880817959988,27.2841470604156,-21.7342291344603,78.9168728488221,9.3227413666399,38.3185123516259,22.1061966879504,-22.8963600402909,-1.72260927489599,-11.0107170620312
34.9320705449354,27.3568942269165,-21.5795372139578,79.1559982786709,9.26991962971466,38.4933724088566,22.0868657170233,-22.9908448951017,-1.67413133327104,-10.9033260666992
34.8641859881212,27.4262242290105,-21.3757745224373,79.4286614546872,9.28924012569169,38.5870499576378,22.0367965429528,-23.0875265769217,-1.62613532863816,-10.7907804984088
34.7869272776886,27.4867298124868,-21.1242825159261,79.7374856996304,9.358592528563,38.5838553378527,21.9741561757008,-23.1855177611012,-1.57925286026152,-10.6735555016007
34.7035185765088,27.535478714123,-20.8233154842972,80.0817473383599,9.48168967223176,38.4779615401005,21.9023780511713,-23.2835494724057,-1.53348160052499,-10.55226652736
34.6184795006909,27.5711784725593,-20.4747482087374,80.4601160357618,9.65295241310739,38.270480475983,21.8241687931441,-23.3801899622247,-1.48844199108628,-10.4282324216237
34.5372770239913,27.5943793107288,-20.0821977197201,80.8699406476306,9.86564715265902,37.9695783295141,21.7402122735828,-23.4739026403615,-1.44355169483872,-10.3032346847782
34.419742443104,27.6316913926052,-19.6447643418851,81.3375358834097,10.0765282514602,37.558829132349,21.4224631425762,-23.5310517212316,-1.39827707575887,-10.1596534834634
34.3615681487591,27.6390588048903,-19.1852861645547,81.8015942864625,10.3124232223569,37.1064893241926,21.2997040044388,-23.6119929007431,-1.35296181946903,-10.0385797881974
34.3262726175998,27.6426995472565,-18.7002467695138,82.2834154161374,10.5569858023008,36.623815497518,21.1785628072691,-23.6865229404721,-1.30632831807659,-9.92262428094032
34.3188073155883,27.6465380577777,-18.1951914173143,82.7776025266869,10.7971543965815,36.1335092989706,21.0537308383649,-23.7530927827599,-1.25884586570831,-9.81273821828475
34.3963225625435,27.6218125727501,-17.660065694736,83.2351291134212,11.1277468311557,35.7113764706742,21.2270508817236,-23.8498480240607,-1.21343488077629,-9.7258930104747
34.4087010505373,27.664481186304,-17.139257547649,83.7763099635667,11.2388820714753,35.1922904994138,20.8157413241975,-23.8611301229415,-1.16352286137345,-9.61454796843591
34.570425972128,27.6465018786474,-16.5710833844926,84.2176970829837,11.5585090419405,34.8162762985803,21.0450825096237,-23.9420950813439,-1.12113749758976,-9.5420040756139
34.7274198029472,27.6665738074019,-16.0171808162955,84.6917398312229,11.7421592897335,34.4106769646846,21.0293251099364,-23.9727915076024,-1.07506164382011,-9.46470734589021
34.9311243839993,27.6887244553633,-15.4463388874228,85.138430317072,11.9036190065991,34.0259263393698,20.9834905891241,-23.9962822646624,-1.03383945164881,-9.3933793735307
35.116569564903,27.7517186647647,-14.8979058963364,85.6116285925275,11.8124408159738,33.57585371517,20.4088358199716,-23.9637838962528,-0.993927004137745,-9.31438574147123
35.4170260273501,27.7805402212452,-14.3170429380434,85.9933659882874,11.8756138100722,33.2277939906139,20.2990064604853,-23.9657595293655,-0.960090457669893,-9.25836099715177
35.7702124211025,27.8106555169977,-13.7261544728029,86.3280026865787,11.9335526806105,32.9073294763262,20.213837983924,-23.9615004659213,-0.930092269032531,-9.20856008378865
36.1742149521785,27.8428074860678,-13.1263785546516,86.6097844256142,11.9798843566852,32.6099791081895,20.1293105328914,-23.951313815167,-0.904748072994658,-9.16351637337297
36.6276315669981,27.8771811703267,-12.5173855671609,86.8319051721428,12.021374408695,32.3335875670154,20.0406642400106,-23.936207391175,-0.884117944774854,-9.12187331969288
37.1285253859609,27.9137857340394,-11.89890976309,86.9876375399721,12.0650753209224,32.0761168045971,19.9454875920717,-23.9168655578076,-0.867874227575451,-9.08222238129905
37.6745364205466,27.9523850523217,-11.2710208016325,87.0705769176208,12.1164846667878,31.8349655999682,19.843947511636,-23.8937488286668,-0.85539940432602,-9.04304723067417
38.2574562226179,27.9950191013169,-10.6189670975054,87.0727261150942,12.1979721972033,31.5911590661609,19.5974361101794,-23.8720139446171,-0.850094451177764,-8.99906693738738
38.8849852261103,28.0361109781289,-9.97274443558206,86.9937058097886,12.2776961156451,31.3688914529257,19.48325225425,-23.8430109767495,-0.842473790180484,-8.95478401387399
39.5487676504511,28.0765824147444,-9.318447417126,86.8279668325462,12.3781231826088,31.1503753020445,19.3783452425863,-23.812025982036,-0.835282502403554,-8.90441973038151
40.2451243421836,28.1148743668732,-8.65659937728952,86.5739205022577,12.5036523080887,30.9330687404643,19.2847384093014,-23.7799612200753,-0.827247974512811,-8.84585929265682
40.9701816985457,28.1492601769786,-7.98749812435393,86.231539053743,12.6599892170503,30.7155618963995,19.205996773224,-23.7477663996928,-0.817081055022335,-8.77759903914252
41.7197939506501,28.1781942972917,-7.31172611775204,85.802380022114,12.8517945055263,30.4988174217383,19.1447743660978,-23.7161404244051,-0.80357981343834,-8.69875900016736
42.4895971830586,28.2005339442021,-6.6304156926351,85.2894158204371,13.0814129516066,30.2866081601961,19.1030139955306,-23.6853873429198,-0.785784486536772,-8.60919112123342
43.2750864227534,28.2155986610008,-5.94523280697368,84.6968282366217,13.3482719578544,30.0849398996873,19.0824874257499,-23.6553922518025,-0.763167764643697,-8.50964727169945
44.0716624197874,28.2231665797825,-5.25818005032004,84.0297558324599,13.648871577863,29.9008896964653,19.085155643373,-23.6256465852347,-0.735736187505829,-8.40163942797467
44.8746703931187,28.2234339857006,-4.57134089151751,83.293930868669,13.9773756628943,29.7412771148802,19.1131020219095,-23.5952863275869,-0.703950227439624,-8.2868289790762
45.679572190295,28.2168856635086,-3.88651379810762,82.4951563166616,14.3272386771575,29.6113266951783,19.1682543551902,-23.5632899492534,-0.668459561350056,-8.16635008972705
46.4822632739356,28.2041698057721,-3.20481052975119,81.6387896392628,14.6931087072797,29.5137546034612,19.2521551837646,-23.5289457598876,-0.629786407843119,-8.04045944043014
47.2793386033686,28.1861880794788,-2.52645686109168,80.7295329288067,15.0715128068477,29.4488044840245,19.3656026583288,-23.4924192642252,-0.588184064615623,-7.9085598266018
48.0682029279298,28.1643815455964,-1.85084247913833,79.7715515922423,15.460383959323,29.4150904134989,19.5082168645752,-23.4551376063256,-0.543745052644278,-7.7695945747719
48.8470777643958,28.1408253311621,-1.17676463052061,78.768650388949,15.8585748291454,29.4104926201184,19.6784391096237,-23.4197252433116,-0.496594783285085,-7.6225791317756
49.6149225049337,28.1179166903776,-0.50285230502788,77.7243300967643,16.2658215978822,29.4327528833384,19.8737050899108,-23.3892899648355,-0.447021343133456,-7.46696975983557
50.3712820969097,28.0978668269068,0.17197631035644,76.6416984885782,16.6828475255373,29.4798652603918,20.0902667083141,-23.3662894532917,-0.395519840164169,-7.30284456321406
51.1161709802388,28.0822427998623,0.848217300567509,75.5232318222864,17.1110103887798,29.55017158823,20.3234368794463,-23.3517260494431,-0.342693328013261,-7.13087149987215
51.8500373706755,28.0717393257904,1.52566596610955,74.3705125137197,17.5511774696546,29.6422656599875,20.5690057332364,-23.3451138382805,-0.288978326052555,-6.95207379552705
52.5737179673717,28.0663441134885,2.20342113376907,73.1842021916555,18.0022963692175,29.7550137481342,20.8246001349177,-23.3449537470402,-0.234381947535816,-6.76763986514929
53.2883142044694,28.0658380436427,2.88003296790852,71.9643874167059,18.460537203732,29.8876472214245,21.089573063885,-23.3493123774236,-0.178415630218504,-6.57894599670451
53.99498699938,28.0702772810362,3.55381372147186,70.7111385847189,18.9195760402841,30.0399578433597,21.36404780339,-23.356241661791,-0.120191340499824,-6.38766715721475
54.6947778732087,28.0802138145818,4.22321297880289,69.424983131618,19.3719335707015,30.2127773520579,21.6481850956952,-23.3640398394958,-0.0585983933008338,-6.19582010744291
55.3886067864642,28.0967550031231,4.88712167646915,68.1071279039954,19.8107468269626,30.4081789391881,21.941710860669,-23.3715455466001,0.00748224168085772,-6.00573988354661
56.0773584022136,28.1215191812318,5.54500924759951,66.7594151646644,20.2311765427793,30.6286420839937,22.2436379970211,-23.3782645201421,0.07901271596752,-5.8198825968424
56.7618591524478,28.1563845462026,6.19691312447906,65.384078745402,20.6307964904799,30.8755245568406,22.5524382822224,-23.3839899297553,0.156750295867805,-5.64028512804441
57.4428191497326,28.2031435135313,6.84351312582744,63.983488444255,21.0089514099489,31.1475465747605,22.8669574186517,-23.3882988406855,0.241229733180611,-5.46805683076418
58.1208725109185,28.2633112023008,7.48646674746142,62.5601030500832,21.3658810076835,31.4396410202914,23.1876049500801,-23.3906407330365,0.332630087155073,-5.30340888180812
58.7965736556994,28.3380161207517,8.1287375617371,61.1166270588555,21.7026285562962,31.7429278134371,23.516512650047,-23.3908735709048,0.430597784100634,-5.14599123442271
59.4702022983147,28.4277587785268,8.77459114171124,59.6561834028506,22.0219567836804,32.0463462736364,23.856523641868,-23.3894755483906,0.534242652379626,-4.99508969081101
60.1414631842891,28.5322010040923,9.42934221446444,58.1825010278395,22.3292973574712,32.3392303080618,24.2100881227183,-23.3873132948606,0.642321084549631,-4.84963540480942
60.8092334899044,28.6503223443336,10.0989954950994,56.7002024723558,22.6327498586834,32.613778632714,24.5783548816693,-23.3854360955549,0.753452957009472,-4.70816013100729
61.4714752972881,28.7809851300185,10.7897612212794,55.2150110384489,22.942046204,32.8667942131924,24.9602684167112,-23.3850987247593,0.866270832044609,-4.56882334912727
62.12538687734,28.9235922659222,11.5074938220805,53.7335479067838,23.2670116357781,33.1002236816193,25.3520743091984,-23.387826711571,0.979464437560827,-4.42958505552479
62.7677818800022,29.0782604065946,12.2572067195299,52.2625740796259,23.6162611488575,33.3201553576377,25.7479456796574,-23.3951899333275,1.0917759293373,-4.28849903962524
63.3956354815657,29.2452531417834,13.0428987384792,50.8079280255902,23.9965924228484,33.5344202154203,26.1418810322897,-23.408263868736,1.20204851725019,-4.14400430668015
64.0066937426765,29.4242813044967,13.8678981798085,49.3736430862563,24.4130691849677,33.7497017240474,26.5298999503251,-23.4273096162432,1.30929373929132,-3.99507697852033
64.59994133903,29.6143468957517,14.7355519705991,47.9615734211907,24.8694154527139,33.9692834843832,26.9111979082632,-23.4520797344043,1.4126650206647,-3.84123338801774
65.175703306756,29.8140904703074,15.6498431900058,46.5715352821407,25.3684422827264,34.1920312818962,27.2879296622475,-23.4823487488662,1.51138813289061,-3.68247534181863
65.7353333506109,30.0223372798228,16.6157527001809,45.2017504962528,25.9126097208906,34.4126729956994,27.6643964109011,-23.5179473956353,1.60484140641674,-3.51918549167642
66.2807277011135,30.2386250166295,17.6393160642396,43.8493927475999,26.5045083583048,34.6232056290812,28.0462323507844,-23.5583450224783,1.69282955523871,-3.35196378950215
66.8139454921036,30.4635799255785,18.7273772249011,42.5111711987615,27.1469090142483,34.8148909211996,28.4395001482724,-23.6024339772347,1.77581513923212,-3.18151680087757
67.3369132148715,30.6992438851045,19.8872786216961,41.1839730473,27.8425347137189,34.9799397045367,28.8496658460152,-23.648766758534,1.85484814388442,-3.00864860460774
67.8510382175358,30.9494325927169,21.1266147103911,39.8655866884075,28.59367868667,35.1123685125968,29.2807542580222,-23.6959700047917,1.93121699185028,-2.83426010208743
68.3567646341695,31.2198516067994,22.4528259613789,38.5553695652934,29.4016776353639,35.2081314868878,29.7349370434557,-23.7429758631399,2.00608150441961,-2.65931335411047
68.853315183259,31.5177618480965,23.8725344941273,37.2545804000235,30.266384743276,35.2648617023082,30.2125284629188,-23.7890244477457,2.08029138916145,-2.48477606351526
69.3387279303545,31.8513547165644,25.3907527550905,35.9663120136735,31.1856092002584,35.2815856886568,30.7122557041366,-23.8336570324522,2.15438779495924,-2.31153461066411
69.810056058241,32.2288982812394,27.009961480956,34.6952083420496,32.1545576818171,35.2586854875825,31.2315747499303,-23.8767198804629,2.22869038823051,-2.14029941660156
70.2636268275303,32.657516178585,28.7289576551622,33.4470907464107,33.1652982681456,35.1982526727745,31.7667144351078,-23.9182832459675,2.3033802748911,-1.971569457698
70.6953091055752,33.1417041291987,30.5414703333557,32.2286454391765,34.2057283779308,35.1044497613514,32.3127940420525,-23.9585142107294,2.37852046813189,-1.80568143088721
71.1007408035934,33.681984410079,32.4349828453973,31.0472858529031,35.2586299243767,34.9831018386946,32.864660273342,-23.9975543496672,2.4540346245719,-1.64291378131574
71.4755890883074,34.2741040109774,34.3907803691718,29.9109819082186,36.3031064617372,34.840581207069,33.4179848287445,-24.0354619984727,2.5296855310207,-1.48358694555428
71.8158763752843,34.9089919172394,36.38541399336,28.827919843304,37.3182181116704,34.6828375864416,33.9697413562942,-24.0722912612583,2.60505013402029,-1.32809126708411
72.1182088531292,35.5734887805694,38.3921383124291,27.8062113953193,38.2853759426225,34.5151398854846,34.5178375303691,-24.1082533341663,2.67951802223046,-1.17684646595004
72.3798689729041,36.2515883503323,40.3813404019238,26.8536875487223,39.1883681417787,34.3425987663785,35.0599188077043,-24.1438210727844,2.75236609929716,-1.03032697355573
72.5990080221948,36.9257392201791,42.3208702133829,25.9774644043003,40.0131441817018,34.1709342006988,35.591854862252,-24.1797079527848,2.82290669128488,-0.889247588890217
72.7750347681157,37.5780669627932,44.1775522959241,25.1831723658012,40.7484752494273,34.0067100246982,36.1069767475476,-24.2167264980798,2.8906475274984,-0.754767274435137
72.9089624510719,38.1917126610138,45.9200218598259,24.4741571124365,41.3867712254253,33.8568815776336,36.5965167530118,-24.2555655186821,2.95538451907488,-0.628485457977343
72.9972582390165,38.7421937826407,47.4592556348898,23.8655327883988,41.8336554760812,33.7789912212717,37.0090910246859,-24.2939660752888,3.01720575149736,-0.511931324462083
73.0558489906914,39.2372243739584,48.8980253517065,23.3270308069019,42.2710457308134,33.6833635504851,37.4102076101476,-24.3369725451286,3.07638990082439,-0.407294494128542
73.0839023369249,39.6613904767753,50.1698190378748,22.8678770467633,42.6176006477615,33.6089281123185,37.7666370164898,-24.3815718849227,3.1331786450329,-0.315489430613005
73.0850150165609,40.009485156395,51.2653231315834,22.4849796070111,42.8764761960528,33.561663677971,38.0682373267673,-24.4269323569715,3.18756697858497,-0.236774427616434
73.0626730165624,40.2790412471002,52.1837723974155,22.1744731986955,43.0551551968455,33.5400541807464,38.312615752585,-24.4724147547349,3.23942782223979,-0.170562892967741
73.0393360195042,40.4948279453889,53.093488832065,21.9020447715141,43.6248803847259,33.8249158968934,38.164492032649,-24.5557435073188,3.28216984329556,-0.121084895271383
72.9736806710556,40.5965308605204,53.6095123591604,21.7356083549149,43.5393194712527,33.8754203244105,38.2866392788765,-24.5969763390122,3.32910376430712,-0.0762403193744576
72.8973783079149,40.6351204051778,54.0390749543789,21.6161174393826,43.5359933551134,33.9239747987631,38.3611550486797,-24.6408667874499,3.37193781063049,-0.0395172276346953
72.8086927472116,40.6029507060683,54.3188499041667,21.5517509882244,43.4489585604829,33.9585700630927,38.4262701574276,-24.6831980755477,3.41116225918995,-0.00993914012253181
72.7117071908363,40.5112824671477,54.4832906559029,21.5304320204061,43.3392720523774,33.9927767979817,38.4639726138955,-24.7245498622406,3.44630356065821,0.0127227302407969
72.6089818674547,40.3707013881096,54.5456276340269,21.5427001767952,43.2087139763343,34.0223380643801,38.481333427881,-24.7641868196078,3.47747171195171,0.0290222404950072
72.5033322484271,40.1941630022149,54.525344223425,21.5769554283046,43.0708718883233,34.0439183906609,38.4833656897324,-24.8013723426635,3.50517866903068,0.039613393122797
72.397169912972,39.993734341524,54.4388894697663,21.6229286463158,42.9308946999927,34.0529152670995,38.4790022141081,-24.8354632232763,3.53022866427647,0.0454212031199221
72.2922255714253,39.7789430111993,54.2998421405807,21.6736273081835,42.7899914597398,34.0450416684986,38.4787704697988,-24.866213946446,3.55338437555741,0.0476735410502029
72.1891536338653,39.5557953622831,54.1173976099963,21.7269214091557,42.6463060772682,34.0166695770928,38.4931554354589,-24.893938299668,3.57505560654301,0.0478988269899573
72.0876134431254,39.3272990325971,53.8967710345566,21.7852753330226,42.4979380041675,33.9655073439944,38.5305771890461,-24.9194498631841,3.59519323662817,0.0477195970257659
71.9868671370642,39.0948965799652,53.6404395279488,21.8539566549498,42.3443289010751,33.8907615648982,38.5966372496257,-24.9437662153889,3.61343052267192,0.0484650681673593
71.8865954371776,38.8601005634368,53.3500481647579,21.9385509592948,42.1866724508273,33.7928222253141,38.6940181469932,-24.9676978286699,3.62937040406173,0.050763243569387
71.7874972774989,38.6257327174668,53.0284535000287,22.0427412806742,42.0281050223619,33.6729314175147,38.822122103616,-24.9915104657302,3.64286384479769,0.0543093612969898
71.6914587515576,38.3964204948931,52.6812511449046,22.1668076782498,41.8735451662774,33.5332261934456,38.9762014672462,-25.0147797343745,3.65411577369121,0.057886025521283
71.6013821534275,38.1783142703442,52.3175783254153,22.306886191204,41.7289405359859,33.3769696751178,39.1468364665674,-25.0364646887114,3.66352787958877,0.059564121244008
71.5208094605332,37.9781902575264,51.9501272561147,22.455325724389,41.6003761914615,33.2081889536613,39.3212207528278,-25.0551811653186,3.67136169693167,0.0570539139650421
71.4533778223307,37.8022286570263,51.5942660558492,22.6024408142305,41.4940780154035,33.0302749737044,39.4864282328245,-25.0695849933106,3.67746362336854,0.0482267546646412
71.4022233666845,37.6549722462632,51.2666553397655,22.73877549463,41.4174369996175,32.8443616647416,39.6329003873168,-25.0787456729294,3.68125496729556,0.0316798795670938
71.3695215436193,37.5389040829575,50.9837154599999,22.8565433857007,41.37920287939,32.6487018972877,39.7566007957863,-25.0824394423966,3.68197988381639,0.00713370184290012
71.356216753877,37.4545688391597,50.7598172444837,22.9501501254313,41.3876470684543,32.4393367850045,39.8594112840491,-25.0813261321273,3.679075366794,-0.0244248138769026
71.3618740506092,37.4007970163832,50.6051996114538,23.016551193873,41.4479304161562,32.2116584456229,39.9475143005063,-25.0769234861261,3.67245724972502,-0.0609094943453395
71.3846156943154,37.3747444032839,50.5239831451469,23.0556715187495,41.5600327486564,31.9622580261879,40.0282776270838,-25.0712282012218,3.66248209188037,-0.0996834363158273
71.421183675015,37.3718012368091,50.5127044737804,23.070585082503,41.7172157924764,31.6902564402253,40.1075097768844,-25.0661063544085,3.64963614747593,-0.138251515512581
71.4672221890272,37.3856543776327,50.5599721395304,23.0671823061262,41.9055347875489,31.3978033019696,40.1882818206509,-25.0629001124768,3.63430896722592,-0.174683992478745
71.5178534812364,37.4087978818941,50.6481449204999,23.0531612039946,42.1063366249968,31.0901046315949,40.27069324325,-25.0624101841153,3.61681067236824,-0.207744535780813
71.56846071194,37.4334974785424,50.7571256996304,23.0365013040733,42.301860376154,30.7750414150949,40.3519674581672,-25.0650154556537,3.59749157345131,-0.23692665507398
71.6153985702733,37.4528403615894,50.8686000449914,23.0240450348428,42.4804322624446,30.4620128471306,40.4272209415904,-25.0707377973334,3.57684110635432,-0.262408993063308
71.6563828210936,37.4615133663907,50.9688739954821,23.020671901481,42.6380642097413,30.1600386313857,40.4909537381819,-25.079244019297,3.55555498684557,-0.284867476410091
71.6905095490124,37.4563029422766,51.0499991996939,23.0290116817243,42.7767965685521,29.8758720762854,40.5385328213851,-25.0898739905087,3.53457051758118,-0.30518018400523
71.7179861446719,37.4363871446798,51.1095610238882,23.04952027515,42.9018266801407,29.6130314691007,40.567078305309,-25.1017537513267,3.51502676691398,-0.324126628150221
71.7397292917359,37.4032876038951,51.1494036933865,23.08085556512,43.0189794016305,29.3720112823293,40.5757831152899,-25.1139706162886,3.4981062558757,-0.342186565614082
71.7570162592601,37.3603774177566,51.1738865241957,23.1204019746921,43.1331409414612,29.1512676719604,40.5659400456041,-25.1257796310407,3.48478698537006,-0.359477915334288
71.7712835373813,37.3120683288667,51.1883438564338,23.1647263296039,43.2474604918558,28.948471039324,40.5407720415472,-25.1368128368047,3.47560104107927,-0.375781367494886
71.7840477160862,37.2629095827267,51.1980086554618,23.2098968932584,43.3629945736996,28.7616795415766,40.5049751814835,-25.1472242613736,3.47049539151532,-0.390577130560058
71.7969109109978,37.2168378951055,51.2075214933139,23.2517168253004,43.4788903544697,28.5902261875542,40.4639884770566,-25.1576752573916,3.46885406544494,-0.403114152608121
71.8116225175391,37.176811680955,51.2211106163112,23.2858709639208,43.5933065846216,28.4350821728582,40.4232715100355,-25.1691402270392,3.46966904311097,-0.412585910401139
71.8301160716273,37.1448729832746,51.2431213558068,23.307992755948,43.7046157212574,28.298489681589,40.3879035251128,-25.1826710329463,3.47176113254075,-0.418338539830866
71.8543984063944,37.1224233275707,51.2782562600365,23.3138148868308,43.8118944197597,28.1831302163591,40.3624685362146,-25.1992400781398,3.47397253004076,-0.419942009276685
71.8862320141791,37.1105210606636,51.3311066073472,23.2995868845078,43.9143056338649,28.0914364861791,40.350904056473,-25.2196353206011,3.4753167002133,-0.417128228630393
71.9266913507682,37.110119595981,51.4051168169123,23.2627309952086,44.0100085980224,28.0253768828324,40.3561605998796,-25.244396974755,3.47505925083359,-0.409704152506271
71.9757679510685,37.122132394767,51.5014815068482,23.2025204603768,44.0954080405679,27.9866232851878,40.3798087273694,-25.2738331091018,3.47272952857184,-0.397456441645133
72.0322080497311,37.1472278709305,51.6183675843269,23.12053299179,44.1649804297313,27.9768166229631,40.4217644790063,-25.3081173788124,3.46812463019516,-0.380067207348942
72.0936867907023,37.1854450918475,51.7507198177869,23.0206975961374,44.2116801555915,27.9976455720387,40.480204950208,-25.3474517527287,3.46132699635405,-0.357117607607999
72.1572793730406,37.2358444743224,51.8908968294848,22.908887595064,44.2281101572744,28.0506014823348,40.5516993550096,-25.3922025657336,3.45269854830198,-0.32819488584381
72.2200791755732,37.2963041051867,52.0301347801408,22.7921653761271,44.2085099859298,28.1364659302826,40.6315595264057,-25.4428499431277,3.44283754617149,-0.293041952650773
72.2797730626358,37.3634853455127,52.1604340284038,22.6778853972208,44.1510501566854,28.254733347486,40.7143339664771,-25.4997213375791,3.43251854630702,-0.251699405553362
72.3349994445256,37.4330271319448,52.2761525689752,22.5729355503852,44.0592430194747,28.4032663175088,40.7943095538192,-25.5627029436953,3.4226362648011,-0.204634335109886
72.3853923229513,37.4999282137082,52.3744541372528,22.4833915172727,43.9412228213445,28.5783963871956,40.8659792012241,-25.6311374713954,3.41415597145101,-0.152847427896162
72.4313304509021,37.5589460277566,52.4542832309442,22.414644297899,43.8071312836976,28.7753948762308,40.9244443348726,-25.7039315739022,3.40805495211375,-0.0978941043142841
72.473516466674,37.6049840428812,52.5147108804831,22.3717647753925,43.6667511770127,28.9890794325697,40.9655719233881,-25.7797632363587,3.40524172808611,-0.0417547704855709
72.5125631244518,37.6335096045541,52.5538142436301,22.3598195330277,43.528935976353,29.214262481202,40.9859079643502,-25.8572661596794,3.40646621785983,0.0134033200773979
72.5487053224236,37.6407919965135,52.5681277147333,22.3840370493969,43.4015289354564,29.4457618440905,40.9826445687808,-25.9350993618384,3.41226232480342,0.0654627476408127
72.5816458111885,37.6237158285972,52.5519761773463,22.4498143431263,43.2897252524516,29.678147286958,40.9536596052746,-26.0118783873098,3.42294602339571,0.112525453062074
72.6105243894403,37.5793268281329,52.4968392611573,22.5625446754894,43.1938001972742,29.9057855683668,40.8972391781009,-26.0860754515657,3.43864604381127,0.153003795370989
72.634037597079,37.5044810072046,52.3915918092725,22.7273149376919,43.1087666325299,30.1233500198965,40.8114394358016,-26.1560358959844,3.45933705737578,0.185647011335209
72.650704184419,37.3957013425524,52.2236954640506,22.9485798266697,43.0260383667987,30.3264098422887,40.6937314415584,-26.220118135673,3.48483768279912,0.209510751099675
72.6592092064477,37.2491804937628,51.9807075387881,23.2298709121323,42.9353254535932,30.5117523584121,40.5414182739084,-26.276943783871,3.51472197895445,0.223874973094998
72.6587295674424,37.0609937548256,51.6517128196174,23.5735460433982,42.8259428056722,30.6774563261242,40.3524691515554,-26.3258071776923,3.54816482946373,0.228149656624993
72.6491093273653,36.827482046211,51.2284717422811,23.9806114750068,42.68749239542,30.823050469827,40.126102088744,-26.367000823436,3.58383697594508,0.221796830912364
72.6306923418553,36.5456100138774,50.7059176465485,24.4507318411412,42.509932252596,30.9499857338883,39.8628022292166,-26.4015915711309,3.61993044033834,0.204287551127015
72.5955864206974,36.2125801182296,50.1135698604716,24.9947427919405,42.54194948538,31.326047502883,39.2194763877556,-26.4455606666603,3.65679591946694,0.172784743206429
72.5571872140467,35.8270986556534,49.3871295997688,25.587459617617,42.280869917431,31.4663568246202,38.8286468625775,-26.4678004304607,3.68680658011226,0.131438961672893
72.5076393328407,35.3943097553791,48.5596520436126,26.2378938300936,41.9445935130056,31.5795323936734,38.4287906281957,-26.4839316555977,3.70990111303459,0.0780773431062113
72.4425611247757,34.9206433308493,47.6334035106738,26.9450919272969,41.5383382640621,31.6895352023027,37.9998425475392,-26.4930808783346,3.72396820614309,0.0129290942833261
72.3570047223343,34.4173522563777,46.6123194271896,27.7080544705578,41.0583036894809,31.8002914831148,37.5419774289308,-26.4940197415257,3.72784304957834,-0.063205293387633
72.2457356654631,33.8997570024848,45.5032201637056,28.5258145169241,40.5020791852056,31.912794994632,37.0574783580962,-26.4857383757605,3.72140223340214,-0.149104194233644
72.104012966626,33.3854851429248,44.3160425764055,29.3972520326223,39.8705264250061,32.0268677160742,36.5487866794783,-26.4676143381221,3.70529191667698,-0.243467193216
71.9284460030371,32.8920826765493,43.0636837992973,30.3207514571832,39.1688074296627,32.1410870947653,36.0182885714484,-26.4395213752943,3.6806968922927,-0.345244955347724
71.7176251445738,32.4345299688355,41.7610530242929,31.293906794697,38.4062921726544,32.2526541513582,35.4682168965503,-26.4018331668824,3.64913744814259,-0.453916343958519
71.4723433953006,32.0232843592097,40.4235549507385,32.3133848423175,37.5954633432824,32.3574608900927,34.9007167537697,-26.3553090197292,3.61215300423368,-0.569673407438702
71.1954100906645,31.6634179195921,39.0656814300457,33.3749375919272,36.7504400083047,32.450454009454,34.3182274588063,-26.3010159233451,3.57099616210207,-0.693349710691594
70.8911337402423,31.3550024227109,37.7001595627804,34.4735546925592,35.8856722171348,32.5265671406759,33.7237300512115,-26.2402738200241,3.5264887743966,-0.82611254288313
70.5645883919375,31.0943504753517,36.3376556142501,35.6037448113907,35.0152280479673,32.5818605072093,33.1206233040689,-26.1744628014618,3.47900689059797,-0.969134985325627
70.2209088042772,30.8754298829027,34.9868486566591,36.7598841336239,34.1526836194526,32.6140141296943,32.5126330695137,-26.1047817614007,3.42848514975932,-1.12337793196373
69.8648292156988,30.6910527905591,33.6546333538898,37.9365464066006,33.3110258554411,32.6222893996388,31.9037100599341,-26.0322545101894,3.3744127655034,-1.28942281384326
69.50038584817,30.5339772828187,32.3461868791129,39.128735851019,32.5020813734858,32.6077096261955,31.2975929945986,-25.9579581954045,3.31589798076173,-1.46729202196066
69.1306061122412,30.398010270168,31.0648076069333,40.3320602698283,31.735486269635,32.5733089748514,30.6974143502811,-25.8830932563845,3.25186718963385,-1.6563644958031
68.7572623869354,30.2787726044962,29.8118300375573,41.5429290199371,31.0176032575481,32.5238579308808,30.1057311229477,-25.8087397169849,3.18138092909671,-1.85548559007054
68.3784050589006,30.1741771150678,28.5556615377228,42.7652231875159,30.2616945012455,32.4922400865569,29.5132670999813,-25.7339979688728,3.10326358866299,-2.06355606815787
68.0009032921474,30.0824871492251,27.3879207716173,43.9776663996668,29.7319363308289,32.4060569283116,28.9540345714808,-25.6635683196582,3.02049131420518,-2.27731015494738
67.6150583058519,30.0061323630046,26.1883876590925,45.2035441139166,29.083493992137,32.3736390093846,28.3973462467517,-25.5912983036155,2.93234308992342,-2.49620362000532
67.2262070593168,29.9449720084344,25.0455483777637,46.4232679114694,28.5694580609003,32.3263321972218,27.8594635085591,-25.5232434794558,2.8433111690445,-2.71596748221366
66.831577074042,29.9009468039752,23.9303598261808,47.6422942499688,28.0988282189856,32.2908665259558,27.3373039346523,-25.4592987895935,2.75538993007851,-2.93465494849564
66.4300112350166,29.8746834668628,22.843885201405,48.8610155335006,27.6671214071822,32.2693095827915,26.8293455833567,-25.4009260021158,2.67035514579047,-3.15030671595655
66.0198015460245,29.8657665290696,21.7866705368208,50.0809787871213,27.2659478412746,32.2608806316933,26.3346150806795,-25.3488444453254,2.58916960499073,-3.36149203505983
65.5988335625391,29.8729026186852,20.7592146772831,51.3042968366252,26.8857857658412,32.2634338764391,25.8518933067181,-25.303038476076,2.51216358221619,-3.56711138897839
65.1648615741683,29.8941982964932,19.7619977045297,52.5330177775351,26.5177508906572,32.2745671837781,25.380115256407,-25.2629759751826,2.43919377933188,-3.76617041960023
64.7157609442337,29.9274851044169,18.7951400764054,53.7686581940745,26.154268355653,32.2927145800585,24.9184461924288,-25.2277987089143,2.36965939583614,-3.95772408549152
64.249883861177,29.9706064969626,17.8579888119895,55.0117382332877,25.7888897062433,32.3177424011804,24.4661753805586,-25.1965646152901,2.30246807386133,-4.1410525615727
63.7664181494258,30.0215726838179,16.9489387311588,56.261315422673,25.4164470360207,32.3510654184735,24.0226838414344,-25.1683698140665,2.23623860795527,-4.31582416131227
63.265567813432,30.0786939457796,16.0656719578279,57.51468866151,25.0337714068266,32.3953624760118,23.587573882508,-25.1422884433127,2.1697569624343,-4.48208231953985
62.7486077261054,30.1407051775914,15.2056732519708,58.7673142474352,24.6401581125005,32.4537401422264,23.1610566425124,-25.1174690974879,2.10231356061459,-4.64018498141819
62.217782733536,30.2065880809962,14.3664900516086,60.0130225106812,24.2369149923549,32.5285932258511,22.7443226711254,-25.0933416199991,2.03369520818079,-4.79078505908368
61.6759362320871,30.275111048538,13.5455663908527,61.2447075781163,23.8260923717421,32.6206038009678,22.3396751765726,-25.0696200315447,1.96395304569921,-4.93481601107506
61.1259986104543,30.3445469153549,12.7400674703345,62.4553466213506,23.409118657466,32.7282815595554,21.9505666915868,-25.0461985268762,1.89314023401384,-5.07344136808662
60.570542069702,30.4127359509634,11.946945403799,63.6389231928634,22.986100650201,32.8485578859636,21.58141015843,-25.0230884673738,1.82113192779872,-5.20796212761073
60.0114755039186,30.4773607127706,11.1631478318163,64.7910013948198,22.5560726979679,32.9783603701458,21.2369369060897,-25.0002683811763,1.74758968491029,-5.3398597851636
59.4499582116166,30.5364159327184,10.385891103331,65.908878468771,22.1179506894828,33.1163367377384,20.9212181675021,-24.9774623900059,1.6720807150532,-5.47117562276331
58.8865913904954,30.588665190018,9.61293722656811,66.9912734618805,21.6714842387762,33.2637904231899,20.6368262509186,-24.9541831370915,1.59423422554675,-5.60480638014213
58.3216717213731,30.6335972519418,8.84276690488154,68.0377684853406,21.2175680305136,33.4241857910165,20.3847056509454,-24.9300942261034,1.51374208232109,-5.74392042109574
57.7551957577795,30.6709238277671,8.07465598137745,69.0484356941907,20.7581022511792,33.6016043759429,20.164424239758,-24.9052048067782,1.43020737039965,-5.89072615770118
57.186734387108,30.7002421527393,7.30872539670555,70.0237205283161,20.2958846850746,33.7994370290111,19.9739832596313,-24.8796996405502,1.34311215751231,-6.04574680594442
56.6155230950085,30.7210898335817,6.54588931089278,70.9642853147225,19.8343607864017,34.0198569133628,19.8096382022097,-24.8537565096512,1.25206829147228,-6.20799840720251
56.0407483570728,30.7331165826242,5.78758055142786,71.8707863135634,19.3770184498851,34.2636189912751,19.6666277008511,-24.8275188200608,1.15715967274768,-6.37556244929566
55.4618085145565,30.7361995770449,5.03529279000186,72.7438039910673,18.9267655601176,34.5299754664765,19.5403559243245,-24.8011332717756,1.05913485347669,-6.5461329554696
54.8784815697515,30.730527530886,4.29016304230913,73.5839130301276,18.4855808547962,34.8168889376918,19.4271483975725,-24.7748685965915,0.959435384197322,-6.71739640989622
54.2909780193885,30.716680187111,3.55281501010667,74.3916984397924,18.0545033581618,35.1216127389703,19.3244414764301,-24.7492219968375,0.860033317023968,-6.88726265750835
53.6998298418492,30.6956761440443,2.82348063025667,75.1676504955676,17.6340361090066,35.4414427624834,19.2306037561514,-24.7247616453975,0.762992718061972,-7.05405677168528
53.1057013069997,30.6689269715472,2.1022785106976,75.9120215973124,17.2248003770453,35.7740896783096,19.1447589204717,-24.7018734648072,0.669996538883476,-7.21661153829436
52.509344552697,30.6379770736813,1.38944477282508,76.6247388686307,16.827961135774,36.1172278238419,19.0669181485521,-24.6808218887679,0.582210620982923,-7.3741742972943
51.911790728064,30.6039967553562,0.685253368187503,77.3053503167155,16.4451262305921,36.4676964941686,18.998154222051,-24.6619623398452,0.500472335314441,-7.52633094668129
51.3146228873938,30.5673142445579,-0.0103823186431958,77.9529319339722,16.0778577510543,36.821331463748,18.9403875270038,-24.6457273507365,0.425512756609144,-7.67311419884626
50.7200881732973,30.5273790720676,-0.698245948365233,78.5660840604398,15.7271300373831,37.1736460937143,18.8957694467314,-24.6324763928578,0.357933758995832,-7.81513976773744
50.1308828309589,30.483199668335,-1.37974497526494,79.1432232054461,15.3930360793357,37.5208086884887,18.865926410744,-24.6223867392682,0.297902648761747,-7.95355635962163
49.549694456806,30.4339104451642,-2.05646079044174,79.6830768822112,15.0749045387236,37.8603238112194,18.8513978041143,-24.6154091192829,0.244922044075897,-8.08974473830414
48.978789118761,30.3790717486821,-2.72960102453097,80.1850612316,14.7717400072286,38.1908879597399,18.8517138054346,-24.6113642028847,0.198021322368407,-8.22485239079709
48.4198505044035,30.3185588994093,-3.39961943658545,80.6493050295979,14.4828860816515,38.5112269713739,18.8661822669387,-24.6101028743717,0.156216565022228,-8.35943154765505
47.8741280385527,30.2522347748336,-4.06615196857879,81.0763117481087,14.2090403638688,38.8187111058956,18.894554572476,-24.611509335242,0.118817960003905,-8.49347326344042
47.3427657954899,30.1797217632503,-4.7282863917716,81.4665203524604,13.9529742380076,39.1090529134829,18.9370184194292,-24.6153502596403,0.0854083726026525,-8.62677877535479
46.8269670928504,30.1004482621157,-5.38493264016493,81.8201246020347,13.7187600796182,39.3773573833584,18.9939701260153,-24.6212128930575,0.0556792668307524,-8.75922319813165
46.3277637940404,30.0139382726795,-6.03487958343349,82.137262501145,13.5100666472508,39.6195558198744,19.0657786580374,-24.6286809216923,0.0293763808152685,-8.89060772718258
45.8455506621306,29.9201278691471,-6.67654760567671,82.4184241714735,13.3289476698665,39.8333777470219,19.1524344702909,-24.6375132334191,0.00635100470047999,-9.0203309886752
45.3797848257235,29.819455067889,-7.30797482479096,82.66488671988,13.1751056186571,40.018867830052,19.2532816707155,-24.6475959324532,-0.0134201173855219,-9.14727745538883
44.9290818613591,29.712681939619,-7.92718774855766,82.8789671513614,13.0454907508508,40.1787178403249,19.3669224994236,-24.6588779431309,-0.0298660221050953,-9.269954823608
44.4915249970983,29.6006209630887,-8.53247972388944,83.0639426126484,12.9348871110475,40.3181621058764,19.4913427463931,-24.671446064261,-0.0428920776652604,-9.38666516180276
44.0649250220151,29.4839240880296,-9.12237152555198,83.2237189327198,12.837262365641,40.4442296329699,19.6243795442362,-24.6855645329909,-0.0524886591150202,-9.4956456069661
43.6470324794976,29.3629973854721,-9.69550961506976,83.3624607528672,12.7468165543617,40.5648215968373,19.7642710976308,-24.7015863368214,-0.0588008392631323,-9.59525774172649
43.2357922526051,29.2379821929481,-10.2506669004117,83.4842717359886,12.6585140510242,40.6878136645721,19.9099219587096,-24.719805980068,-0.0620824281804081,-9.68423444629544
42.829621823718,29.1086995706154,-10.7867386955497,83.5928801017687,12.5685228751595,40.8199309240737,20.0609433132633,-24.7403576941887,-0.0625470451825653,-9.76188030949597
42.4276209766827,28.9746674518503,-11.3026006936709,83.6913579831954,12.4744852965677,40.9656051374779,20.217629677185,-24.7632480547964,-0.0601664109749718,-9.82809747996633
42.029682135988,28.8353254704772,-11.796869178689,83.7819787419515,12.3755037736144,41.1261391226018,20.3807785652237,-24.7884671479423,-0.0544848390779371,-9.88325112434203
41.6365718999913,28.6902677595745,-12.2677329028214,83.866221899061,12.2722269068661,41.2990939866717,20.5512401080245,-24.816089529601,-0.0445723046469338,-9.92802994961056
41.2499767472744,28.5392271244281,-12.7130029078091,83.9448333669238,12.1672716931602,41.4780702785877,20.7291843707113,-24.8462742111445,-0.0291842265180448,-9.96339748161859
40.8724241451283,28.3818945472626,-13.1304020409977,84.017848758734,12.0656527199153,41.6533339899775,20.9132037649607,-24.879058704804,-0.00705477135145102,-9.99063224197525
40.507123157346,28.2178712036481,-13.5179859901122,84.0845759747056,11.9746262464948,41.8133087757831,21.0995668342754,-24.9141715487518,0.0227994661829515,-10.0113951015624
40.1577469955533,28.0468747891926,-13.874643002656,84.143676690785,11.9026143855004,41.946678311797,21.2819022549429,-24.9510158777953,0.0608925628913038,-10.0276972222184
39.8280407376012,27.8690457671007,-14.2006542687761,84.1934565903262,11.8574190728076,42.0446825885731,21.4515016054606,-24.9885609861451,0.107265999075291,-10.0416890258001
39.5213239938184,27.6852004645213,-14.4980957183486,84.2322035827355,11.8443002172416,42.1027788662937,21.5985160614059,-25.02520514151,0.161576912543384,-10.0553467727447
39.2401451849833,27.4969899028201,-14.7708089887627,84.2583152134984,11.8644962549619,42.1209312134869,21.7141965348228,-25.0590304340649,0.223117515290961,-10.0702131379732
38.9836258646894,27.3071197446619,-15.0083354926425,84.2646002040801,11.9447990045681,42.0714165896933,21.7605768693169,-25.0907183623795,0.285957048816944,-10.0852178008252
38.7573332793584,27.1182239672702,-15.2473053547553,84.2607499731128,12.0173467295044,42.0200887828365,21.8089451396977,-25.1148499361385,0.357718476633173,-10.1046558788079
38.5580845655979,26.9339296762621,-15.4781320249107,84.2401454217908,12.1026441503417,41.9523623206859,21.8246092016179,-25.1337038959489,0.431860834845852,-10.1259448797156
38.342451458728,26.760769208388,-15.757756311181,84.2356966827489,11.863498015942,41.7634335564495,21.7064997078744,-25.1027156068808,0.50130005476076,-10.1434564697588
38.1887666660705,26.595631368114,-15.9623153485717,84.1731303673322,12.0076513731277,41.6590422552276,21.6700706648384,-25.1171422537166,0.567784410638229,-10.1612210249848
38.0551736591678,26.4406204762307,-16.1832950791897,84.0955898075167,12.0798706382215,41.5671776721507,21.6773174194204,-25.1250772072397,0.63381240653957,-10.1774159543084
37.9344683962222,26.2987477002385,-16.3969185955411,83.9983123024435,12.1705632174481,41.4831297542303,21.6840087218955,-25.1313124226343,0.694463368287994,-10.1874356177447
37.8219468529051,26.1686573336659,-16.6067246419643,83.8848110416784,12.245000963479,41.3996588821248,21.7108548661888,-25.1352536068199,0.748512289168755,-10.1899649928905
37.7132168230355,26.0498832483792,-16.8089951228717,83.7568747790142,12.3097640137562,41.3141384566692,21.760974696073,-25.137624590271,0.795647088154263,-10.1839648661329
37.6046035751314,25.9415713435316,-17.0020136001636,83.6173307654213,12.3630753885734,41.2248572553104,21.8381863106296,-25.1388207318447,0.836284671855174,-10.1693014647505
37.4931569454453,25.843101148509,-17.1841316489317,83.4689320677968,12.4066965871309,41.131744436085,21.9419292724365,-25.1390678431,0.87142281189583,-10.1465262257112
37.3768140923926,25.7539037776013,-17.3546286515541,83.3142646222506,12.4422556285434,41.0361524402638,22.069588256629,-25.1382837375301,0.902523132283509,-10.116825923517
37.2543807149295,25.6733703518076,-17.5134447779516,83.1555605910338,12.4721204530861,40.9401670396825,22.2168828961635,-25.13616049672,0.931350573818049,-10.0818196847922
37.1254066159829,25.6007052765131,-17.6609169014551,82.9946690361108,12.4989689400982,40.8456703674745,22.3788241482846,-25.1323350642564,0.95975604393463,-10.043294195427
36.9900202148842,25.5348098308236,-17.79753831629,82.8330185296146,12.5251838832782,40.7540195424583,22.5505859562003,-25.1266068440215,0.989430806672977,-10.002922986918
36.8487565426425,25.4742930471955,-17.9238249296965,82.6716413980777,12.5523416641835,40.6662992896251,22.7280913074071,-25.119108954537,1.021702334923,-9.96202664728593
36.7023899665611,25.4176527704358,-18.0402216568246,82.5113246906777,12.581374374435,40.5836894249012,22.9082024796193,-25.1102903001894,1.05744665070504,-9.92145181048223
36.5518309535538,25.3635164941447,-18.1471205551557,82.3528531525379,12.6128707304413,40.5077032978374,23.0888775255484,-25.1007571079327,1.09708696193179,-9.881612890567
36.3981020773228,25.3108196019311,-18.2450500657996,82.1972310350381,12.6469203353675,40.4403321575732,23.2693378244926,-25.0910968573633,1.14062384194741,-9.84265746062416
36.242347582768,25.2588813027682,-18.3349064065867,82.0457803039282,12.6828211428628,40.3841051446257,23.4497478165336,-25.081730273875,1.18772115506031,-9.8046924232139
36.0858547148292,25.2073654796746,-18.4179209692118,81.9000900472562,12.7195016241428,40.3417931688694,23.6303125076114,-25.0728778329734,1.2378440514883,-9.76798336219615
35.9300607054717,25.1561037576491,-18.495221313515,81.7618526687096,12.7567106920156,40.3156413351884,23.8105861797535,-25.0646605207419,1.29037837575989,-9.73303025909885
35.7765025129765,25.10487040104,-18.5672598779039,81.6326243104506,12.7959783824522,40.3065608322158,23.9895312470608,-25.0571854357311,1.34469889374664,-9.70052476598836
35.6267441354319,25.0533019728811,-18.633571160384,81.5135674614182,12.8405166493712,40.3136076055083,24.1659618973571,-25.0505209441595,1.40019894060006,-9.67128925582198
35.4823410891734,25.0010280046364,-18.6930224958171,81.4052308591152,12.8941897190459,40.3336528303117,24.3388944852141,-25.0446475850098,1.45628943474631,-9.64623125839475
35.3448267040332,24.9478707539392,-18.7443465281407,81.3073675888748,12.9601862109093,40.361264224186,24.5076804444811,-25.0394935306334,1.51238115741461,-9.62625668288433
35.215724847111,24.8939576310638,-18.7867884794561,81.2187573818837,13.039809160373,40.3891876325558,24.6718845384732,-25.0350228994568,1.56788709271322,-9.61216440954695
35.0966322854313,24.8397419373692,-18.8207946155499,81.1371112037334,13.1314709534165,40.4096898941446,24.8309569835538,-25.0312512800708,1.62227861911332,-9.6046280687338
34.9892688158814,24.7859758714447,-18.8483361292654,81.0593488364867,13.2304580101586,40.4161928796411,24.9838347085481,-25.0281733561058,1.67517000812227,-9.60422698768642
34.8953042149922,24.7336138381244,-18.8725218139395,80.9823135680465,13.3301597569922,40.4043912472601,25.1284516026212,-25.0257128342736,1.72634477446329,-9.61135918089126
34.8160052453903,24.6836471544093,-18.8968790651348,80.9034112309611,13.4239035709291,40.3728489603675,25.2613601288485,-25.0237539715163,1.77567899016393,-9.62602045408111
34.751953752906,24.6369367320173,-18.9247804143877,80.8207047333733,13.5060881793547,40.3232846881125,25.3780492584676,-25.0222083541674,1.8230279528931,-9.64761755217741
34.7029407341544,24.5940879334919,-18.9589303662726,80.732664465658,13.5728626105977,40.2601660182874,25.4740353752622,-25.0210262412953,1.86816959207961,-9.67494780776727
34.6679630886325,24.5553756483633,-19.0008349171471,80.6380445710958,13.6226563214759,40.1893260279376,25.5461830059171,-25.0201570528531,1.91082391648246,-9.70632285167768
34.645279831796,24.5207392427862,-19.0505426706918,80.5359777588836,13.6558016634398,40.1162746163667,25.59385739169,-25.0195389685218,1.95072432162384,-9.73974160448198
34.6325060400077,24.4898557450479,-19.1067216675608,80.4261177390386,13.6733699666387,40.0452200053397,25.6195584807563,-25.0191102102997,1.98771987908724,-9.77305586667677
34.6267090179461,24.4622600710977,-19.166785897686,80.3087891357858,13.6764594812029,39.979006104248,25.6286039121322,-25.0188442865173,2.02185854416506,-9.80410701700572
34.624543998668,24.4374536046412,-19.2270133109644,80.1851612196477,13.6662084448839,39.9194659114276,25.6279396917432,-25.0188453707685,2.05338734196444,-9.83084331611931
34.6225117322938,24.4149201314305,-19.2828599051895,80.0573518515927,13.6437249622577,39.8677809447853,25.6246843346875,-25.019422788581,2.08268097921856,-9.85146992651346
34.6173488909621,24.394004912122,-19.3295477317436,79.9283479347217,13.609606995878,39.8246510756059,25.6248753550331,-25.0210376295845,2.11017857004611,-9.86467812688643
34.6064438764856,24.3737483852707,-19.362757086558,79.8016527158338,13.5637560782576,39.7900929535923,25.632522970308,-25.024133106323,2.13636762368823,-9.86991567815824
34.5881221251267,24.3528570596464,-19.3792583089127,79.6806197870278,13.5059265767909,39.7629784517626,25.6490852697246,-25.0289403450746,2.16179236277765,-9.86755623847788
34.5617317187692,24.3298848344937,-19.3775158253864,79.5676476467754,13.4362567764972,39.7408709175261,25.6736106188896,-25.0353440443932,2.18706684233734,-9.8588538174554
34.5275860741207,24.3034814881234,-19.358137523886,79.4636279326133,13.3551981902779,39.7205914050409,25.7036062486383,-25.0428663805985,2.21288140249947,-9.84572041927873
34.4868136419292,24.2725158542983,-19.3237408056517,79.3679656418687,13.2634363253524,39.6992480226426,25.7362396531434,-25.0507715090361,2.23997929375822,-9.83040751107706
34.4410686416682,24.2360585233548,-19.2781212700356,79.2791514901911,13.162217994456,39.6748712383054,25.7691982444874,-25.0582036640952,2.26908261543126,-9.81511587629087
34.3921440310554,24.1933273375869,-19.2252127506483,79.1955072562071,13.0535365355969,39.6461312095569,25.80094644854,-25.0642983775822,2.30075231158869,-9.80162810942596
34.3417047925619,24.1436327034304,-19.1683054786152,79.1156220442363,12.9402662970586,39.6116075594887,25.8306767492367,-25.0683017069213,2.33520656799265,-9.7911203455672
34.2912584375407,24.0863445166941,-19.109647158882,79.0383842689756,12.8267321762361,39.5693361860016,25.8582662683419,-25.0696879662346,2.37218873098906,-9.78418655233611
34.2422478790914,24.0209819540723,-19.0505479798717,78.9629642711513,12.718594320593,39.5168393719321,25.8844147597411,-25.0681998839065,2.41096741644056,-9.78098490611514
34.1961207433489,23.9474527344571,-18.9919453376333,78.8889724109628,12.6211550837905,39.4515207786394,25.9109188437552,-25.0638091820919,2.45047574828025,-9.78140511352517
34.1543016821893,23.8662871733621,-18.9349595321259,78.8166317945569,12.5376530356334,39.3712287657296,25.94070921019,-25.0566542306318,2.48953019510533,-9.78517099750576
34.1180332080725,23.7787071632337,-18.8810706931276,78.7467680502075,12.4691447346228,39.2748171534079,25.9773736816178,-25.0469744331392,2.52701800730745,-9.79185332526019
34.0881197695748,23.6865260984967,-18.8320272690148,78.6805852940443,12.4153887997912,39.1627038198927,26.0242231386979,-25.0350315748049,2.5619476096318,-9.80087383602666
34.0647035890909,23.5919577797653,-18.7897038054645,78.6192629446091,12.3754530247599,39.0374054112277,26.0831147544099,-25.021024341997,2.59337468284272,-9.81156873077848
34.047223914624,23.497363743384,-18.7558640283016,78.5634972700414,12.3478456771775,38.9035939011508,26.1535827350555,-25.0050353177457,2.62033858749373,-9.82327637068974
34.0346001328238,23.4049617047188,-18.7317315846027,78.5132184523932,12.3306825416709,38.7671902454733,26.2330344554133,-24.9870605189633,2.64191147217236,-9.8353888732784
34.0255177158691,23.3166054339395,-18.7176158121918,78.4676130051862,12.3218551106885,38.6339144310104,26.3180051803606,-24.9671071608235,2.65734024583543,-9.84736322197664
34.0186732106401,23.2337467348062,-18.7129302717677,78.4254015517214,12.318842264069,38.5082189962506,26.4054850932801,-24.9452539726358,2.66621071431988,-9.85873270396091
34.012953264067,23.1575329882335,-18.7165280686106,78.3851822759138,12.3185370046329,38.3929355709273,26.4935112138234,-24.9216209904044,2.66856655071973,-9.86912806280009
34.0076031287865,23.0888873116475,-18.7271088641449,78.3455919460329,12.3175420564763,38.2894435607434,26.5810931103932,-24.8963200627642,2.66491167948604,-9.87830735342945
34.0023835857789,23.0285223154109,-18.7435900826049,78.3052665010541,12.3126549086646,38.1981218281987,26.6678392198893,-24.8694480556805,2.65607979952117,-9.88622626282664
33.9976346602501,22.9769546016569,-18.7653262797112,78.2628101519791,12.3012633990521,38.1188455908195,26.7534215907785,-24.8411171189905,2.6430527095614,-9.89312180565886
33.9942172844934,22.9345221808378,-18.7921349315218,78.2168631589607,12.2816539951228,38.0513520423728,26.8370137734942,-24.8114921606848,2.62681635598876,-9.8995473147132
33.9934097563359,22.9013477645369,-18.8242799881811,78.1662141607895,12.253026103001,37.9953820694244,26.9169793875044,-24.7808243925957,2.60826518717865,-9.9063812765534
33.9968194188266,22.8772855114538,-18.8625160747498,78.1098903839151,12.2151466221182,37.9506501252389,26.990867294167,-24.7495162947099,2.58811271828122,-9.9148407250763
34.0062597765366,22.861942895377,-18.9081016222896,78.0471485575116,12.1681346154908,37.9168418153404,27.0554871992079,-24.718173945915,2.56680381642371,-9.9264375525746
34.0235296076417,22.8547620208008,-18.9626561565112,77.9773584837196,12.1127471237134,37.8937222448347,27.1070206072121,-24.6874970462718,2.54448829189366,-9.94282806923105
34.0501624538996,22.8550590129515,-19.0278242789133,77.8998946249657,12.0509518319687,37.881226712989,27.1413309569504,-24.6580595807205,2.52107731097193,-9.96560719609916
34.0872596137584,22.8620068483201,-19.1047763043409,77.8141839403337,11.98645384163,37.8792556527003,27.1543970872754,-24.6302411087942,2.49633150254465,-9.99611694456165
34.1353983100579,22.8746439589792,-19.193682864797,77.7199601333776,11.9249363569131,37.8868967216562,27.1426191316871,-24.60434048258,2.4699451604402,-10.0352986164462
34.194554239764,22.8919324701241,-19.2933718005516,77.6175705045174,11.8738398014831,37.9012509782919,27.1029763095503,-24.5806597642626,2.44161751952664,-10.0836033674159
34.2640468995663,22.9128241937354,-19.4012743451449,77.5081075279386,11.8417828333317,37.9164915405113,27.033174164297,-24.5594742222514,2.41109104603587,-10.1409723403675
34.342547696342,22.9363308002239,-19.5136483597568,77.3933418671348,11.8378594671663,37.9236053125492,26.9318114222104,-24.5409561519641,2.37816129670551,-10.2069002666228
34.428158690213,22.9616414498217,-19.6260039256705,77.2756045970914,11.8709692467001,37.9109283618468,26.7984481371252,-24.525109412348,2.34269875518701,-10.2805777184154
34.5185308485365,22.9882990055481,-19.7335819410827,77.1576867530174,11.9493194666878,37.865403295362,26.633491846478,-24.5117558543093,2.3046762436958,-10.3610552147248
34.6109714754561,23.0163710193111,-19.8317718326142,77.0427019283412,12.0800109822659,37.7742178057597,26.4381025816056,-24.5005516136126,2.26415451139144,-10.4473657676929
34.7025151428801,23.0465792965676,-19.9164706288832,76.9338991080054,12.2683724505801,37.6263231036266,26.2144008113454,-24.4909610094211,2.22124417738405,-10.538589634011
34.7899658066916,23.0804325298816,-19.9842976535699,76.834528614074,12.5170955401878,37.4134048202726,25.9659093899803,-24.4822470212327,2.17607531860105,-10.6338585672481
34.8864733964006,23.1082478638639,-20.0583258508057,76.7495006092464,12.6154850815816,37.0065099089694,25.830065340657,-24.4948548697816,2.12618344957782,-10.7378409123327
34.9573517629619,23.1557917196823,-20.0897623376621,76.679392262015,12.928427192561,36.6094555997876,25.596096801475,-24.4868040128954,2.07704245809974,-10.8388979664832
35.0130220630796,23.2170135619605,-20.0948860400664,76.6278705349187,13.3038827074227,36.1510508870992,25.3517385021764,-24.4774120932641,2.02588821616142,-10.9410305841284
35.0500395642023,23.2958359086523,-20.0718392152011,76.5980919400527,13.7224904076191,35.6228961242457,25.1188750794957,-24.4670738987235,1.97263460536596,-11.0436091866465
35.0656478639061,23.3980770378405,-19.9996608530081,76.5847741678009,14.2330079612142,34.9729091414415,24.9296380591347,-24.4562334779744,1.91847894156632,-11.1461569945066
35.0530070609452,23.5254953710066,-19.9065597654539,76.607500495356,14.7164984897512,34.3150174262971,24.7687270344074,-24.4464339324498,1.86142850426552,-11.2478169929079
35.0083152330419,23.6837033830531,-19.7724535201148,76.6627475558181,15.2228531873519,33.6240974715301,24.6539253103238,-24.4386114329178,1.80275042493277,-11.3485157283598
34.9264398225808,23.8762332406301,-19.5926860001958,76.7547590054241,15.7471282635447,32.9224788739722,24.5954557034058,-24.4336773394382,1.74252263062818,-11.4481718077914
34.802012382649,24.1058046571026,-19.3623861060588,76.8876920860666,16.2900478814375,32.2392944322254,24.5971636744798,-24.431981118213,1.68068420760881,-11.5465638351337
34.6297965693087,24.3738557241381,-19.0771922312617,77.0653497608601,16.854168202665,31.6042908630325,24.6576512429818,-24.4332471008536,1.61693611603313,-11.6430859492315
34.4049832769857,24.6802725085807,-18.7336125724127,77.290954812955,17.4416391120671,31.0426133216691,24.7697947055311,-24.4367218350116,1.55073744850534,-11.7365952588592
34.1233634236936,25.0234602879492,-18.3293543042136,77.5670101851246,18.0515041300629,30.5702305934536,24.9216791861513,-24.44138634898,1.48139757245443,-11.8257096204573
33.7814419684176,25.4008208960813,-17.8636954489676,77.8950762825976,18.6775833348811,30.1918619884331,25.0985980919026,-24.4461527286247,1.40818303188252,-11.9094522224442
33.3765901764377,25.8093496414337,-17.3378220800075,78.2753590922585,19.3081235106452,29.9022045135316,25.2851501479671,-24.4499946167685,1.33036141094186,-11.9876987125091
32.9072532951611,26.2459752774808,-16.7549440331602,78.7062041471052,19.9274781621204,29.6892789389148,25.4670686826917,-24.4520597687653,1.24721149710137,-12.06121219589
32.3731530989236,26.7076283178537,-16.120121879931,79.1837500537988,20.5190465363038,29.5383227776067,25.6327014530835,-24.4518312300371,1.15806216217508,-12.1314873775297
31.7753779823041,27.1913133502756,-15.4398575551579,79.7019242656473,21.0686695024537,29.4355518472473,25.7737887799634,-24.4492410700692,1.06236452455176,-12.2005552293542
31.1162719595714,27.6942266089578,-14.7215051529681,80.2527966128037,21.5679802085121,29.370695517057,25.8855636083232,-24.4446493483679,0.959736545140621,-12.270742522223
30.3991135394818,28.2137346921197,-13.9725435976084,80.827228478468,22.0172187721732,29.3368464952544,25.9667638357203,-24.4386982819915,0.849934044332614,-12.3443959801548
29.6276827260881,28.7472382867514,-13.1998649030233,81.4156838720213,22.4266254223842,29.3284204779278,26.0197615913471,-24.4320605065199,0.732782499894012,-12.4236331410223
28.8058691721799,29.2920903665802,-12.4093865552557,82.0090147113523,22.8151933471341,29.3396433411156,26.0504022369509,-24.4251884357057,0.608127030879158,-12.5101694928662
27.9374102206707,29.8456178358473,-11.6060966638923,82.5990516153882,23.2069085438759,29.364354376433,26.0671616529989,-24.4182398562138,0.475818860117235,-12.6052048668309
27.0257507910981,30.405214018724,-10.794315064438,83.1789243161846,23.6262875815255,29.3963097914045,26.0796730882764,-24.4112159949841,0.335735215090603,-12.7093417319493
26.0739771176071,30.9684710519398,-9.9779865400801,83.7431641201825,24.0947257674017,29.4295286242384,26.0969820824086,-24.4041527007382,0.187844545786836,-12.8225572840352
25.0847959174129,31.5332873298434,-9.16095977269972,84.2876545019931,24.6281996453076,29.4587492307538,26.1258557853245,-24.3972086131101,0.0322889690792308,-12.9442390924836
24.0605952398316,32.0978620282501,-8.3472236232092,84.8094279145922,25.236394416074,29.4798172811055,26.1695077008002,-24.3906550855526,-0.130617187880678,-13.0732948741124
23.0036472424698,32.6605706442558,-7.54108847437348,85.3063274233496,25.9229395962752,29.4896533202884,26.2272038646801,-24.3848359202397,-0.300481569538527,-13.2083924002403
21.9164092446013,33.2198097413037,-6.7472919504507,85.7766190610401,26.6863075536751,29.4859416481454,26.2949285072484,-24.3801156465719,-0.476893814490556,-13.3482865556066
20.8017892069285,33.7738853091778,-5.97100173382286,86.2186407724925,27.5210460418541,29.4671840872898,26.3667061078144,-24.376842051951,-0.659407243247942,-13.4920694622039
19.6632958143604,34.3209727298348,-5.21771432610158,86.6305575758689,28.4191626706481,29.4333035153667,26.4360694857351,-24.3753537639578,-0.847490040685414,-13.6392249901307
18.5050410939344,34.8591529354292,-4.49303265201968,87.0102934072157,29.3716843011894,29.386207975063,26.4974606088349,-24.3759742964939,-1.04046144434689,-13.789490500904
17.3315999236689,35.3864939462911,-3.80231502710944,87.3556185072677,30.3702627518998,29.3298748642009,26.5471927400482,-24.3789300666734,-1.23747577999619,-13.9427003784297
16.1478436022267,35.9011338231696,-3.15026687289187,87.6642734563495,31.4082316106455,29.2700057148139,26.5834836021223,-24.3842855513869,-1.43759292096061,-14.098780523805
14.9588267047136,36.4013316978396,-2.54058140230419,87.9341099224123,32.4807039960777,29.2132197046973,26.6057484024703,-24.3920150179271,-1.63984572485632,-14.2577898859302
13.7696141764669,36.885461525743,-1.97568842649767,88.1633418305756,33.5839082863165,29.1658027995237,26.613933425635,-24.4021528754944,-1.84328465723108,-14.4198230000662
12.5849688242013,37.351948298012,-1.45663300157584,88.3508687086268,34.7138736658312,29.1326889823388,26.6084078993558,-24.4149098399376,-2.04706522593587,-14.584777641509
11.409031902873,37.7991817040002,-0.983130568547742,88.4964761386989,35.8644277206705,29.1173256944688,26.5904738409511,-24.4307242577244,-2.25056976350838,-14.7521422675427
10.2451394735227,38.2254724215303,-0.553862395894901,88.6008563868023,37.0252035986296,29.1224395177937,26.5628779949108,-24.4502371777328,-2.45349708344226,-14.9209335828462
9.09578794868982,38.6291086319435,-0.167040945985352,88.6656451657556,38.1809126091625,29.1516157572269,26.5288239887622,-24.4741960762715,-2.65586700623558,-15.0897684880762
7.96274902939619,39.0084929799204,0.178925240649279,88.69356214482,39.31242202367,29.2102117857049,26.4897537129424,-24.5033580654202,-2.85795601746013,-15.2570242930994
6.84735032268651,39.3622645069818,0.485118142236635,88.6883808558765,40.3992141867448,29.3029595830962,26.445124777263,-24.5384818123232,-3.06019584599933,-15.4211148284391
5.75088197293957,39.6893667422269,0.752317092942626,88.6545226139332,41.4226764481834,29.4294460666481,26.3948513977982,-24.5803644333185,-3.26301026871705,-15.5808282243131
4.67505616891335,39.9891444073919,0.981234667678448,88.5964315584544,42.3694869515537,29.5823543480367,26.3406345053863,-24.6297681319668,-3.46660165193287,-15.7355698768505
3.6223949063585,40.261509728177,1.17234959046865,88.5179515190856,43.2336465302937,29.7501686703002,26.2844879061143,-24.6872031075492,-3.67077391218856,-15.885428651051
2.59634675809906,40.5070687031317,1.32552118703093,88.4218844357217,44.0159809000671,29.9215915327372,26.2269611612455,-24.7526808746615,-3.87485174144027,-16.0310634724347
1.60104246080348,40.7270812260436,1.4397736137293,88.3098915904525,44.7216125120228,30.0888678901638,26.1671465627249,-24.8255347118326,-4.07770595673446,-16.1734592163246
0.640799196893932,40.923245477667,1.51342482934218,88.1827808188887,45.3571032460881,30.2488967030965,26.1040110692656,-24.9043506695293,-4.27787203725031,-16.3136458329101
-0.280467690197881,41.0973984383629,1.54454063709478,88.0411363690882,45.9287436037759,30.4021198058975,26.0375022014656,-24.9871045906637,-4.47369692152406,-16.4524045978857
-1.15980231002809,41.2512514352144,1.53154884437515,87.8861008596637,46.4423249211618,30.5501203852163,25.968589650296,-25.0715101857858,-4.66348695900894,-16.5899970875562
-1.99561566860686,41.3862246510235,1.47377916741792,87.7199109813114,46.9036286674469,30.6934041044928,25.8987385153618,-25.1552823747778,-4.84572271155703,-16.7260958963637
-2.78780646312466,41.5033560901399,1.37178478593348,87.5458757725193,47.3187508409153,30.8304884094499,25.8295271588537,-25.2361316045419,-5.01933675671323,-16.8600572712303
-3.53748987692848,41.6032545364409,1.22743125801156,87.3678158326342,47.6938778677335,30.9585642392579,25.7625052708944,-25.3118511397798,-5.18384914139523,-16.991410425015
-4.24638085493208,41.6860994869642,1.04386812641776,87.1891942256494,48.034611274945,31.075040237304,25.6994881549506,-25.380890933506,-5.33910746507621,-17.1201751171123
-4.9247639757741,41.7498096840647,0.821203937651628,87.0162243880553,48.2943029975861,31.2282199566103,25.5035561361671,-25.4463622128363,-5.48185398188669,-17.2412117786758
-5.55711445375412,41.7977289168931,0.574705058459188,86.8419544281788,48.5833271946022,31.3198014293331,25.4548038450736,-25.5029005452929,-5.61736111155421,-17.365609318397
-6.15148400415407,41.8260860996033,0.306306417946663,86.6687230391717,48.8454572560187,31.3916691197467,25.4347353169747,-25.5557218227107,-5.74231984305199,-17.4884326101386
-6.70871285835154,41.8331462616693,0.024161727031363,86.494413251062,49.0823530229329,31.4489228286878,25.4383786999023,-25.6072990344327,-5.8560829707286,-17.6091270788804
-7.22882618117161,41.8171332216611,-0.262646411762502,86.315965100135,49.2951576283022,31.4894903317106,25.4710402352466,-25.6599412359536,-5.95833365160395,-17.7273271533597
-7.71160912555983,41.7768442395235,-0.545108921111387,86.1301425607003,49.4850273692706,31.5108167787941,25.5374436363229,-25.715498900398,-6.04896869445647,-17.8428130907977
-8.15678412800361,41.7121879988091,-0.815202028351401,85.9340780890922,49.6532103736221,31.5121326875857,25.6402441283592,-25.7749704898845,-6.12816641603943,-17.9555474956233
-8.56419356349495,41.6245144284976,-1.06650490334002,85.7257949800286,49.8006686929084,31.4949335165673,25.7800660657931,-25.8381619065639,-6.19654697614712,-18.065589400672
-8.93396204073168,41.5167276653978,-1.29439323536458,85.5047881557116,49.9278033058699,31.4620221984871,25.9556788113086,-25.9036125074459,-6.25523342471722,-18.1728799196894
-9.26649042231169,41.3932633687693,-1.49592055246999,85.2725863811533,50.0349754011561,31.4164993761441,26.1635503048594,-25.9689688886774,-6.30562080400565,-18.2769868050963
-9.56106920129925,41.2598282349819,-1.66874696929516,85.0334982310359,50.1227722721667,31.3610481860717,26.3980597571874,-26.031507297115,-6.34881816665827,-18.376693722844
-9.81969844608433,41.1240325458976,-1.81434070129511,84.794569961085,50.1943065571748,31.2999161663256,26.6446092841662,-26.08926558661,-6.38598678214061,-18.4706670973702
