-7.65701054522009,29.4283410209402,5.53351172237696,85.0323258484292,56.4376526915541,18.5678906238886,17.5675191066958,-24.99086504126,-3.52603221951933,-2.23214419922569
-7.10342654273436,29.3246734966445,5.15203840320905,85.3769193494191,56.1146628334037,19.021050931989,17.7330804265354,-24.9776909050638,-3.57260999375451,-2.33771983972949
-6.52423849206124,29.2180052717444,4.75280208922919,85.7176563990483,55.7980420525439,19.515087987867,17.8046305131127,-24.9651575805576,-3.61484064515525,-2.44868679807494
-5.91696523714841,29.1071081138825,4.33596642723572,86.060641354738,55.4812179008752,20.0206677315106,17.8306191797336,-24.9530333638405,-3.64925226331154,-2.55960000985037
-5.27751397149719,28.9898243461631,3.90024514168171,86.4064268615723,55.1570846354715,20.527981173195,17.8242280169804,-24.9413742926499,-3.67435720113114,-2.66804633776008
-4.6046037805149,28.8637504682078,3.44657193555723,86.7525760971713,54.814158458763,21.0283576174696,17.7899084526552,-24.9298638574618,-3.69048805624659,-2.77209948354878
-3.89736203797669,28.7260474028096,2.97643873607659,87.0958970680454,54.4387695692672,21.5140033967132,17.7316166337084,-24.9179941561903,-3.69878805659861,-2.86986723174709
-3.15615569727847,28.5739429658788,2.49226639188466,87.432326608744,54.0176949563202,21.9788447697277,17.6520580179371,-24.9054538408103,-3.70069265332038,-2.95950754774772
-2.38239427199417,28.4051574958675,1.99675710119445,87.7574281733964,53.5398657879906,22.4195421034098,17.5523735650973,-24.8924077512762,-3.69733652157197,-3.03925223061768
-1.5782036421051,28.2181750937247,1.49222085542719,88.0666985932884,52.9975656389632,22.8360924409727,17.4322917145283,-24.8794101788726,-3.68928805522295,-3.10760192154434
-0.746099794007893,28.0122223408025,0.980286248450142,88.3556520110068,52.3871880326709,23.2316483923326,17.2910017524796,-24.8670978664612,-3.67657866791785,-3.16355176673628
0.111260660067384,27.787053121527,0.461943090685067,88.6197865309034,51.7092110420122,23.6116253041188,17.1280238809526,-24.8559520236632,-3.65885155372797,-3.20669060957321
0.99122374684718,27.5427113062003,-0.0623023639206873,88.8545690646239,50.9673792670193,23.9822636829412,16.9436218405824,-24.8461498422223,-3.63556843396428,-3.23716844258689
1.89120412650016,27.2793397784058,-0.592241239846391,89.055492203443,50.1676519558153,24.3490268460303,16.7387633640187,-24.8374697570052,-3.60623814312941,-3.25558114322286
2.80869947107736,26.9970455198423,-1.1277414518563,89.2181778754695,49.3176130282293,24.7152514844203,16.5146848306999,-24.8293120746572,-3.57057583905747,-3.26280670411153
3.74124751748925,26.6958430802301,-1.6684963978993,89.3385308401374,48.4265664534046,25.0809890562322,16.272335068299,-24.8208473772466,-3.52852471169569,-3.25983324592108
4.68634498783105,26.3756911471965,-2.21377862325927,89.4129592999085,47.5057238938325,25.4420292827204,16.0120236781714,-24.8112223369992,-3.48017053578248,-3.24760565167779
5.64134149617862,26.0366085805442,-2.76223883549135,89.4386317027867,46.5676829408821,25.7895120940896,15.7334244669078,-24.7997632253473,-3.42561451009218,-3.22687885107545
6.60131713527299,25.6777990148272,-3.33085865788671,89.4124933917155,45.576285451663,26.1900800867641,15.3041632451323,-24.7865682574991,-3.36471159555684,-3.1993965233647
7.56646376523418,25.3022054349305,-3.88077124096779,89.3369998631244,44.6333635320483,26.4730114886381,14.9827450031649,-24.7708552144011,-3.29710211248057,-3.16250230574352
8.53152741494979,24.9104142086876,-4.42587370438999,89.2108917654592,43.7064064684993,26.6952412815017,14.6493962024499,-24.7533603102436,-3.22221875124078,-3.11753567654599
9.49209065484502,24.5049454152087,-4.96303987847052,89.0355803185192,42.8040759781727,26.8461440040967,14.3037468214286,-24.7342350228377,-3.13926065590387,-3.06410168531446
10.4435285601744,24.0888744018146,-5.48925157920064,88.8129985522138,41.9322276808408,26.9197906119625,13.9506717565324,-24.7133393821159,-3.04744335964396,-3.00158949683418
11.3810974343081,23.6656584292511,-6.00189378276712,88.5453409420947,41.0936968899206,26.9181699965899,13.5968227657505,-24.690334344639,-2.94618533224938,-2.92917047008768
12.3002718576049,23.2387952142493,-6.49885188090156,88.23484261638,40.2879509668122,26.8510532361312,13.2508472576251,-24.664855577167,-2.83528899993406,-2.8460134708859
13.1970637457336,22.8114764283158,-6.97842373866627,87.8836526103292,39.5117577953344,26.7345542234636,12.9234183949309,-24.6366481887153,-2.71501214793949,-2.75154687597409
14.0682280241849,22.3863233679526,-7.43911421464499,87.4938826171988,38.7607385581387,26.5887407961084,12.6265630515599,-24.6056576515836,-2.58603843631117,-2.6456632405565
14.9113672964342,21.965199615016,-7.87939953145088,87.0679140730906,38.0312160913478,26.433997321041,12.3723940665774,-24.5720975512348,-2.44939437149237,-2.52887273316375
15.7248994680527,21.5491184733323,-8.29747781773879,86.6089294747387,37.3219996001744,26.2864513073128,12.1713088262184,-24.536472230712,-2.30633364044892,-2.4023218163791
16.5078567335263,21.1382992657525,-8.69103962193796,86.1214274417381,36.635739373667,26.1542563279707,12.0297110957263,-24.4994948344393,-2.15823086193644,-2.26759682262815
17.2596183865517,20.7323825202446,-9.05720286479138,85.6114144561584,35.9791215025829,26.0364460051868,11.9480227923006,-24.4619296813641,-2.0065351677562,-2.12640644294233
17.9797466209779,20.3307358166617,-9.3927682781946,85.0861490914778,35.3613571928172,25.9242717023385,11.9202164493922,-24.4245135369237,-1.85276870202082,-1.98031721508752
18.6679885543774,19.9327571455952,-9.69482263326088,84.5535352596671,34.7915338706297,25.804134283271,11.9352999991303,-24.3879837756895,-1.69848511672319,-1.83065734911681
19.3243247051434,19.5381414986142,-9.96152968419854,84.0213783805544,34.2761520251273,25.661498049498,11.9799817531066,-24.3530311253341,-1.54514052187489,-1.67856956704461
19.9489442346255,19.1471164990077,-10.1928496294598,83.4967271184105,33.8174963072372,25.4849383750793,12.041286002214,-24.3200863856064,-1.39393842475325,-1.52511614622811
20.5422883404859,18.760563754764,-10.3910338219855,82.9853731539377,33.4126292753256,25.2692768023327,12.1084068327089,-24.2891809423003,-1.24579029689159,-1.3714299377082
21.1053768943369,18.3798912784234,-10.560841377352,82.4914307163059,33.0531730137602,25.017319838365,12.1738679139031,-24.2602617585234,-1.10149533582048,-1.21894495882472
21.6402156848795,18.0067148523171,-10.7092799132706,82.0170641339588,32.7265071860945,24.7400692452411,12.2340502266539,-24.2339030731764,-0.96203284240374,-1.06955329419854
22.1497613393523,17.6425973446449,-10.8446576925592,81.5626042018731,32.4183369637212,24.4549347546119,12.2888203825321,-24.211663996435,-0.828676412522425,-0.925447814145594
22.6372775886004,17.2889695791435,-10.9751372941421,81.1270606146818,32.1159620633306,24.1817329135192,12.3402979434766,-24.1954557637186,-0.702733611647481,-0.788636304723557
23.105568335777,16.9470765684545,-11.1073177257423,80.7086970185427,31.8115867403753,23.9372993055963,12.3914382279668,-24.1864065740621,-0.585074871036767,-0.660393109166361
23.5566871913571,16.6177960350677,-11.2453046246449,80.3053338508409,31.5047006815521,23.7304377062212,12.4451631951361,-24.1843301713553,-0.475889649563798,-0.540999994762148
23.9921769804006,16.3014426214509,-11.3904654450744,79.9143259335318,31.2022765339535,23.5593825353338,12.504088123258,-24.1881359392507,-0.374914691629867,-0.429917920079009
24.4134532807207,15.9977231428778,-11.5418580493276,79.5324084915682,30.9163492239777,23.4131178148999,12.5704992538223,-24.1965762059237,-0.281917482863784,-0.326194231439447
24.8220067582877,15.7058653968877,-11.6971703587093,79.1556573392821,30.6599190517003,23.2758140043107,12.6464204350474,-24.2087111618404,-0.197033422832143,-0.228806536575202
25.2193355830863,15.4248799154138,-11.8538451955902,78.7797413547509,30.4427122162577,23.1323386335477,12.7336123931726,-24.2240049819767,-0.120773537074614,-0.136804583965477
25.6066967248504,15.1538627873468,-12.0100218064222,78.4004950936341,30.2681215133039,22.9729853543389,12.8333059320132,-24.2422644680011,-0.0538071356021996,-0.0493067929074819
25.9848338371165,14.8922338456661,-12.1650208224511,78.0146545952252,30.132278780693,22.7960913992213,12.9458152117652,-24.2635371677241,0.00331822999448267,0.034537075597006
26.3537731770468,14.6398802177639,-12.3192394859578,77.6205516450152,30.0255239860744,22.6077276135474,13.0704521001241,-24.2879462351372,0.0504504027782183,0.115619059773719
26.7127467949306,14.3971865293942,-12.4735677225625,77.2186127849884,29.9356433735359,22.4187103619136,13.2058545840149,-24.3155040478759,0.0880189836412272,0.194991303372496
27.0603343756552,14.1649144853497,-12.6286793582361,76.8115163851927,29.8516917176771,22.2402992668329,13.3503959581351,-24.3460070350275,0.117037294619134,0.273894009538923
27.3947985044748,13.9439700156645,-12.7845596492661,76.4039182691308,29.7669340375106,22.0802356801074,13.5024038045984,-24.3790028617207,0.138946583961374,0.353615937366714
27.7144388120939,13.7351499933978,-12.940422061589,76.001782584945,29.6797265870629,21.9405053337933,13.6601579365326,-24.4137929493102,0.155388605432866,0.435311626038167
28.0178271114829,13.5389683790243,-13.0949728364457,75.6114775383922,29.592172776806,21.8176233987899,13.8216005807997,-24.4494610049974,0.167996161829959,0.519931274422399
28.3039385410366,13.3556428671653,-13.2469038289743,75.2388831706102,29.5073745955975,21.7052189774272,13.9838462291124,-24.4849270915896,0.178282654402451,0.60827357488755
28.5724699117856,13.1850317541435,-13.3956143130212,74.8885775499762,29.426586668462,21.5976019607542,14.1431012896705,-24.5192753301034,0.187448481315227,0.700872447945073
28.8244859471463,13.0262563556673,-13.5420685540728,74.5630741201786,29.347446484316,21.4925892220228,14.295481291898,-24.5524479454175,0.195939360833208,0.797519857243319
29.0625925415292,12.8775080775823,-13.6889697065877,74.2626050741602,29.2639029971565,21.3925357470033,14.4381246657833,-24.5854838206162,0.203307622997514,0.897079787932699
29.2900571330856,12.7365780427587,-13.8396558848123,73.9858652037571,29.1678440099896,21.3035194984368,14.5696262115568,-24.619825318182,0.208807748078047,0.998160379789245
29.5098029519626,12.6015316140341,-13.996631219774,73.7310782867953,29.0516410726287,21.2331205258311,14.6898312825344,-24.6566381872589,0.21206470120158,1.09991513473386
29.7240883782509,12.4708552950693,-14.1608163597297,73.4966184028151,28.9103172156753,21.1876407025714,14.7996099740864,-24.696711902681,0.213226034934886,1.20221954505418
29.9345577935015,12.3432491032701,-14.3315031881566,73.2811886313549,28.7424690750831,21.1702467556716,14.9006460136648,-24.7404825135141,0.212819750652029,1.30543976920165
30.1423340348889,12.2174598410892,-14.5066691491283,73.0838061335004,28.5500715036299,21.1809996784967,14.9948624938137,-24.7880100188504,0.211566585389028,1.41014017994485
30.3481544850755,12.0922835234852,-14.683541848583,72.9036855291531,28.3377791622456,21.218013365308,15.0834695027136,-24.8390221940814,0.210174025189565,1.51677953995505
30.5525339812978,11.966647858242,-14.8593078709638,72.7400509721891,28.1120312807505,21.2786413070409,15.1660959832331,-24.8929563515782,0.209146041440389,1.62541418091526
30.7558955626896,11.8396828781376,-15.0317433810127,72.5919423640691,27.8800902437024,21.3604569536461,15.2405060199379,-24.9489647614991,0.208659483019466,1.73550083557811
30.9586273226699,11.7108036796442,-15.199565061949,72.4581018349169,27.6492346171778,21.4618732232547,15.3030915392399,-25.0059575836444,0.208557092808571,1.84587002421979
31.1610459233074,11.5797925063138,-15.3624517796721,72.3369778934543,27.4260989843689,21.582228371108,15.3499581375911,-25.0627405095748,0.20849160097836,1.95498423372684
31.3632547426437,11.4467974540153,-15.5208137657617,72.2268425225651,27.2159917906611,21.7215083184796,15.378171020544,-25.1181893093087,0.208189331507113,2.06155079088454
31.5649258371401,11.312257404595,-15.6754331364342,72.1259813798294,27.0221341220651,21.8799989476415,15.3867713655084,-25.1712813522606,0.207734285284493,2.16513993373715
31.765108745908,11.1767669359742,-15.8271316781897,72.0328379141741,26.8450064436532,22.058329831448,15.3772492260814,-25.2209345047571,0.207782098161257,2.2665603248115
31.962200869388,11.0408440273082,-15.9765516441131,71.9459949189866,26.6821921916499,22.2580528657364,15.3533455026371,-25.2659681351921,0.209507147344182,2.36800395471366
32.1541335794194,10.9047279038423,-16.1239326209023,71.8640199648019,26.528686504394,22.4820170959405,15.3206732182028,-25.3054660035991,0.214061365266717,2.47247898944899
32.3386110999732,10.7684040234916,-16.2687629855387,71.7853319655895,26.3773343254913,22.734323042486,15.2864775448834,-25.3392683998418,0.221823915494672,2.58250980032695
32.5131841067754,10.6318545154112,-16.4093915059737,71.7082447782472,26.2194312387661,23.0205669125976,15.2589942255071,-25.368159326965,0.23199606476001,2.6991018883127
32.6752172936025,10.495374605023,-16.5427800932843,71.6312139361834,26.0455431152565,23.3479709814053,15.246106573978,-25.3937621152136,0.242641151572844,2.82139973909613
32.8218884663391,10.359821937397,-16.6644887552034,71.5532375156195,25.8465310970868,23.7238675224175,15.2536620687261,-25.4182524619337,0.251063847781489,2.94685514158896
32.9501202418193,10.2268036728439,-16.7688269299205,71.4744232178231,25.6150868064537,24.1517473329037,15.2838928095883,-25.4436728503018,0.254621480944833,3.07210942213054
33.0565063822257,10.0988429374627,-16.849241133243,71.3966478649906,25.3478640857084,24.6261713406351,15.3344965037588,-25.470970569702,0.251742871170536,3.19434224669528
33.1376779371077,9.97937257557722,-16.8993560243364,71.3239305179434,25.0472233888293,25.1302904661813,15.3992590539896,-25.4995132445967,0.242468844265481,3.31199578638928
33.1912666755016,9.87231391013744,-16.9148959138138,71.2620205042954,24.7209060287701,25.6395311609669,15.4705622000024,-25.5274805667499,0.228164338053867,3.42441911083472
33.2170091612885,9.78126700361659,-16.8959414696047,71.2170514260827,24.3791548170718,26.1304617472906,15.5422222474524,-25.5527734506259,0.210699527530962,3.53111110775909
33.2173800272151,9.70867518093395,-16.8482953655827,71.1937873651575,24.0311092298744,26.5891769369636,15.6105909571789,-25.5738710206087,0.191652529135004,3.63136046783833
33.1999908405913,9.65500962659969,-16.7715008108278,71.1869183450061,23.7350046988738,26.9860419278296,15.6962865935603,-25.5904231173301,0.171578061017035,3.72269144767239
33.1660608298515,9.62052996000347,-16.701350764301,71.2108520893575,23.3889943180837,27.3847278659544,15.7549292581852,-25.6024536775544,0.151369438529871,3.80815963527863
33.1246489271297,9.60359875625432,-16.6385450257111,71.2558658203422,23.0458041066869,27.7690569526357,15.8102109989238,-25.6110916531125,0.130244803264352,3.88608441319486
33.0815731903305,9.6022352676639,-16.5893184247533,71.3175303441637,22.7115447545262,28.142995084721,15.86945392079,-25.6177259921576,0.107335204595057,3.95702765483247
33.040817535889,9.61396343723686,-16.5549611963454,71.391540592845,22.3897776800867,28.5052241234286,15.9394334296698,-25.6236885069143,0.0818034229320446,4.02270424954274
33.0044078547791,9.63592561104468,-16.5310827797067,71.4739443906698,22.0846864326398,28.8459566027803,16.0268812339393,-25.6300387024276,0.0530930791225443,4.08616005096826
32.9727308597477,9.66511468816746,-16.5091524260287,71.5615694717717,21.8011282784105,29.149200983544,16.1371236958824,-25.6376309816763,0.0210065292356114,4.15147434577411
32.9452352607839,9.69860104970404,-16.4790287091637,71.6522333281903,21.5442110779411,29.3977995675278,16.272632718661,-25.6473230428033,-0.0143706745607291,4.22309205163862
32.921164771102,9.73366823014671,-16.4314677855472,71.7448071950176,21.318570274588,29.5787752767194,16.4320553422463,-25.6600748807658,-0.0527571744536217,4.30504354852281
32.9154567786115,9.75574357396624,-16.3858287602937,71.8304743559634,21.0527592745636,29.6896169037894,16.6680770707003,-25.6836198711321,-0.0913564680613897,4.38821845523514
32.8990999722046,9.78668252917472,-16.2787588989862,71.9231364801509,20.9531908728544,29.7372084821281,16.849752357357,-25.7066324652574,-0.134213185967592,4.49710270215547
32.884791418556,9.81373690519988,-16.1484554427934,72.0242530157647,20.8562346791875,29.7267190817739,17.0346395007825,-25.7354099449589,-0.178322913539466,4.62075887766066
32.8740195919989,9.8364919240348,-15.9888216035325,72.1327904856972,20.7966894898782,29.6617010372973,17.2103201945583,-25.7707341085271,-0.22306397251273,4.75537912898354
32.8673886680556,9.85492415140606,-15.8039393094559,72.2527284914422,20.7593364269519,29.5496882068196,17.3699354959916,-25.8130525840192,-0.267555322122409,4.8968766559873
32.8655829004811,9.86996669497088,-15.5951404316582,72.3867616059496,20.7444426086476,29.3985057374252,17.5044620908721,-25.8624392163672,-0.310852523353212,5.04102434557521
32.8696158806751,9.88284911995571,-15.3649566355165,72.5370038965813,20.7488785706493,29.215876611426,17.6080761687715,-25.9186653360065,-0.352093663049709,5.18343242847866
32.880836196556,9.89487628141391,-15.1159250325527,72.7040542405528,20.7709234024402,29.0095088848072,17.6783382505578,-25.98101094217,-0.390550672941926,5.3204232989462
32.9007168510095,9.90721658058445,-14.8506287973365,72.8869798642253,20.8082893114948,28.7867252633278,17.7165673847989,-26.048090193596,-0.425552964972781,5.44991327270212
32.9307651410927,9.92087559093047,-14.5714515930635,73.0835147109161,20.8577124326767,28.5538421840275,17.7272154199933,-26.1181315164792,-0.456704972478044,5.5713479271839
32.9726806153439,9.93656519118972,-14.2807583861604,73.2904140934819,20.9142035774306,28.3158593871592,17.7168163693459,-26.1895959064899,-0.484338266795373,5.68493163692073
33.0287163101767,9.95436067518955,-13.9812411891067,73.5036823323825,20.9713126977967,28.0766333377417,17.6926694649866,-26.2618776368647,-0.50994665243826,5.79074876574645
33.10193793292,9.97340844834357,-13.6760927598744,73.7187509023499,21.0223653821749,27.8392638316268,17.6616780491472,-26.3356518347243,-0.536252009105361,5.88816345851928
33.1958851721244,9.99216070106374,-13.368683386064,73.9308662524849,21.0620398100033,27.6064427692802,17.6295099064706,-26.4122480072574,-0.566495543916684,5.97588848754628
33.3136174720047,10.00917778736,-13.0618378652924,74.1357069063975,21.0874601759116,27.3807343952705,17.5999481381909,-26.492250216267,-0.603209514518752,6.05271450608337
33.4568452129903,10.0239129871118,-12.7572388226,74.3298503355617,21.0982328160172,27.1647667324583,17.5744869901264,-26.5744388023577,-0.647291242169408,6.11839039669181
33.6257115703938,10.0369493198874,-12.4553762668421,74.5106847317468,21.0954635978211,26.9612564399492,17.5525358084555,-26.6556483268542,-0.69773684177656,6.17421069661794
33.8192627700098,10.0496202323219,-12.1560665356321,74.6757045833448,21.0803251913546,26.7729037488631,17.5324486563659,-26.7314190089022,-0.751949702801127,6.22305053103466
34.0046463737778,10.0791003252111,-11.8727325749073,74.8530145379424,20.8916416373098,26.4821231719592,17.2308694011024,-26.7835329944338,-0.811089725842864,6.27912421457848
34.2432536779813,10.0945867145602,-11.5815626058671,74.977235144264,20.827799158425,26.3182815594961,17.1849361000453,-26.8366180527203,-0.863439745655387,6.325014854541
34.5053598484721,10.11174960526,-11.2916155720358,75.0728567305378,20.7601737494691,26.1797834376633,17.1466429753717,-26.8756661633714,-0.909928584231894,6.3748668867577
34.7911324701904,10.1298943216917,-11.003122708047,75.1363112216663,20.6780947482353,26.0608548289717,17.1146167925023,-26.9004881607337,-0.948551292310572,6.43171167676299
35.1009816813173,10.1478462912063,-10.7140146657337,75.164894124915,20.5826447869229,25.9595343421608,17.0915310762934,-26.912224434475,-0.977589613031413,6.49806631744299
35.4350171833158,10.1644731041698,-10.4210812919793,75.1572732574124,20.4778313118604,25.8739881884469,17.0783873777818,-26.9125858807185,-0.995714319562285,6.57583246177126
35.7931184652814,10.1790549104857,-10.1206091227262,75.1131568896532,20.3694099897427,25.8017460600377,17.0742886237252,-26.9035803122177,-1.00204905135617,6.66587177236871
36.1751758779626,10.191548291173,-9.80912299295682,75.0327923139842,20.2640553163083,25.7396879586385,17.0765381911368,-26.8874691563088,-0.996333171802168,6.76747240913338
36.5813165988174,10.2025774470948,-9.48418493965612,74.9164238771643,20.1683497493853,25.6849639087059,17.0809916334274,-26.8666227614435,-0.978952973973307,6.87824771525459
37.0119490380455,10.2130844343867,-9.14493376088602,74.7638417167227,20.0875860877776,25.6355276530038,17.0829266828588,-26.8430795660212,-0.950685670141849,6.99486537968293
37.4676631754804,10.2238514259744,-8.79208970759343,74.5741183313,20.0248283792117,25.5897670310736,17.0782630093822,-26.8183222637172,-0.912576486933086,7.11408348885491
37.9491425286668,10.2351877880264,-8.42748425296431,74.3454908563059,19.9809051033922,25.5461705459324,17.064469671329,-26.7937609180791,-0.86627299984001,7.23335461837653
38.4571089762102,10.2468891237402,-8.05337167347554,74.0753588773178,19.9554700264379,25.5035095865367,17.0408193454731,-26.7713230289417,-0.814205701225412,7.35096330828753
38.9919647733777,10.2607150178329,-7.65966458952602,73.7542054770013,19.9649868519291,25.4318548252712,16.9402059319376,-26.7530683105889,-0.760763279453527,7.46710251583951
39.5548410474059,10.2688691941927,-7.28331395243354,73.3966069937245,19.9623832007833,25.4162912261902,16.9667222499999,-26.7415846685812,-0.703389480058051,7.57846905504946
40.1449944715101,10.2794180734657,-6.87776873514583,72.9744484485715,20.0135715209092,25.3444306646588,16.8543554367576,-26.7372561366437,-0.650343205243868,7.68989689687706
40.7619962268584,10.2844663990766,-6.47792314755059,72.5031919190481,20.0711988812194,25.3018880943679,16.8123661743337,-26.7400073039315,-0.59773394334625,7.80004672019805
41.4039231576011,10.2857616437388,-6.07019890189427,71.9742513299951,20.1556932145797,25.2624593247828,16.7789420694246,-26.7479599256724,-0.547209350496202,7.91217824116151
42.0678277736708,10.2832570368622,-5.65274778422362,71.3868835659687,20.2645836149152,25.2257763433476,16.7611661734348,-26.7582276823968,-0.497996441468719,8.02917303396994
42.749921003286,10.2775911925802,-5.22281439795574,70.7419526136472,20.3957439821049,25.1911969203077,16.7652008572535,-26.7678310358192,-0.448852750120764,8.15432881717208
43.4461913601025,10.2698855183608,-4.77715245688129,70.0419156574632,20.546563882074,25.1573787488959,16.7947890545325,-26.7747647954242,-0.398564263257004,8.2908520796489
44.1530171172547,10.2615613907569,-4.31228904465243,69.2903899291151,20.7147810791302,25.1220488431307,16.8506530124316,-26.7786109041409,-0.346272302486896,8.44133273249099
44.8674070784153,10.2543018757513,-3.8246853733313,68.4916434184943,20.8987905976808,25.0814419102738,16.930961551468,-26.7804294612167,-0.291542174740222,8.60754626698782
45.5868740305235,10.2501571781907,-3.31071726784992,67.6501486040844,21.0974561058075,25.0302237738451,17.0325198522502,-26.7821113324487,-0.234195907755316,8.79058572190914
46.3092322426456,10.2516096819678,-2.76671030289905,66.7701640758193,21.3096661986301,24.9624426527434,17.1521798811174,-26.7856424336787,-0.17410738197775,8.99100520285459
47.0324709185633,10.2614990328494,-2.18912891480596,65.8554307199236,21.5338217185032,24.8730334276952,17.2880112695464,-26.7926271782824,-0.111153889492423,9.20887701452746
47.7546297180225,10.2829471523318,-1.57472878268749,64.9092254518724,21.7675254406854,24.7589590795709,17.4397718139696,-26.8040836319777,-0.0452288755780508,9.44392142710522
48.4736444590949,10.3193682211165,-0.920544190574338,63.9348194097003,22.0079405829436,24.6193791739746,17.6082795555996,-26.8204185981912,0.0238187690920052,9.69574629954187
49.187263236079,10.3743964257228,-0.223825277150564,62.9360419416553,22.2528224974711,24.4548963553293,17.7938459701721,-26.8415747600455,0.0962429727259091,9.96405297945381
49.8930993323784,10.4515947143471,0.517920242698639,61.9175801077007,22.501393331811,24.2665732674889,17.9947643348574,-26.8672883144917,0.172379113593398,10.248682846996
50.588772374456,10.5540203501933,1.30675545847402,60.8848617686431,22.7542531797266,24.0552606557566,18.2069997985326,-26.8972876076524,0.252584595975977,10.5494799420095
51.2720612721234,10.683813077803,2.14410948804879,59.8436290716903,23.0125862901626,23.8214507707696,18.4252133515463,-26.9313410392175,0.337188065606987,10.866054717215
51.9410689296933,10.8419144144409,3.03059670582207,58.7994207235461,23.2775197651733,23.5659906626719,18.6442583230981,-26.969262196311,0.426439242512198,11.1975500329005
52.5944442495938,11.0279026587826,3.96575661620878,57.7571515667241,23.5496783874008,23.291402160726,18.8605510498857,-27.0110158618904,0.520424990657178,11.5424350046625
53.2315503514955,11.2399993873687,4.94779143050534,56.7209234002205,23.8287194478121,23.0025814242674,19.0730113100972,-27.056852732458,0.618962413840637,11.8984191801343
53.8523462533573,11.4753940990078,5.97365039823191,55.6941183930096,24.1134694966331,22.7059675729919,19.2829848600269,-27.1072280592065,0.72152023085424,12.2626269991757
54.4569831538676,11.7307969320897,7.03949694148442,54.6796952899555,24.4027629869066,22.407770302365,19.4931461339102,-27.1624102713907,0.827205609025649,12.6319546524291
55.0453922939648,12.0030573772085,8.14125346136552,53.6805218167985,24.696077148528,22.1127012414368,19.7060083938497,-27.222069909983,0.934870262779079,13.003387082363
55.6170970862701,12.2898901758501,9.27507597325201,52.6996094575562,24.9935169520503,21.8236514517534,19.9225736026918,-27.2853056935186,1.04336068343076,13.3742049236352
56.1712471044276,12.5905991645492,10.4377451736478,51.7402343527211,25.2953052617318,21.5415225910799,20.1419239013871,-27.3511089318973,1.15180629908528,13.7421701309032
56.7067236104572,12.906440577568,11.6269121441234,50.805955340859,25.6011738761154,21.2649711489774,20.3619226979868,-27.418734005281,1.25979775247713,14.1057474619856
57.2222641477538,13.2404191696593,12.8411395620624,49.9004682749434,25.910263617972,20.9907985182427,20.5798838089301,-27.4876911440142,1.36739418367075,14.4642586610722
57.7166818773248,13.5965517391805,14.0796780456808,49.0272837622551,26.2216873492136,20.7150801265426,20.792737871585,-27.5576011806839,1.47497196211308,14.817792428704
58.189137251545,13.9788318850288,15.3419535410999,48.1893396174126,26.5352647085392,20.4339457212815,20.9974779877573,-27.6281108995038,1.58300097453598,15.1668819971769
58.6392997175171,14.390305140396,16.6268913712336,47.3886876480248,26.8518381173048,20.1434605479562,21.192057568599,-27.6988385066982,1.69186878582813,15.5121456206258
59.0673450109908,14.8325457774182,17.9323168144107,46.6263203598707,27.1727918033012,19.8397860555028,21.3757217257863,-27.7693521598685,1.80175895385847,15.8540238823812
59.4738314398372,15.3055740914088,19.254694800238,45.9021493486985,27.4990274779005,19.5204335017586,21.5483000008624,-27.8392143634624,1.9125335522245,16.1926606224796
59.8595033953461,15.808129539752,20.5893684419477,45.215144469987,27.8303733014674,19.1852761955498,21.7095834261782,-27.9079899313736,2.02372921202399,16.5279088292654
60.2251629274682,16.3380761004573,21.9311221863203,44.5634955050086,28.165921397208,18.8362348934935,21.8597158952448,-27.9751458409455,2.13477460511287,16.859321016823
60.5718775296399,16.8925645890317,23.2746803214975,43.9445871958001,28.5047724802515,18.4763975863856,21.9999427497312,-28.0402411249417,2.24511198234624,17.185985945219
60.9014869355952,17.4678953124009,24.6151132593953,43.3549620273993,28.8468691952757,18.1093569714768,22.1327327115222,-28.1037113419297,2.35387640643696,17.5063051854892
61.2167169124188,18.0596350065488,25.9483272539337,42.790699125184,29.1935773424304,17.7388885953254,22.2612366977766,-28.1673315222873,2.45959439650824,17.8180338383392
61.520504515487,18.6631816321144,27.2712286543748,42.2481379815085,29.5467498618618,17.3690345338855,22.3887911837465,-28.2334292189411,2.56048224790963,18.1186910274964
61.8151067787869,19.2741804593417,28.5811112039608,41.7244576239132,29.9064248822229,17.0044053934078,22.5188759795475,-28.3033992329404,2.65510760367926,18.4060363233768
62.1014866703018,19.8885696424348,29.8747628542346,41.2180018246282,30.2698307891225,16.6502863300215,22.6549762233972,-28.3764164273411,2.74299775059861,18.6784170385393
62.3790074557323,20.5026275932628,31.1480398095754,40.7285279483213,30.6328616811003,16.3123174434195,22.7996406703494,-28.4490068906837,2.8249152163504,18.935044991413
62.6456434627852,21.1132353925465,32.3960762791731,40.2571559382605,30.9917975747755,15.9960067070565,22.9530391405043,-28.5161342956364,2.90252964716442,19.1761461450767
62.898815230884,21.7183932912107,33.6140426013824,39.8056627656526,31.3434473886515,15.7062873848281,23.1122987116766,-28.5734229806437,2.97770747896521,19.4028657707264
63.1373236879743,22.3155165908268,34.7744798075562,39.377806207446,31.6318450968858,15.4676069632048,23.3169738450918,-28.6192442147842,3.0531556375244,19.615899803563
63.3577115951368,22.9101404076352,35.9216558317804,38.9699135702732,31.9587772526536,15.237075458358,23.4722423279005,-28.6537909171513,3.12734047665391,19.8193953524151
63.5601456382972,23.5010659725869,37.0318390901597,38.5846863415795,32.2753395840133,15.0314206378355,23.6158352780067,-28.6792340768807,3.20183668157404,20.0139429330257
63.7440735537964,24.087602320224,38.1009841732042,38.2230102031359,32.5784638002469,14.8457496538167,23.7452565767655,-28.697382198761,3.27650952307768,20.2004492224536
63.909063663909,24.6663792619444,39.1248630980831,37.8857764125055,32.869418968407,14.6738603056434,23.8577345410334,-28.7089777167578,3.35071604994006,20.3789053395454
64.0548688925829,25.2314399454688,40.0980810944116,37.5739866600925,33.1502897481919,14.5116808558822,23.9516155366741,-28.7142097982832,3.42310851007772,20.5485654889069
64.1816297062781,25.7753515539119,41.0150378508644,37.2885301692573,33.4233994969562,14.3583667294836,24.0264674566403,-28.7137363040335,3.49160450990351,20.7083157350952
64.2899584358174,26.2905120199277,41.870760159754,37.0299012831665,33.6904623939561,14.2155586899951,24.0834485615516,-28.7090385214685,3.55384922093911,20.8569681843032
64.3808866617289,26.7699171699535,42.6610194725233,36.7980142903755,33.9511841298882,14.0858346362334,24.1254778209096,-28.7020754136803,3.60777679524315,20.9934112995208
64.4557838998648,27.2074294414906,43.3824513736079,36.5921825311249,34.2029529270025,13.9709756715904,24.1570938717969,-28.6948653805013,3.65188350803365,21.1167189572759
64.5162262375162,27.5980232613784,44.0332387028027,36.41129194316,34.4424069845661,13.8702463492671,24.1841292819531,-28.689230680409,3.68532141763543,21.2263503973327
64.5637960112455,27.9380867791188,44.6137676809148,36.2541228518747,34.6672143631883,13.7795787753032,24.2127373265477,-28.6866155998988,3.70798714050865,21.3224466728757
64.5999017134896,28.2255978629052,45.1267769876144,36.1196588950777,34.8767465950646,13.6924331066441,24.2475273494254,-28.6879641441367,3.72056891148764,21.4061075554491
64.6347932079113,28.4664947437731,45.6575751656211,35.9892246786791,35.3011615647818,13.6451123195942,24.3684151072124,-28.6912349074485,3.72096590267572,21.4843092186908
64.650388887669,28.6478715752875,46.0320079390665,35.9010131658532,35.4327224663228,13.5561280469602,24.4122344597444,-28.7020588490359,3.7177638168102,21.5501725721922
64.6569301563439,28.781904011035,46.3785038817712,35.8329821801301,35.6068082104408,13.4488629576618,24.4437570280776,-28.7165011814876,3.71003922735447,21.6134801716635
64.6552597368245,28.871718840883,46.6839387479708,35.7874989828031,35.762616967636,13.3308698024595,24.474725151452,-28.7347782842264,3.70028887786977,21.6770998569895
64.64600200174,28.9228963053622,46.9635655524304,35.7643582101582,35.9206408014968,13.2052431648514,24.503746195546,-28.7566366738263,3.69042039194159,21.7442429240732
64.6295269664089,28.9406497395894,47.2245012735858,35.7640121846377,36.0804672697182,13.0746533448761,24.5296197183898,-28.7816668090643,3.68165740958496,21.8166420653101
64.6061695494289,28.9302871414044,47.4733721873851,35.7862398594226,36.2453811134019,12.9412505330167,24.5515187980607,-28.8090019703076,3.6746953537233,21.8946059208939
64.5761862118164,28.897408188023,47.7142712076894,35.8299740344642,36.4165354040457,12.8068571742778,24.569317393352,-28.8372689481422,3.66983057054876,21.9772512651077
64.5398174084285,28.8484135588562,47.9496210362867,35.8929519306689,36.5939863425728,12.672825539063,24.5831477239421,-28.8649330336356,3.66716798552911,22.0631378707046
64.4973948251416,28.790835729975,48.1810905596599,35.9716275537684,36.7769004970571,12.5396512938735,24.59319949019,-28.8908269684634,3.6668468669574,22.1509396896541
64.4494166740396,28.7332585079053,48.410781378943,36.0614054003073,36.9649281779767,12.4066788322931,24.5997135077802,-28.9144864701314,3.66919407574223,22.2398865602883
64.3965762275763,28.6847607610813,48.641861923121,36.1570944468358,37.1591839744632,12.2722580024952,24.6030504146982,-28.9361676673761,3.6747012278938,22.3298935111249
64.3398426067018,28.6539550339703,48.8784008349759,36.2533394090139,37.3618294323171,12.1342914182884,24.6037299560097,-28.9566685275208,3.68386578114197,22.4214163178869
64.2805869659601,28.6478257582086,49.1245983664584,36.3449930127112,37.5744270008185,11.990956985266,24.6023791258657,-28.9770739056914,3.69701213144637,22.5151084417916
64.2206143219599,28.6708311921965,49.3838850637198,36.4275201266658,37.7964342712003,11.8414560865376,24.5995970072568,-28.9985300549239,3.71415919476266,22.6114561905092
64.162032586663,28.7246555726137,49.6583502968217,36.4973737554616,38.0251433640136,11.6865810928681,24.5958910208354,-29.022144301702,3.73493746453175,22.7105622856713
64.1069995506251,28.8085373548502,49.9485069843676,36.5522117285862,38.2567595713422,11.5290055618956,24.5917746740916,-29.048973906064,3.75855474301369,22.8120991202202
64.0574453508952,28.9198693797357,50.2531469912523,36.5908691270861,38.4872662777758,11.3734591238037,24.587939901946,-29.0799543876361,3.78387539774235,22.9153472416572
64.0148891893417,29.0548973580598,50.5694200233812,36.6131043307639,38.7127664268671,11.2265711320912,24.585310116166,-29.1157097276769,3.80965482502134,23.0192557664866
63.9803825101435,29.2094460185286,50.8934101741812,36.6193259633259,38.9297097001437,11.0958003971539,24.5847695493552,-29.1563525138353,3.83482514424041,23.1225509499922
63.9545023074656,29.3795545188128,51.220996757406,36.6105089435382,39.1348721529681,10.987662187134,24.5866383892367,-29.2014073099717,3.85866688272847,23.2239153146531
63.937360557715,29.561833631979,51.5484123792714,36.5882643556758,39.3249512614609,10.9060463330351,24.5902536615335,-29.2499248131481,3.88079460961515,23.3221528457343
63.9287058812363,29.7534096111847,51.8722855210869,36.5548827789963,39.4963103892134,10.8510637986273,24.5939145729608,-29.3007782497491,3.90100228934381,23.4162452081877
63.9281542656334,29.9515299928804,52.1895257985871,36.5132222132559,39.6453835493868,10.8188340906193,24.5952267661213,-29.353035034778,3.91906276894077,23.5053099464396
63.9354010347883,30.1531064659733,52.4974200626455,36.4663973714231,39.7697165053065,10.8025367620087,24.5917053020947,-29.4061810540968,3.93459417465942,23.5885354162082
63.950197564002,30.3544561129678,52.7939487952112,36.4172681546541,39.869374137517,10.7942465879365,24.5813638796962,-29.460000669124,3.94706898672096,23.6651638597418
63.9720781132456,30.5513042374798,53.077911104195,36.3678085878393,39.9475948017329,10.7866045694302,24.5631747555201,-29.5142088997578,3.95594079310182,23.7345741156654
64.0000474650511,30.7389918411049,53.3483953544327,36.3187722393332,40.0093453811059,10.7739159910822,24.5373918138319,-29.5681607060627,3.96083618850646,23.7964521008107
64.0324920732169,30.9129088977253,53.6040135456253,36.2701698399005,40.0591161087694,10.7529673123741,24.505527837858,-29.620889065389,3.96175464112967,23.8509370636664
64.0674610962559,31.0691685579831,53.8431167386807,36.2222271333268,40.1009296931995,10.7236129735996,24.4699616732945,-29.6714218663271,3.95919401373789,23.8986382282921
64.1030965834672,31.2052941420828,54.0651451454413,36.1758179308598,40.1401533321467,10.688522493428,24.4334849945186,-29.7189278933974,3.95422873692954,23.940583236034
64.1378492598343,31.3206154702009,54.2717466747884,36.1320822636975,40.1839695349183,10.651673079606,24.3988354289711,-29.7624946462962,3.94854234396191,23.9781938521079
64.1704760545658,31.4163222583437,54.4667966189602,36.0918463432151,40.2397365582773,10.6162152534317,24.3681559286109,-29.8009654024192,3.94426629736012,24.0132272135044
64.1999263851027,31.4952567512412,54.6555967546306,36.0553808280368,40.3130204593098,10.5830659686773,24.3426132469775,-29.8329426645545,3.9436866934953,24.047641477575
64.2252121094948,31.5614426660588,54.8437913734034,36.022462098004,40.4066558423928,10.5511546975769,24.3223456019634,-29.856820675025,3.94891744226575,24.0833992547734
64.2455577833852,31.6193321877891,55.0364858357107,35.9924002497874,40.5208766068207,10.5189343218147,24.3066832712467,-29.8711817117853,3.96139579916735,24.1221522242048
64.260861247091,31.6728891845216,55.2377280064898,35.9639063022353,40.6538914031006,10.4856742882671,24.2944739252601,-29.8756044937939,3.98131544817064,24.1648861343052
64.2719591391072,31.7248331402404,55.4501702532513,35.9350293925154,40.8023355698719,10.4515539767925,24.2843360714248,-29.8711711913259,4.00747709642736,24.2117714388962
64.2803546383226,31.7763669610474,55.6748852714121,35.9033683714951,40.9614287551063,10.4172583228398,24.274888077361,-29.8601762487537,4.03774328453512,24.262297804747
64.2878733472805,31.8273325478413,55.9116251981364,35.8663521531151,41.1252324646531,10.3840758499731,24.265132953063,-29.8456573419691,4.06957442620704,24.3154617372663
64.2966468087878,31.876459339969,56.1594574131126,35.8213416393695,41.2874153086949,10.3541763915711,24.2548894553385,-29.831214150773,4.10028328261666,24.3698345436952
64.3088721562408,31.921604576812,56.4170862702759,35.7658100777774,41.4421731164611,10.3304417029584,24.2448495532719,-29.8203842456287,4.12743988353211,24.4237056798382
64.3261042010784,31.9601347227098,56.6827121658426,35.697844612481,41.5849229453824,10.3159565661604,24.23610921431,-29.8156018506741,4.14947004959138,24.4754228736697
64.3487491711788,31.9894440965199,56.9540170023525,35.616665155999,41.7128414184757,10.3133569529473,24.2295487070409,-29.8178378332615,4.16589442464553,24.5237011640327
64.3760918190679,32.007459609298,57.2283816950721,35.5227821052574,41.824925943562,10.3242487936062,24.2254998764757,-29.8270648533905,4.17716524882943,24.5677477071294
64.4066073369696,32.0130284546774,57.5030246093775,35.4177075943022,41.9213556905744,10.3489720946149,24.223794202844,-29.8428585964291,4.18440366845965,24.6072707143098
64.4383638832305,32.0060913386568,57.7750980174808,35.3034247265642,42.0027936252651,10.3865844815043,24.2240152390242,-29.86476238936,4.1891310305312,24.6424589939582
64.4694266076464,31.987605705758,58.0418506852112,35.1819907322674,42.070061168151,10.4349406938059,24.2257744215424,-29.8924236706248,4.19298690426506,24.6739455429443
64.4982009935231,31.9593058110009,58.3007469401296,35.0554118673926,42.1239894425968,10.4909596193854,24.2289335495118,-29.9256208486789,4.19742944733977,24.7026825319924
64.5236845570679,31.9233683336822,58.5494895343388,34.9256712500377,42.165373816176,10.5509619218362,24.2337255718314,-29.9642066112262,4.20346683123484,24.7296956327758
64.5455511940192,31.8820632018923,58.7859575308333,34.7948968843919,42.1950780157663,10.610958984222,24.2407464831345,-30.0079046193483,4.21154197135731,24.755841610096
64.5640668592381,31.8375475677613,59.0081049596037,34.6656441656413,42.2141465151163,10.6671554594796,24.250867488271,-30.0560792484341,4.22160812015294,24.781689088832
64.5799769825192,31.7918580800338,59.2139348896134,34.5410819083714,42.2237473568735,10.7167246552377,24.2650873639695,-30.1076978223542,4.23329515360943,24.8074890494041
64.5944041545759,31.7469825290766,59.4015160776273,34.4249531534292,42.2251044693299,10.758027798127,24.2842128795369,-30.1614442247815,4.24607359438503,24.8331723424783
64.6086422116027,31.7048649399902,59.5689411753301,34.3213545588555,42.2198759389113,10.7896160154258,24.3083023989599,-30.2158111775741,4.25936736189228,24.8583947699137
64.623825535492,31.6672930719016,59.7144452925875,34.234303037687,42.2110945403809,10.8089313158574,24.3361735396433,-30.2691404893488,4.27258300563365,24.8826664138367
64.6406034780525,31.6357198432774,59.8370151046002,34.1669443962356,42.2040165779576,10.8122510166853,24.3654836633426,-30.3196694857818,4.28509141200806,24.905520179017
64.6588980615955,31.6110033379121,59.9369246221246,34.1205138432035,42.2053703328362,10.7961638613028,24.3932630514776,-30.3656137145463,4.29624100501541,24.9266097641691
64.6777213880261,31.5930263808055,60.0150090288941,34.093806206931,42.2202881117253,10.7595678135818,24.4162225985098,-30.4052635375774,4.30547454290017,24.9457337122086
64.6951477703638,31.5804960908887,60.0711157479177,34.0839175762735,42.2497008905335,10.7049291287161,24.4308729533628,-30.4371089202303,4.31256663280521,24.9628917014217
64.7086686196886,31.5712953089428,60.1037988943601,34.0877230402002,42.2914687201534,10.6381265462793,24.434193650215,-30.4600364909977,4.31783641300355,24.9783611322832
64.7159463780841,31.5631902599241,60.1118797316058,34.1027797251133,42.3437134944338,10.5671295766128,24.4249014838766,-30.4735287070853,4.32213628293554,24.9926868764119
64.7156352609474,31.5543204075966,60.0962384371351,34.1272333306371,42.4065225863109,10.5000826041819,24.4042154443012,-30.4777507340578,4.32659548448763,25.0065509591723
64.7079088240007,31.543147036613,60.0602884606436,34.1591902859419,42.4809008289588,10.4433329719213,24.3750550063797,-30.4735467605667,4.33223722345261,25.0205449784111
64.6945836681774,31.5281459464435,60.0093006528829,34.1960946265804,42.5667167107924,10.4001621984218,24.3402354478915,-30.4624607352451,4.33959793624003,25.0349357642685
64.6788953892531,31.5078805419068,59.9496627977524,34.2345093767085,42.6618275819782,10.370788010562,24.301391485364,-30.4468144708474,4.34847211338243,25.0495598276933
64.664989615386,31.4815682355936,59.8884349757807,34.2703477003947,42.7627604068786,10.3534055366996,24.2592281196968,-30.4296918014117,4.3578827446337,25.0638750150495
64.6571950405563,31.4496235259362,59.8328205758882,34.2993017651138,42.8657964526014,10.345264369696,24.2141554595992,-30.4146333234516,4.36629479078106,25.0771140499021
64.6592056853815,31.413833400632,59.7894598647757,34.3173383206217,42.9677043712638,10.3430531420533,24.1665504931917,-30.4050501927717,4.37198957680219,25.0885052673663
64.6733547962949,31.37715015794,59.7637529930437,34.3212458108828,43.0659867660434,10.3431649390326,24.1167566573722,-30.4035065038597,4.3734918454963,25.0975096524844
64.7001880858011,31.3431370532782,59.7593353723009,34.3091327022562,43.1585504466454,10.3426023063296,24.0651623162019,-30.4110790670946,4.36993333535175,25.1039737556132
64.73849179533,31.3152103251382,59.7778146208215,34.2807607063972,43.243211857278,10.3399498717065,24.012450665478,-30.4271285013788,4.36121346740315,25.1081412060994
64.7857230103052,31.2959199686639,59.8188050537444,34.237698008638,43.3178239359615,10.3353070542381,23.9598838368722,-30.4496394317586,4.34792385837593,25.1105625805515
64.8386019412535,31.2864421916389,59.8801212768586,34.1833219924998,43.3810327637254,10.3291342250493,23.9095067008433,-30.4758900373849,4.33114209622926,25.1119481112141
64.8936600998089,31.2863353948515,59.9579601623144,34.122586614495,43.4328734536242,10.3211692231152,23.8641090901801,-30.5031493972827,4.31217796017259,25.1129737830817
64.9476622114428,31.2935615134709,60.0470648048493,34.0614096078674,43.4747000424415,10.3104313495939,23.8266065725277,-30.5292197305848,4.29232679543191,25.114090540467
64.9978825433943,31.3048571545955,60.1411834615699,34.0057575918647,43.50884165731,10.2959343590123,23.7989177222815,-30.5526576387268,4.27274382728699,25.1154482000015
65.0422336541189,31.3165246366774,60.234016898333,33.9607021097771,43.5383445313018,10.277052922305,23.7810784714108,-30.5726313101339,4.25450817281134,25.1170000218651
65.0792756401651,31.3254072944592,60.3202459104057,33.9296725975256,43.5664073142264,10.2533328274181,23.7711832076354,-30.5885988076818,4.23877102921231,25.1187046343831
65.1081873718164,31.3296000640106,60.3962328630075,33.9140769111564,43.5956759308371,10.2242015372191,23.7661316285595,-30.600053528487,4.22679848738209,25.12067918013
65.1287638102246,31.3285474067765,60.4603019485367,33.9133222156456,43.6278791630735,10.1889678317711,23.7627147621128,-30.6064118305162,4.21983198303128,25.1232332595758
65.141432316492,31.3224941962859,60.5124812857708,33.925091258707,43.663398743046,10.1473725898434,23.7584437259276,-30.6070006110664,4.2188288701345,25.126757272981
65.1472832707566,31.3117076662491,60.5538938083757,33.9457700755005,43.7008955679597,10.1004422564642,23.7518445529269,-30.6012156557534,4.22417259542947,25.13147512543
65.1481313296655,31.2960490995911,60.5863120620445,33.9709667164657,43.7378970219295,10.0507557730795,23.7423182309667,-30.5889882097947,4.23541979367834,25.137200479334
65.1465567329183,31.2751139571355,60.6120394905418,33.9960099711401,43.7720866047613,10.0017242465778,23.7298051665306,-30.5714610265532,4.25114782471668,25.1432462912601
65.1457041567089,31.248738051509,60.6338403548284,34.016390140649,43.8021461398773,9.95656833808395,23.7145296354165,-30.551282350262,4.26908973387551,25.1485383273126
65.1486070803967,31.2175238578483,60.654704250303,34.0282037736397,43.8279125298647,9.91753762902173,23.6969579568003,-30.5318678524925,4.28675385662721,25.1519470068645
65.157318394966,31.1830708288157,60.6775326131905,34.0285886995506,43.8503710579817,9.88553226989537,23.6778909346227,-30.516004829552,4.30222418570651,25.1527031864282
65.1724984491753,31.1477598915289,60.7048853321717,34.0160370901651,43.8715955236287,9.86056942371364,23.6585208585216,-30.5049787887435,4.31453433150144,25.1506200877168
65.1936297026409,31.1142043104709,60.7387374082267,33.9904872629366,43.8943807691093,9.84260256546255,23.6403050503754,-30.4986638252057,4.32351878205502,25.1460168826097
65.2194982101562,31.0846247902132,60.7802511583668,33.953154179059,43.9215891267367,9.8315315770256,23.6247287620286,-30.4960480753297,4.32948859141638,25.1395085605377
65.2486293479856,31.0604008848345,60.8297721052918,33.9061908941854,43.9556177986621,9.82665638324026,23.6131849656296,-30.4957106039346,4.33294729775762,25.1318589829718
65.2795648358192,31.0419248819569,60.887060975757,33.8523351938841,43.9981612767522,9.82641671034803,23.6070024254571,-30.4961588570042,4.33437721709632,25.123923778229
65.3109703358072,31.0287220325696,60.9515279645017,33.794607241935,44.0501212676148,9.8284487948295,23.6074575228416,-30.4960442245228,4.33410988911081,25.1165934255535
65.3416198155656,31.0197349130472,61.0223556916943,33.7360660450263,44.1116464289499,9.82995127731459,23.615658342899,-30.4942478009448,4.33231504989779,25.1107203974208
65.3703565050123,31.0135961585157,61.098455648793,33.6795633054422,44.1818723189373,9.82858994626343,23.6322933187052,-30.4898641907054,4.32910550879113,25.1070818075283
65.3961217015538,31.0087379685722,61.1782362880688,33.6274468866007,44.2580690148,9.82345410375544,23.6572174841681,-30.4821776466995,4.32467108223893,25.1063456307473
65.4180236870969,31.0034877460104,61.2594474546795,33.5813964444928,44.3354061997614,9.81504607161851,23.6889475106805,-30.4707194469089,4.31935704136257,25.1089930222445
65.4353824534288,30.9964121690841,61.3394810132485,33.5425922608441,44.4084977438875,9.80428138795137,23.724505027305,-30.4554187021691,4.31367026677108,25.1152715492651
65.4477931300656,30.9867741727836,61.4160880093342,33.5119911037357,44.4735698127701,9.79161909023754,23.7599810515573,-30.4367661574718,4.30820144580363,25.1252291590388
65.4552522795555,30.9747228730607,61.4879911049149,33.4902671981982,44.5291406266028,9.77710746542613,23.7915239064691,-30.4158471348172,4.30347647005576,25.13872829401
65.4582686260357,30.9611661871644,61.5550578891126,33.4774249630082,44.5751657737942,9.76098986652984,23.8161861517645,-30.3941953484588,4.29980954044361,25.1553788035623
65.4578513192246,30.947531696828,61.6181546799961,33.472513778829,44.6122269342289,9.74403488720953,23.8323874361253,-30.3735640871139,4.29720760511778,25.1744740026399
65.4553359422626,30.93549469724,61.6788279402653,33.4737091845341,44.6413583277821,9.72735462183401,23.8400282695637,-30.3556548402492,4.29535439142292,25.1950417160031
65.4520857690065,30.9266830417695,61.7388749667345,33.4786731346145,44.6639711523627,9.71204344085639,23.8403514347545,-30.3417898716927,4.29371248364664,25.2160405115308
65.4491891952587,30.9224417914076,61.7999180779285,33.4849909094467,44.6815026270698,9.69887277927326,23.8356077991704,-30.3326616976147,4.29168633876297,25.2365898539358
65.447278768754,30.9237253430408,61.8630987436594,33.4905566994041,44.6949417194506,9.68818934263335,23.8285589741127,-30.3283381729053,4.28871023758689,25.2560965860768
65.4464905879864,30.9310912153036,61.9289415045206,33.4938396185217,44.7046118157145,9.680078748423,23.8219341564857,-30.3284729382545,4.28423859876838,25.2742618596887
65.4465231217958,30.9447276650074,61.9973698616049,33.4939638287127,44.7103925230268,9.67452994419382,23.8180445817074,-30.3324942292216,4.2777350854146,25.2909985170853
65.4467723033855,30.9644997864234,62.0678212167693,33.4905816810949,44.712151707861,9.67131547444266,23.8186109370709,-30.3396591235091,4.26872113937594,25.3062958997525
65.4464983318536,30.9900529116242,62.1394072952966,33.4836182300228,44.7100075875983,9.66963829198103,23.8246833316139,-30.349053894925,4.25685130440372,25.320124229426
65.4449474325566,31.0209656038041,62.2110855781632,33.4730440116307,44.7043081466877,9.66786892825697,23.8366377678977,-30.3596357882726,4.24194545779351,25.33245177311
65.4413896068677,31.0569079985596,62.2818380433201,33.4588097651846,44.6954537849669,9.66376393821359,23.8542879993226,-30.3703214317722,4.22396827390695,25.3433359189873
65.4351098016237,31.0977778427945,62.3508159912631,33.4409448722252,44.6836213771759,9.65521260759479,23.8770129807567,-30.3800994778727,4.20301311648757,25.3529888433259
65.4254183693401,31.1437703567622,62.417377054638,33.4197230224664,44.6684502165008,9.64105407488449,23.9038487454036,-30.3881793290426,4.17929334237034,25.3617798499254
65.4116965450462,31.1953517555468,62.4810027479484,33.3958163906318,44.6488833525794,9.62142134354758,23.933586371775,-30.3942031020694,4.15307511316786,25.3702073307987
65.3934360710402,31.2531119050647,62.5410856415686,33.3704202699641,44.623299924371,9.59742635636725,23.9647797240873,-30.3984524732135,4.12456378926998,25.3788686471803
65.3702359360394,31.317441395736,62.5965805937162,33.3453771810656,44.5897766187194,9.57069075633717,23.9956042322081,-30.4018958964137,4.09383083036474,25.3884039404311
65.3417255367738,31.3880331736854,62.6455567162538,33.3233266546471,44.5461269050291,9.5433978969083,24.0237717624272,-30.4059538774672,4.06083607925918,25.3993971078072
65.3074237709024,31.4633023416639,62.6847188207862,33.3078279025193,44.4898024033794,9.51848835912313,24.0466782988231,-30.4119893260899,4.02556410938266,25.4122738606644
65.2666866260034,31.5399213530821,62.7091524835617,33.3033010584556,44.4180990720495,9.49922714128987,24.0617618639728,-30.4208110790603,3.98821022127307,25.4271996286311
65.21887734349,31.6127448143575,62.7125878289166,33.314646401078,44.328644057482,9.48847043453743,24.0670158510788,-30.4325303584315,3.94929598374508,25.4439856297898
65.1636776024694,31.6752331653201,62.6881802662842,33.3465632059503,44.2198773876017,9.48838840626929,24.0616273354213,-30.4467306422634,3.90967029185632,25.4620740988816
65.1013698374959,31.7201924718922,62.6294663471526,33.4027739794388,44.0913891133454,9.50079234070511,24.046626543375,-30.4627065613237,3.87040141675587,25.4805633640364
65.032934897297,31.7405482209231,62.5309600649308,33.4854914326196,43.9438517911713,9.52769759795818,24.0251827974204,-30.4796465286297,3.83257729836206,25.4981747738298
64.9598748192225,31.7299229715948,62.3881140725779,33.5954251548805,43.7784372224119,9.57151696970886,24.0021434761763,-30.4967198640884,3.79708829701558,25.5132468556369
64.8838260598897,31.6829529372305,62.1969067916932,33.7323332415205,43.5961585467538,9.63454381035989,23.9828632521818,-30.5130980529765,3.7645045093812,25.523930588605
64.8061219411143,31.5955620454022,61.9535701441749,33.895804802707,43.3977099135214,9.71808265497294,23.9718663082367,-30.5280153604201,3.73510849820221,25.5285585073091
64.7274767233194,31.4654446282431,61.6548852704459,34.0858544752915,43.183844922052,9.82211096956433,23.9720106536081,-30.5409147790551,3.70903168235052,25.5259731352325
64.6479339580147,31.2926375481646,61.2990337749624,34.3030395547552,42.9558423241685,9.94575977975032,23.9844534470488,-30.5515895108499,3.68638827321787,25.5156940193603
64.5670561827203,31.0798204335999,60.8864688844736,34.5481247302808,42.7158365084907,10.0876810462803,24.0090828620799,-30.5601744982034,3.66734809298241,25.4979458392717
64.4841417677374,30.8321794998598,60.4201914596426,34.8216363377243,42.4669881106473,10.2458522708062,24.0449325141425,-30.5669293723315,3.65216337999228,25.4735657603368
64.3983444404912,30.5568963337756,59.9052503126556,35.1236216972134,42.2131656215927,10.4176468540093,24.0905129832929,-30.5719528943957,3.6411604577148,25.4438002832974
64.308819459544,30.2623541917428,59.3479188276693,35.4536214047516,41.9582083466443,10.6004420632723,24.1440984430754,-30.5750699288201,3.6346562236546,25.4100323112404
64.2149910461398,29.9571848541497,58.7550431212214,35.8106932562467,41.7053465007916,10.7920686298333,24.2038526284008,-30.5759619429776,3.63278969254327,25.3734868078608
64.1168122151036,29.6493190425023,58.1334863385817,36.1934136966415,41.4568469112604,10.9907988026189,24.2678584957357,-30.5743871089993,3.63533119881753,25.3349642295528
64.0148613627043,29.345199315092,57.4895178611041,36.5999352732058,41.2137015395162,11.1951958139519,24.3341872894638,-30.5703382245209,3.64155938493879,25.2946656903648
63.9102692140951,29.0493030770648,56.8283378746023,37.0281403193325,40.9753472390421,11.4041558842301,24.4009165698013,-30.5641079312626,3.65026880200913,25.2521593702087
63.8045284335722,28.7640256348141,56.153822679283,37.4758051550005,40.739411507423,11.6169381627427,24.465927763845,-30.5562642341336,3.65989653088417,25.2064928988822
63.6991937374362,28.4897880592787,55.4683168359081,37.9407528568849,40.5017432756158,11.8328314307282,24.5266286178376,-30.547546715035,3.66866719808924,25.1564065180543
63.5955043605816,28.225203983393,54.7723723849265,38.4210105055096,40.2569219055634,12.0509881359942,24.5801257879239,-30.5387380409232,3.67464443844322,25.1005242194964
63.4940416292026,27.9672424627866,54.0644925158791,38.9149368706511,39.9990824158022,12.2707554589966,24.6240175334443,-30.5305361344884,3.67574899645898,25.0374445282693
63.3945370138094,27.7113001616273,53.3410429325945,39.4213740755108,39.7230631032749,12.4915646698416,24.6573764949686,-30.5233637967652,3.6699366878433,24.965816951435
63.2958384987639,27.4511646335514,52.5964827727386,39.9399074577503,39.4255862876679,12.7120496340051,24.6814636224635,-30.5170969864653,3.65552744777554,24.8844578191141
63.1958888537539,27.1791457731151,51.8238507383637,40.4712279127947,39.1056258865055,12.9294602982434,24.6996685619844,-30.5107867317989,3.63150409540024,24.7924450441823
63.091597730434,26.8866272459785,51.0154643324466,41.0175224939096,38.7638463517768,13.1402706402812,24.7162372379879,-30.5024345828358,3.59771896684569,24.6891918359715
62.9787602117934,26.5649047715185,50.1639550368318,41.5827080938258,38.401770193321,13.3420362214064,24.7340393920224,-30.4889521177732,3.55495604395912,24.5745333431925
62.8590572159262,26.2105010085076,49.3216572911139,42.1665297936829,38.2291424710614,13.5940997726052,24.8310110341784,-30.4694543710031,3.50609159618309,24.4512644112042
62.7145062543199,25.8097744658943,48.3757838971393,42.7851568131822,37.8538477522147,13.7893697753918,24.8638459821367,-30.4344825181601,3.45124832107896,24.3150266346776
62.5448184794517,25.362501352521,47.3746200840969,43.4418843832526,37.4587345013137,13.9841105632014,24.8860170302661,-30.3834872304677,3.39261342658473,24.1697161734892
62.3454701484727,24.8687997735919,46.3214507225427,44.1424367756562,37.0547512449594,14.186917056349,24.8948813538275,-30.3148101676072,3.33164994546586,24.0166878608919
62.1135979965206,24.3314959758295,45.2206780036833,44.8906682146094,36.6484057010016,14.4011126443341,24.8870064003901,-30.2290282786483,3.26882075827664,23.8569640394754
61.8482302131323,23.7553812236318,44.077838471699,45.6879600223559,36.2453786275018,14.6274506884053,24.8595588495069,-30.129062844645,3.20345011625588,23.6911094497297
61.5497840250024,23.1461629191806,42.8982607289235,46.5333839922168,35.8486499877315,14.8651243649826,24.808985896679,-30.0191812812042,3.13408975967462,23.5192354277077
61.2194705488561,22.5097610747148,41.686731388075,47.424041891301,35.4576533465251,15.1132045971855,24.7310922044119,-29.9035398030032,3.05919173991096,23.341136949273
60.8589799275169,21.851954570229,40.4479255566549,48.3553794056382,35.0688232956142,15.3715004119144,24.622529657478,-29.7853191049727,2.97753624359249,23.1564499794723
60.4703356624964,21.1782414032918,39.1867286002071,49.3216500015039,34.6769972949434,15.6401479354624,24.4822786648863,-29.6666860373427,2.88828822658642,22.9647549380386
60.0557259342048,20.4938221253902,37.9081036511102,50.3166126618413,34.2768334574369,15.9187808520212,24.3119702774534,-29.5490703404039,2.79096041558072,22.7656067464095
59.617323499836,19.8037856898636,36.6168268546712,51.33414969045,33.8638688811203,16.2060832919786,24.11523947337,-29.4333691112258,2.68547622828214,22.5585554480046
59.157191259845,19.1134890418101,35.3174582159643,52.3684522395126,33.4353516815414,16.499640663025,23.896909373228,-29.320132173499,2.5722215850645,22.3432319889226
58.6772959572422,18.4288424452151,34.0146360032038,53.4138572183736,32.9908482613845,16.7962942157137,23.6621371322427,-29.2098871290046,2.45191789055584,22.1195110814883
58.1794923233275,17.7563035888693,32.7135324484417,54.4648339056344,32.5325711972016,17.0930817410468,23.4152083485443,-29.1034147353622,2.32544858613654,21.8877006000615
57.6653450429493,17.1026765159079,31.4200233570355,55.5165179426407,32.0648811105296,17.3880284603183,23.1583251764791,-29.0017400574737,2.19381833781322,21.6486772828253
57.1358943148204,16.4748296748335,30.1402383148184,56.5655148495987,31.5923650836702,17.6803314584755,22.8912926891113,-28.9059420550875,2.05814114772302,21.4038870139566
56.5915432555398,15.8793156855276,28.8796795177317,57.6103147432268,31.117320220754,17.9704221377117,22.6122328664051,-28.8168525300776,1.91957263521664,21.1551506826413
56.0321199424077,15.3219893507149,27.6424286094092,58.6510916616992,30.6383751077181,18.2603633694201,22.3184410324196,-28.7347457001335,1.77926468077006,20.904316668711
55.457122897738,14.8078194928698,26.4310008133074,59.6891138538295,30.1514056158113,18.5540996842259,22.0068415168312,-28.6593390939281,1.63833831615662,20.6529063753352
54.8661002709151,14.3408621828787,25.2468674290929,60.7260320772199,29.6519394652451,18.8567719765765,21.674414701001,-28.5901190417233,1.49781898699973,20.4018905070009
54.2589877064751,13.9242912228323,24.0909915658284,61.7632860935224,29.136854665047,19.1731755592078,21.3189448680646,-28.5266851151083,1.35855394476722,20.1516702962636
53.6362455049311,13.5605038200883,22.9640610217071,62.8018391302668,28.6049600365925,19.5060405374626,20.9398633707183,-28.4689167768526,1.22114709054334,19.9022215021239
52.9988185568373,13.2511863605918,21.8666353543526,63.8422085006524,28.057253665618,19.8550164847827,20.5385609192505,-28.4168280705066,1.08596600909006,19.6532208289689
52.3480783724455,12.9971218525485,20.7992054343244,64.8845140610703,27.496409678252,20.2173200968743,20.1176171721643,-28.3701932102469,0.953198833190577,19.4040759683258
51.6858601591512,12.7977398895046,19.761993196582,65.9283811889985,26.9255102233272,20.5895675942837,19.6795056298908,-28.328371560773,0.822808089372387,19.1539938705134
51.0145702204641,12.6506818364885,18.7545391526897,66.9727677808221,26.3473405101039,20.9690261143042,19.2261933129516,-28.2905488757836,0.69440543076668,18.9021620039335
50.3372480067642,12.5517671864765,17.7753693976253,68.0157781350007,25.764798550625,21.3538144989109,18.7597894975973,-28.2561506078036,0.567233899644835,18.6479560447464
49.6574706170818,12.4955708986878,16.822012017135,69.0544446819791,25.1818604365454,21.7429793722931,18.2827960538615,-28.2250075674776,0.440327305595858,18.3910606188525
48.9790762154202,12.4764034390001,15.8913316492749,70.0845546877434,24.6044002516732,22.136734300622,17.7973421818679,-28.1970045011693,0.312835774278456,18.1314126729057
48.3057787067504,12.4892617032746,14.9799861965109,71.1007406159534,24.040302637439,22.5362596733137,17.3044513426906,-28.1714609085768,0.184373143939754,17.8689704234427
47.6407726857794,12.5304217324304,14.0848713194682,72.0969734409038,23.4985676641356,22.9427947948901,16.8043730478465,-28.1468195643712,0.0550756669030834,17.6034676619742
46.9864354335687,12.5974793478724,13.2034690920552,73.0673074551042,22.9875649219801,23.3565039809342,16.2979648186845,-28.1208296824235,-0.0746760444085873,17.3343658530089
46.344210618603,12.6888487830401,12.3340909071453,74.0065317696026,22.5132167012847,23.7755583889232,15.788037702372,-28.0909530703599,-0.204523243895936,17.0611211838576
45.714648227048,12.8030405342732,11.4760949613349,74.910538290132,22.0783638975965,24.1955551540046,15.2795812242181,-28.0547775324389,-0.334159672400423,16.7836686915417
45.0975962866512,12.9380202526459,10.6299763581893,75.7764234875811,21.6839334175641,24.6096947281928,14.7791367502061,-28.0104377134242,-0.463285291058076,16.5027138361457
44.4926211229399,13.0906875529658,9.79698152014968,76.6023885789559,21.3306475136114,25.0102463036063,14.2941478025348,-27.9570827447402,-0.591728739548608,16.2194546782945
43.8993996568438,13.2566540864614,8.97835732683978,77.3876784589072,21.01941529651,25.3909451995736,13.8325077797749,-27.8951332370257,-0.719657731863279,15.9349985004125
43.3176227986936,13.4306241588695,8.17493951908164,78.1327826140946,20.750694150687,25.7488816462331,13.401905447204,-27.8259364788645,-0.847576295659797,15.6500904131646
42.7465543990172,13.607166348348,7.38731050450644,78.8396056471977,20.5245252269027,26.0840734234155,13.0080112368578,-27.751087859452,-0.976147910434081,15.3653004910034
42.1848573465428,13.7813091693454,6.61605612676701,79.5111829025462,20.3411522557119,26.3968506881658,12.6518353216889,-27.6720756648395,-1.10602309362599,15.081364355465
41.6309107141105,13.9487178329683,5.86180972925045,80.151070842829,20.2003906286979,26.6867697789676,12.329524311036,-27.5903766831059,-1.23757203606046,14.7994147703302
41.083353419557,14.1055900258032,5.12514210141989,80.7627537780998,20.0997457979214,26.9549428386823,12.0360052784519,-27.5077459267755,-1.37059122087445,14.5210084181137
40.5415223785931,14.2485176714947,4.40643347887564,81.3491070293009,20.0337240070543,27.2057539014772,11.7684325116578,-27.4264876521012,-1.50427649963492,14.2479831130759
40.0055586866792,14.3744904384008,3.70590735685079,81.9119537013106,19.9952647218193,27.4449892907672,11.5262407769545,-27.3494563830337,-1.63740945221518,13.9822687782297
39.4761407523196,14.4810294454158,3.02393616841945,82.4519199402783,19.9775739810972,27.6767504638505,11.3095809804493,-27.2796152087273,-1.76848433541412,13.7257238221822
38.95409989166,14.5663328898738,2.36145277979057,82.9686187407253,19.9749329324003,27.9018823259427,11.1186276017821,-27.2194265174243,-1.89573359597357,13.4799867499347
38.4402462604448,14.6293956543012,1.72015670508634,83.460974746719,19.9826017113672,28.1179903638309,10.9538652034241,-27.1705622277673,-2.01717542362727,13.2463408220915
37.9353480747589,14.6701758348617,1.10239810868867,83.9275733098012,19.9964859734344,28.32002008033,10.816068903718,-27.1338895179516,-2.13066445547567,13.0256767063692
37.4398868233327,14.6898606330443,0.510921544511065,84.3670574821034,20.0130154263346,28.5008869077907,10.7052051554956,-27.1092144482383,-2.23377268065052,12.8187258762587
36.9535639332588,14.6910976018124,-0.0513706425511814,84.778518105612,20.0293545437616,28.6524675988644,10.6188329681661,-27.0947488364931,-2.32354218852528,12.6265502304321
36.4750712180369,14.6778733163444,-0.581737205144501,85.1616621649282,20.0437189776478,28.7675000337936,10.5513441882507,-27.0869379588698,-2.39650366190805,12.4508863637491
36.0025040891422,14.6548540301038,-1.07806320420538,85.5166353595594,20.0554115102158,28.8417250120831,10.4947298852509,-27.0810662573377,-2.44925283878079,12.2939531566049
35.5342795232629,14.6263895959148,-1.53928079931394,85.8435996185608,20.0644715475494,28.8743579674136,10.4402674629356,-27.0724757130619,-2.47938216164062,12.1577664198877
35.0701483826121,14.5955766405429,-1.96553666677291,86.1422703869322,20.0709636813228,28.8669015278683,10.3808300139267,-27.0579768494754,-2.48628358872109,12.0432896505922
34.6117602088157,14.5637386958778,-2.35802422756279,86.4116740042909,20.0739337971637,28.8223265828068,10.3139535519439,-27.0367994757668,-2.47144784712637,11.9498287484104
34.16239317616,14.5305262741845,-2.71859224812314,86.6503050554577,20.0707922724925,28.744806549275,10.2438045557466,-27.0105365750227,-2.4382003939666,11.8749911439279
33.7260344917492,14.4945030270023,-3.0494285978254,86.856601239894,20.0582497944116,28.6390741531991,10.1795664791896,-26.9822673682301,-2.39109419371249,11.815151654011
33.3063222742339,14.4538351654995,-3.3529521023406,87.0295151990232,20.0343928254136,28.5099338227243,10.1310616146286,-26.9554825379189,-2.33519301244503,11.7661104205995
32.9057815099917,14.406772290093,-3.63180806151309,87.1689737864489,20.0001210002673,28.3624006741496,10.1047435497622,-26.9333206188089,-2.27539214412515,11.7236983955245
32.5255527383778,14.3518638961121,-3.888866061521,87.2760939542647,19.9590666281161,28.202106522007,10.1020349527565,-26.9183077846172,-2.21586353347545,11.6842748074246
32.1654716326867,14.2880153433566,-4.12712530049156,87.3531796415825,19.9162597541607,28.036158814635,10.1205234506468,-26.9123465922683,-2.15965018354967,11.6451810790033
31.8242628856956,14.2144574522193,-4.34947027480071,87.4035331138234,19.8763045014767,27.8737918166283,10.1567080201826,-26.9166270787881,-2.10844043536916,11.6051070165979
31.4997290242175,14.1307455541198,-4.55827633620494,87.4310694017466,19.8423337403947,27.7249341965177,10.2072717460903,-26.9314214210859,-2.06252118210351,11.5642496397713
31.1888909838824,14.0368935795406,-4.75491020788529,87.4398669408531,19.8161027342674,27.5976439441284,10.2685624166353,-26.9558223000676,-2.02087530829055,11.5241838390401
30.8882690526324,13.9334920066877,-4.93937938113602,87.4337865994131,19.7983683006929,27.4970268600065,10.3367644795469,-26.9876756610634,-1.98148060052319,11.4873180421146
30.5945085992671,13.8216405514136,-5.11038401391517,87.4161267015116,19.7892723916919,27.4250855164229,10.4089570429251,-27.0240227125756,-1.94181449993857,11.4560177208271
30.3049894132472,13.7028484547673,-5.26565043077515,87.389402346023,19.7888785924357,27.3801277795804,10.4836538736373,-27.0617033397618,-1.89931077270627,11.4319061682752
30.0179585246681,13.579050042007,-5.40239111094635,87.355419516245,19.7974808217624,27.3567517448798,10.5606268015273,-27.0976068026023,-1.85161273356563,11.4156958562319
29.7324015205901,13.4525836326177,-5.51799056397493,87.315538830111,19.8154816437694,27.3474642882364,10.6401814264707,-27.1288206562633,-1.79679635613194,11.4073616492751
29.4481092024286,13.325949809153,-5.61090020137265,87.2708490368699,19.8430868892731,27.3451740230361,10.7221375971713,-27.1531065628172,-1.73369265832589,11.406353786816
29.1660503608442,13.2013193614652,-5.68148624235116,87.2220767132698,19.8799657752539,27.345181942583,10.8052156920683,-27.1696887976543,-1.66229584473753,11.4116582504119
28.8886059430498,13.0800607246568,-5.73236699115401,87.169373630509,19.9250287843542,27.3459041479499,10.887136842515,-27.1797435312986,-1.58398223347516,11.4217789025654
28.6189806176461,12.9627392945005,-5.76774834021364,87.1123442318937,19.9765250237351,27.3482297213852,10.9651507770501,-27.1857647597209,-1.50105110957182,11.4350272256447
28.3601419763638,12.849472236435,-5.79210586309622,87.0502772429356,20.032353125912,27.3540527485617,11.0368389022207,-27.19033629369,-1.41587700149526,11.4499804735578
28.1144119767883,12.7400781125426,-5.80925475076129,86.9822276923036,20.0902440535452,27.3649088058864,11.1010783620701,-27.1957049649607,-1.33057580622151,11.4654916767636
27.8836689147643,12.6340437806546,-5.8220876793378,86.907062302758,20.1477163663142,27.3812873061294,11.1586347614463,-27.2040007673184,-1.24714934618539,11.4804064210679
27.6692483855318,12.53072744265,-5.83246783497857,86.823805632077,20.2021032729066,27.4026121758759,11.2119200302205,-27.2169917957282,-1.16737215651029,11.493624172232
27.4714829656285,12.4297435599361,-5.84110725942092,86.7321743431457,20.2508821234377,27.4276744030413,11.2640713891437,-27.2353966260195,-1.09235656830562,11.5044710660094
27.2760282775553,12.3264422709569,-5.85593401797395,86.6447418189685,20.1867200391225,27.3818995870277,11.2014488176155,-27.2554167634768,-1.01969568389337,11.5115857886124
27.1083035696163,12.2321726398671,-5.85524417329547,86.5381551796059,20.2373954282225,27.4064625669572,11.2411288428994,-27.2817267531469,-0.954732506839767,11.5188474337
26.953393295294,12.1394873495648,-5.85450256163892,86.4292439501355,20.2653473121761,27.4438830665435,11.30573652623,-27.3096815216013,-0.892428605955837,11.5243459832402
26.8091026403158,12.0502080810654,-5.84732240801168,86.3190423743385,20.2930064355013,27.4837214811823,11.3760698705696,-27.3377229510912,-0.832038220792876,11.5295893323895
26.6735926317781,11.9642765894831,-5.83369970110482,86.2108409636207,20.311923101305,27.5257832458146,11.4503882851363,-27.3642287473027,-0.772281982002354,11.5356182211862
26.5457513323108,11.8817268123723,-5.81231853622402,86.1065604708064,20.3255563709359,27.5701941000054,11.5269995773155,-27.3881950144319,-0.712208826899037,11.5430980014265
26.4254201275471,11.8021330975994,-5.78321612973723,86.0073978117571,20.3346664095429,27.6179138644888,11.6054588573734,-27.4093792766412,-0.651506903806697,11.5518239342646
26.3132395170184,11.7249058429548,-5.74708353513275,85.9135909391634,20.3407547688336,27.6698631121082,11.6855591344755,-27.4280420753177,-0.590367394428141,11.5607668314184
26.2102476841999,11.6495039649298,-5.70494391522782,85.8247776306928,20.3452194338044,27.7265905295642,11.7673722482201,-27.4445371913591,-0.529185689298165,11.5684145989944
26.1175721197747,11.5755858668477,-5.65764726348599,85.740289218961,20.3495885729628,27.7877698214728,11.8510281076918,-27.4592336373448,-0.468447678494005,11.573182357798
26.0362390593749,11.5030449747149,-5.60566005019366,85.6593838493248,20.3552631132108,27.851798793694,11.9365268389034,-27.4726422755083,-0.408752270632324,11.5737455786913
25.9669914169739,11.4320128102429,-5.5490795810911,85.5813907553431,20.3633443726349,27.9156540242914,12.0234122539547,-27.4854455046685,-0.350793635980473,11.5692781885318
25.9101093828303,11.3628208179887,-5.4878703515324,85.5057601268008,20.3744004980194,27.9751770687186,12.1103498718393,-27.4983238689147,-0.295239308467393,11.5596506643324
25.8653138579479,11.2959082361257,-5.42224113386231,85.4320025444274,20.3882459998431,28.0258572458004,12.1949173367045,-27.5116662410617,-0.242532441549119,11.5456076611872
25.8318418752913,11.2317279736732,-5.35297641379556,85.3595363006876,20.40408032416,28.0639152306806,12.273883150355,-27.5254192982297,-0.192782133828613,11.528710728604
25.8086755162889,11.1707173844592,-5.28154865822161,85.2875093776594,20.4210292990244,28.0871551610323,12.3438294586813,-27.5392986613737,-0.145929649707402,11.5107974904768
25.7947554043551,11.1132963956616,-5.20999172438939,85.2146968629275,20.4385358686918,28.0952912325042,12.4018713896761,-27.5531503634217,-0.102042045274845,11.4932907085998
25.7890287232503,11.0598142761169,-5.14060382592376,85.1395326420757,20.4563493109982,28.0899191875817,12.4463596814689,-27.5670253228701,-0.0613791994581837,11.4769894681344
25.790368150257,11.0104999245963,-5.07557386699064,85.0602633857679,20.4744645143213,28.0741621537327,12.4773447026303,-27.5809576819075,-0.0241989744294332,11.4623380196968
25.7974996932962,10.9654945925784,-5.01665463550947,84.9751810325571,20.4931464899253,28.0518889128552,12.4965753597337,-27.5947789272594,0.00946802219020591,11.4497688498762
25.8090185228809,10.9248948526672,-4.9649613720519,84.8828873905702,20.5128262864039,28.0267626947682,12.5070827000292,-27.6081315705761,0.0399231314420973,11.4399616254794
25.8234765013593,10.888720734215,-4.9209072784557,84.7825426200728,20.5338835331494,28.0015125781241,12.5125270210504,-27.6206044508623,0.0677661726926327,11.4339882174852
25.8394802908844,10.8568311829297,-4.88426655028986,84.6740393367498,20.5565130233722,27.9776156126078,12.5164674111791,-27.6318567403568,0.0937884276768749,11.4333040484892
25.8557578785207,10.8288280984678,-4.85432445325577,84.5580461140959,20.5806544438873,27.9554120687867,12.5217819046477,-27.6416772464665,0.118862260064713,11.4395955781491
25.8711847707458,10.8039866260906,-4.83004794316446,84.4359125502643,20.6058885276171,27.9345111528992,12.5304445913542,-27.6499975976959,0.143852696745441,11.4545383466959
25.8847927557119,10.7812848170904,-4.81025417407011,84.3094860995831,20.6314034740682,27.9143076428575,12.5435968721435,-27.656907503286,0.169563473279815,11.4795210343136
25.8957835477761,10.759562109402,-4.79378384244019,84.1808850707791,20.6560792378127,27.8945454623922,12.5616945527108,-27.6626936390538,0.196697327141901,11.5153213770456
25.9035325062853,10.7377069886071,-4.7796108848272,84.0522584787716,20.6785201021366,27.875763024966,12.5847013048266,-27.6678712118853,0.225754386340791,11.5617335644279
25.9075844718798,10.7147570686499,-4.76680469251947,83.925599885919,20.6969970470562,27.8593445269186,12.6124030858869,-27.6732240492051,0.256821571815665,11.6172194096576
25.9076753670743,10.689929364541,-4.75440473027484,83.8026773163807,20.7094572627356,27.8471954117192,12.6447438593867,-27.6798853949468,0.28932451157871,11.6786173121672
25.9037600171391,10.6626131190564,-4.74136323001771,83.6850723770111,20.7136421644845,27.8413347914637,12.6820108324271,-27.6893164273323,0.321967686521672,11.7412371225934
25.8959885693056,10.6322559518796,-4.7266377575092,83.5742779403542,20.707194872546,27.8435862873867,12.7248223130479,-27.7029892047811,0.353085428083038,11.7998738738624
25.8846490275447,10.5981899721309,-4.70938041577141,83.4718147091308,20.687724055491,27.8554013506014,12.773956685897,-27.7219337908226,0.381250780306616,11.8502918816594
25.8701245409233,10.559594211887,-4.68909867637509,83.3793366177781,20.6531198494143,27.877747006947,12.8300673996891,-27.746480324712,0.405720852155979,11.8900476903344
25.852858125118,10.5156118458437,-4.66569284907119,83.2986505940999,20.602568596397,27.91081925119,12.8933958272147,-27.7762262455822,0.426554945968037,11.918497320272
25.8333343594273,10.465439441285,-4.63938786636085,83.2315529646451,20.5380949720934,27.9536072148064,12.9635850409866,-27.810110205318,0.444532255548984,11.9366062933529
25.8121224447865,10.4083223675671,-4.61067391277546,83.1794663569074,20.4656408992119,28.0037493908896,13.0394222740607,-27.8465513135163,0.461013972200463,11.9467810592982
25.7899552071794,10.3436070635166,-4.58025222662767,83.1429884634846,20.3949555962518,28.0577462705471,13.1183105604868,-27.883639692209,0.477750601013732,11.9524073310646
25.76771846343,10.2709944222803,-4.54885721172463,83.1215123389639,20.3383507771964,28.1112390147567,13.1958317611667,-27.9193577175618,0.496515069318563,11.9567763732322
25.7462530836463,10.1908958826924,-4.51707812941778,83.1130395799003,20.308363145102,28.1594208562537,13.2661687410235,-27.951721083513,0.51863386060924,11.9617856361425
25.7261794961001,10.1045689433421,-4.48549877385355,83.1142632064163,20.3147491692556,28.1976551124541,13.3235980782069,-27.9789345010929,0.544570434922611,11.9671393173865
25.7080872193785,10.01385192179,-4.4550724092441,83.1209555449111,20.3625704482293,28.2218957331613,13.3641108561691,-27.999899595791,0.573549343696872,11.9700848080614
25.6928096921142,9.92076665323247,-4.42720574492728,83.1286618838165,20.4527114537463,28.2285306742908,13.3858779687769,-28.0146144398328,0.603569301863586,11.9657077570392
25.6812925895081,9.82726102429041,-4.40338989334212,83.1334925885914,20.5839125261367,28.2138430980387,13.3883002407669,-28.0237141431632,0.632174279848855,11.9482392476276
25.6743851075519,9.73493966326708,-4.38484546903323,83.1325495404102,20.7545545295819,28.1734923995566,13.3706161433791,-28.02777456851,0.657351214814162,11.9128856995319
25.6729877360447,9.64471521415544,-4.37249898469434,83.1238316946559,20.9633906456606,28.1020825130945,13.3312182613647,-28.0272407555987,0.677815651328471,11.8569925188818
25.6782588004006,9.55670158610599,-4.36712696110115,83.1060132002109,21.2093929030763,27.9928378964712,13.2679161942294,-28.0226368594795,0.692873080249699,11.7801216743753
25.6915345365894,9.4705648202412,-4.36944824158235,83.0784190786634,21.4912299647211,27.8376854832034,13.1785376301686,-28.0146156792147,0.702186528155358,11.6832293329653
25.7140375917456,9.38609300861108,-4.38010971174999,83.0410798655204,21.8067703120026,27.6279215358591,13.061364496538,-28.0039135781657,0.705498735563025,11.567529886432
25.7594267483911,9.29588310120828,-4.42536636851522,82.9912769362863,22.076249356345,27.3402061331941,12.927469777161,-27.9992912619416,0.703129082292305,11.4221550918185
25.8038551113263,9.21429988197255,-4.45932243486605,82.9365255397584,22.4137148821076,26.9823707268065,12.7597778456969,-27.9857899384999,0.693250868123707,11.2693306410725
25.8571560592251,9.1372495851947,-4.5002978600596,82.8752235099242,22.7737598479479,26.5446612088721,12.5646520925051,-27.9701318613054,0.676551916719055,11.1009513960079
25.9174193564883,9.0665653985309,-4.54634385729384,82.8093478642293,23.1498642884598,26.0198856058303,12.3450487495056,-27.9514009480121,0.653297503489211,10.9187438576145
25.9817879760747,9.00442317495524,-4.59331028761653,82.7411194541051,23.5388083296395,25.400972291091,12.1052920181241,-27.9282879213735,0.624030575029961,10.7250770722141
26.04719859359,8.95282788483081,-4.63597610741807,82.6728848017163,23.937872625857,24.6813730461687,11.8516643797658,-27.8998891501197,0.589200315596,10.5223456305981
26.1108148050634,8.91343120392123,-4.66890560939241,82.6069069667092,24.3438485703138,23.8563410506998,11.5922414613571,-27.866096095875,0.548972067092972,10.3125667893297
26.1718845384554,8.88815324802453,-4.67446292857918,82.5384528248742,24.8004693534772,22.875742209409,11.3425450377859,-27.8268819295792,0.502915113985162,10.0952397796997
26.2229742020565,8.87845161161782,-4.67201468157016,82.4833850902102,25.2076580234733,21.83510347561,11.1036966387244,-27.7823565313203,0.45318245811825,9.8766499887409
26.2619541360452,8.88720642482502,-4.6480141061688,82.438559597116,25.6024178380879,20.7089274773687,10.8859734638362,-27.7317027456637,0.400714532016422,9.65668805511147
26.2849100403585,8.91697810164084,-4.60242561152926,82.4076334588559,25.9733822823554,19.520583455584,10.6984130799469,-27.6748780438849,0.346706375563666,9.43703716247956
26.2888110530039,8.96971150903772,-4.5378403990752,82.3943301772471,26.3114234781074,18.3031757907289,10.5478440549077,-27.6134914829557,0.291128507726145,9.21837497130134
26.2713383597935,9.04653063065109,-4.45881302016701,82.4024134973177,26.6107826478466,17.0974268020844,10.4380509643576,-27.5503036389638,0.232783510057813,9.00048403389607
26.2299996311734,9.14803657493829,-4.37002880464133,82.4359497685087,26.8706397180452,15.9481219553356,10.3682180689511,-27.4878076097061,0.170212294757276,8.78304351525304
26.1617121174456,9.27441441266817,-4.27457632530356,82.4993750120172,27.0947612004407,14.8986425478794,10.3331945278905,-27.427464131283,0.102429900397831,8.56616332910812
26.0630796391773,9.4252538477639,-4.17287587513434,82.5971869620476,27.2895259101141,13.9845905888628,10.3257859931612,-27.3698584927679,0.0291352986671358,8.35041200175735
25.9308910300699,9.59944456474272,-4.06227957329751,82.7334427725929,27.4617312786504,13.22804350012,10.3391141818332,-27.3151802538245,-0.0493620301024754,8.13663499665198
25.762550022318,9.79527428929348,-3.93731906411361,82.9112525851461,27.6168594094899,12.634638479811,10.3676788512196,-27.2636900644985,-0.132316945757551,7.92572122642833
25.5563573735477,10.0105812689321,-3.79049473833263,83.1323942330201,27.7575604913802,12.1950445506792,10.4077475831277,-27.2161003240362,-0.218770594758598,7.71834854003473
25.3115964661075,10.2428944076109,-3.61339276269854,83.3971274282922,27.8825829389937,11.8897938001891,10.4578429507384,-27.1737714840432,-0.307744854762862,7.51476065865408
25.0283706082517,10.4896915335936,-3.39787670532723,83.7042818467599,27.9868050398987,11.6951839762233,10.5190021905375,-27.1385585473639,-0.398256543893834,7.31468027850203
24.7072093280088,10.748799858658,-3.13704579898251,84.0516404095462,28.0626461667634,11.5885112363944,10.5943274048447,-27.1122809444167,-0.489126619017849,7.11743938921088
24.3485658396583,11.0187350904143,-2.82566358693862,84.4365230328706,28.102652286774,11.5513271227116,10.6879623899713,-27.0960380294983,-0.578783819254917,6.92227430363118
23.9523086895606,11.2988759949558,-2.45997538511323,84.8564447980404,28.1024805424492,11.5703948398574,10.8038681578269,-27.0896082219379,-0.665109244709953,6.72872306162702
23.5172635560207,11.5895431733118,-2.037164836219,85.3096894152171,28.063226613158,11.6369922796759,10.9447220956659,-27.0909877104872,-0.745187045011259,6.53710936464676
23.0411193749044,11.8918485181375,-1.55498115314686,85.7954630667794,27.992620926806,11.7449570407825,11.1114823898473,-27.0962956051761,-0.815217467266656,6.34880178646743
22.521316206824,12.2069624095807,-1.01210786904608,86.313283987758,27.9050717973239,11.8881817172325,11.304071635586,-27.1007040447814,-0.87122692233231,6.16563902890418
21.9567933791152,12.534981097438,-0.409173505201972,86.8618630689992,27.8203791621281,12.0591720379387,11.5227000345893,-27.1003499138982,-0.910541589607013,5.98859967535286
21.3491302476468,12.8743677561942,0.250655487179436,87.4384086539624,27.7611896833528,12.2493260842554,11.7687368195461,-27.0936704622067,-0.932851169859941,5.81694612886517
20.7020561872921,13.2225006458227,0.962174410383935,88.0388376194699,27.7501114718948,12.4497772446831,12.044747457071,-27.081039385762,-0.940004080804972,5.64864570771833
20.0201592091107,13.576692658726,1.7190886689328,88.6582955865095,27.8077814272649,12.6518651419849,12.3541553811192,-27.0635828240568,-0.935141922470528,5.48128541384896
19.3079690753289,13.9349107227434,2.51460491576463,89.2913476971309,27.9522074618627,12.8476112767205,12.7008470693327,-27.0424325541199,-0.92212363622301,5.3124094007148
18.5695719729178,14.2960989896817,3.34162307668526,89.931950592404,28.1986444668654,13.030356727317,13.0885068941225,-27.0186017782559,-0.90543337391691,5.13909805861072
17.8083755739985,14.6603251788776,4.19284483804882,90.5736137877842,28.5595437782145,13.1948317373786,13.5193941333574,-26.99301785324,-0.890128184569917,4.95749120795923
17.0266992857445,15.0288389587862,5.06102255144439,91.2098948542484,29.0447428117662,13.3363596940107,13.9929854458471,-26.9661265006704,-0.88111365164928,4.76343861080527
16.2253943700525,15.4039345925276,5.93923031823295,91.834910182737,29.6620052275164,13.4499363794519,14.5054795299295,-26.9372129762754,-0.881873365941915,4.55417925324522
15.4042880453997,15.7884591137443,6.82067235601287,92.4433408390856,30.417491063226,13.5301263777918,15.0504511822107,-26.9045901730641,-0.893977049357563,4.32916900123619
14.5636607275278,16.1850317244712,7.69783733694539,93.0298565490939,31.3155313629544,13.5718919974217,15.6199968604012,-26.867019853881,-0.917971303398433,4.08920755164007
13.7056951455014,16.5953425930848,8.56163466846336,93.5884369457458,32.3578021171538,13.5716675493372,16.2058559830773,-26.825037949992,-0.954580010132423,3.83519791382272
12.8345902188516,17.0199682184898,9.40139358477999,94.1121025056828,33.542499393558,13.5282630171684,16.8003490610175,-26.7807648695885,-1.00493488841819,3.56800642097156
11.9552157492396,17.4588080925679,10.2058809371155,94.5932233426502,34.8635299978563,13.4434173991921,17.3967521923313,-26.7363906286977,-1.0698228959817,3.28932222404222
11.0716439772698,17.9116454018794,10.9646190187626,95.0241327046173,36.3094437783278,13.3214599992241,17.9888776551443,-26.693019008962,-1.14914165538346,3.0020468976007
10.1867633476894,18.3782902956455,11.668723988508,95.3976313755704,37.862482534736,13.1680345125284,18.5703139596106,-26.6509502225941,-1.24226758801402,2.709497966449
9.30270909715874,18.8583910898391,12.3111238111431,95.7072817052707,39.4983151540694,12.988728111122,19.1338935565285,-26.6106222955835,-1.34862956850818,2.41446040078494
8.42127905290595,19.3512307099028,12.8864324892637,95.9475983367193,41.1865034461327,12.7883874546347,19.6716023977556,-26.5729973383796,-1.46764406963742,2.11915653432686
7.54407977713378,19.8555630368829,13.3907486563011,96.1141902540486,42.8916874843309,12.5713242158902,20.1750119512485,-26.5391940495258,-1.59811570071848,1.8260167601136
6.67258011972855,20.369492544942,13.8216215512914,96.2039292550909,44.5759172787661,12.3419923367848,20.636207797456,-26.5100170738902,-1.73786189977233,1.53825141640093
5.8081793090417,20.8904764407408,14.1783219281816,96.2152826773764,46.2023475391789,12.1052737796049,21.0488593511234,-26.4858803426413,-1.88398307904687,1.25957231538279
4.95228281564391,21.4154287743098,14.4621766564932,96.1488569138649,47.739415610976,11.8656981828161,21.40899964858,-26.4669616731463,-2.03340144310836,0.99353096923831
4.10646223890912,21.9408432576382,14.6765414861369,96.0079449931634,49.1640691853166,11.6260152849596,21.7154360684497,-26.4533490808752,-2.18326386171108,0.742978817970181
3.27267559067854,22.462946335318,14.8263698788427,95.7987096476008,50.4634014730004,11.3866915442855,21.9697264196918,-26.4451736585166,-2.33119227961862,0.509646106256254
2.45338863883223,22.9778992625322,14.9176759383706,95.5297688884729,51.6347173829815,11.147123643591,22.1756008883119,-26.4426821800865,-2.47541547727691,0.293907385126502
1.65160297438449,23.4819494237488,14.9570411133462,95.2111963617482,52.6838640601839,10.9076264337979,22.3381956892964,-26.4461078313223,-2.61472340165703,0.0949664459294305
0.870856627584808,23.9714790909631,14.9511318134184,94.853136699042,53.6218502396022,10.6712244718742,22.4635394655088,-26.4553080058937,-2.74820517684923,-0.0884690815738051
0.11523183391737,24.4430781046891,14.9061957074395,94.4644157954581,54.4606716960947,10.4447723835722,22.5582027637209,-26.469507478377,-2.87509755075103,-0.257649202003693
-0.610587407578661,24.893719719387,14.8275208500717,94.0515952202017,55.2099122057996,10.2386496383349,22.6288505945714,-26.487447475484,-2.99507540591805,-0.414011679019603
-1.30132197570796,25.3209574416997,14.7189625658223,93.6187579078731,55.8753935397035,10.0647163248567,22.6816104063275,-26.5077165638522,-3.10855622580532,-0.559672264360173
-1.9597117403729,25.7220278072043,14.5883896309219,93.1713488029656,56.4813434759171,9.98721505452529,22.5156978990177,-26.5290765770347,-3.21607769916653,-0.693377596825107
-2.56387779981638,26.0982970321664,14.4258259203651,92.7045205237256,56.9862018224088,9.90323675346429,22.5422293628456,-26.5502749791217,-3.31934825871248,-0.826397056865017
-3.11627592461485,26.4487430592996,14.2366699831547,92.2229562387508,57.4153848652195,9.86515472328522,22.5733571875551,-26.5706904632435,-3.41884026351543,-0.958190061372197
-3.61381372597683,26.7743102987599,14.0211269619366,91.7303130265504,57.7787474025386,9.87302760112241,22.5951276868045,-26.5895432394869,-3.5145283553182,-1.09065187155248
-4.05477677423005,27.0763877391545,13.7797225881839,91.2323097969916,58.0882378857592,9.91739439147456,22.6054806484542,-26.6059454941038,-3.60563844717641,-1.22421312577582
-4.43943393713942,27.3565892946207,13.5135993534551,90.7366063597936,58.3573212792712,9.98576348530525,22.6041484718458,-26.6190768568761,-3.69094897775232,-1.35801337481833
-4.76994317541923,27.6166046465301,13.2244733878932,90.2520612411493,58.5982185767022,10.0662298032833,22.5922001809932,-26.6284671520996,-3.76926458595035,-1.49070405504913
-5.05000853579593,27.8580538730273,12.9145364044023,89.7876898960789,58.8194084201193,10.1504108618906,22.5718090981649,-26.6341415475493,-3.83971921846773,-1.62100971925546
-5.28437382820604,28.0822582167505,12.5865170950835,89.3515460631008,59.0246379565034,10.2348865436078,22.5458206266397,-26.6365771231086,-3.90184985367803,-1.74784201837977
-5.47825807238703,28.2899614811665,12.2438948107543,88.9497405551565,59.2136801113213,10.320748770863,22.5172266268848,-26.6364524568741,-3.95545389493615,-1.87002557484543
-5.68759309229298,28.4926779599408,11.8740890575073,88.5900599622782,59.2152831833153,10.4360228929261,22.1649844938727,-26.6343718979668,-3.99787473623607,-1.95820475226059
-5.81927529797657,28.6645753226603,11.5221280911731,88.2712748832737,59.3789684506513,10.5318184396732,22.1054353216056,-26.630929092482,-4.03387923712481,-2.06370046816706
-5.91763743996824,28.8189279378546,11.1689237779197,87.9837537534407,59.5173127273284,10.6351539037775,22.1134794915786,-26.6267215031157,-4.06268522497658,-2.16382641145177
-5.99172747475504,28.95441518479,10.8240202101197,87.7286248158595,59.6411201451684,10.7493149637205,22.140039518226,-26.6216537481434,-4.08371810381702,-2.25411434512366
-6.04620862936013,29.0707908679996,10.4937566913244,87.5010950102822,59.7548867710097,10.8754180343836,22.1732525152779,-26.6154860049392,-4.09722573962557,-2.33249049642272
-6.08486377330457,29.1686268261373,10.183268373655,87.2950906532917,59.8641206726315,11.0114004617122,22.2112019817878,-26.6079547633681,-4.10326087638599,-2.39739576415918
-6.11139978030991,29.2495091683224,9.89567044459943,87.1042255118367,59.9723457752286,11.1545042121559,22.2546291693446,-26.5988989548057,-4.10165997849258,-2.44762111696379
-6.12959595508468,29.3160270705636,9.63170945260901,86.9226310834981,60.0804001347806,11.3030031286174,22.3043943952686,-26.5883371412309,-4.09199890322633,-2.48240635390948
-6.14324867100245,29.3715742695739,9.38994333307605,86.74568578458,60.1869973236076,11.4567714100451,22.360085897356,-26.5764473038966,-4.07361777281733,-2.50149958656045
-6.1559723655608,29.4199674211122,9.16738971510969,86.5705265604879,60.2899904720881,11.6166621128566,22.4193035529236,-26.5635283887142,-4.04575291863109,-2.5051402374141
-6.17089176709963,29.4649807759735,8.9603834699327,86.3961835283131,60.3876154669656,11.7832711725058,22.4776105716959,-26.5499847008591,-4.00774524561306,-2.49401177080266
-6.19030221924624,29.5099063365214,8.76535135290969,86.2232699660057,60.4790562669032,11.9555774163187,22.5291042070098,-26.5362712402463,-3.9592714563259,-2.46922966743403
-6.21533114752266,29.5571612672332,8.57933525695096,86.0532611187795,60.5640184133985,12.1297032249051,22.5675935295915,-26.5227603467756,-3.90059156493406,-2.43240044238995
-6.24568168288743,29.6080098658943,8.40020336332457,85.8876146120816,60.641989469083,12.2984644546429,22.5880528816562,-26.509601644261,-3.83277065804661,-2.38571152569922
-6.27968229491549,29.6625781213509,8.22649537330983,85.7271677293072,60.7124574748612,12.4528578532141,22.5877113788726,-26.4966676706107,-3.75773088673406,-2.33193497537866
-6.31474827716646,29.720150065624,8.05713345392626,85.5720173158395,60.7760607747162,12.5851020207852,22.566426863903,-26.4836118529258,-3.6780755395644,-2.27422979297557
-6.34806833528107,29.7794889353556,7.89147146040978,85.4217368940987,60.8352826150925,12.6908861971893,22.5264248047992,-26.4699929028023,-3.59677901416351,-2.21575219665109
-6.37725233230398,29.8390751368441,7.72964084431233,85.2757552369228,60.8938988796061,12.7695945657166,22.4716160994432,-26.4554130045988,-3.5168080582121,-2.1592304283015
-6.40076406964977,29.897332386583,7.57270621417118,85.1337767074745,60.9554001646235,12.823476506193,22.4066619708317,-26.4396595395527,-3.44072634932089,-2.10668803396984
-6.41805793223616,29.9528292742504,7.42246347314302,84.9961101958031,61.0212057620211,12.8568132714737,22.3360238890545,-26.4228174537397,-3.37042659266169,-2.05939858867781
-6.42928832728899,30.0042148097972,7.28152395854188,84.8641670221702,61.0902792956374,12.8748401763477,22.2636100895952,-26.4052672957921,-3.30737553406389,-2.01822623047103
-6.43571336725975,30.050865205541,7.15162202555625,84.7397283894471,61.1591599108222,12.8834358637891,22.1919877892822,-26.3877335688251,-3.25180520634638,-1.9830091319334
