-3.84535530878018,39.8936008922865,-0.628483107750925,77.9367044659657,52.2291468664607,17.7680429283848,20.689374029345,-30.2076916623313,-5.36322484588573,-15.062532508396
-3.51910747401204,39.7129901578204,-1.00547417741677,78.5448736412709,51.4327402163378,18.0945168594641,20.964797227671,-30.3248682422229,-5.32771851844134,-15.0420024823845
-3.15910302693316,39.5237219947319,-1.40396855840887,79.1556042320961,50.6220061594596,18.4698438032852,21.087010237833,-30.4445028239886,-5.28681794035192,-15.0252384815905
-2.74856830736753,39.3211056800914,-1.82652401463721,79.7709996327804,49.7976381241133,18.8577087947243,21.1561511591751,-30.5641642313373,-5.2387612896364,-15.0125881719031
-2.27197425580465,39.1013444606725,-2.27628547699535,80.3874216347101,48.9604380018326,19.2568536287653,21.192097708394,-30.6813856215891,-5.18181047946821,-15.0048459002601
-1.72112999691237,38.8632094791958,-2.75234772200609,80.9980589688737,48.1181241872746,19.6677943247239,21.1980049090941,-30.7930564600668,-5.11521161309055,-15.001806515522
-1.08963663712774,38.6059578151895,-3.25206754606205,81.5948798563832,47.2801164270685,20.0905400168512,21.1773738318981,-30.8962407441417,-5.03817330562537,-15.0021639810638
-0.374673663902592,38.3297206046019,-3.77066936176282,82.168475531569,46.4564235123895,20.5239146161849,21.133674736069,-30.9890046859097,-4.94988574388179,-15.0032682606345
0.423050497107795,38.0354085344927,-4.30193498172474,82.7088527057737,45.6558225366893,20.9651939781053,21.0712779291152,-31.0706370082471,-4.84972686270513,-15.0013808138995
1.2996011616975,37.7246699687828,-4.83905798944512,83.2063227666278,44.8852293642145,21.4100468744111,20.9953472459942,-31.1412717236735,-4.73772136024545,-14.9922052670416
2.24826495702027,37.3998379467337,-5.37549518190129,83.6522787428322,44.1501083259183,21.8526985211181,20.9110896951049,-31.2011891649604,-4.61503139506558,-14.9715037292443
3.26015914305926,37.0637948341459,-5.90561363974749,84.0396336353447,43.455449562377,22.2861492407253,20.8229940496799,-31.250159502174,-4.48426963156589,-14.9357416911486
4.32294166066226,36.7211159421466,-6.44437767279603,84.3636141609424,42.7609705163897,22.8314328069104,20.4903857535112,-31.2888564769134,-4.3464237215713,-14.8833615098887
5.43197205944537,36.3718842630012,-6.93169718485143,84.6179472918123,42.2079699729796,23.1049038152308,20.6162041275334,-31.3116423319182,-4.21479034811596,-14.8118920213125
6.57063774848936,36.0237131765896,-7.44012444092182,84.8021444896544,41.6169855504225,23.5831039207336,20.3060595072463,-31.3243294568744,-4.08221397235117,-14.7252808190494
7.74076977454625,35.6769093344051,-7.89369735640373,84.9094838335588,41.1818992732501,23.7758416613615,20.4457445529231,-31.3235489072511,-3.96119191736196,-14.6261480631092
8.92479186566709,35.3398234695019,-8.3685050078064,84.9432047756678,40.7027265641794,24.1661432466196,20.1252490420713,-31.316736519629,-3.84355578935225,-14.5190699133644
10.1335537100809,35.0113692808558,-8.79012637824968,84.8940025186258,40.3797858359923,24.2649494285483,20.2583792738714,-31.3022165049582,-3.73666608845345,-14.4113357892847
11.3463163748182,34.699101711998,-9.23644400532848,84.7687321687205,39.9926519080339,24.5524231710592,19.909838959582,-31.2855139671806,-3.63535491535777,-14.3050669442567
12.5803949645172,34.3988094749812,-9.63645674055915,84.5560310424974,39.7468794381258,24.5576204244539,20.0145294573905,-31.2619333549166,-3.54337881517901,-14.2092193258737
13.8109159710752,34.1168988418251,-10.066940926186,84.2671961721819,39.4048866507726,24.7432878254531,19.6219979340952,-31.2355274065686,-3.45949259804319,-14.1220486129002
15.0591600454311,33.8462300386941,-10.459072841799,83.8905156898497,39.1809768017349,24.6702865050022,19.6854094139013,-31.200291876619,-3.38219786324092,-14.0511315908196
16.2959704813155,33.5926041253528,-10.885373123113,83.4429683486976,38.8217151957031,24.772593902142,19.2490476057447,-31.1613675699919,-3.31258634697161,-13.9889968192079
17.5445667330623,33.3467483734091,-11.2768288210363,82.9137338840056,38.5563992064775,24.6515344445836,19.2770839801189,-31.114564351971,-3.24297800070529,-13.9389691881945
18.7808371016108,33.1119278126448,-11.6824556223267,82.3203424883289,38.1883320487017,24.6047264117848,19.0839464325353,-31.065790224674,-3.17408775452931,-13.8908124076047
20.0053918175455,32.8852089758345,-12.0845809103642,81.666728981158,37.7684604038585,24.5651356266934,18.860727642494,-31.0162774053814,-3.1014210787679,-13.8405279806493
21.214323978721,32.6640334240383,-12.4784230310574,80.9601262446474,37.2949764561227,24.5352187087521,18.6370973731411,-30.968527437619,-3.02255747041915,-13.7838222967753
22.4029823924118,32.4463567072506,-12.8596191705954,80.2083609088966,36.7678917787959,24.524618691743,18.4218399991534,-30.924714985105,-2.93646050671014,-13.7178949705959
23.566764707624,32.2304014616372,-13.2239599409948,79.4193857096194,36.1888716143314,24.5429655184236,18.2202344771247,-30.8867629545607,-2.84322606759595,-13.6414081733338
24.701424173011,32.0147107849674,-13.5676042782864,78.6011340515419,35.5602763154462,24.5985452872226,18.0358124699106,-30.8565480245083,-2.7435845294094,-13.5539274807855
25.8032311878723,31.7982157295705,-13.8872224983419,77.7614534095614,34.8844139482977,24.6974812741499,17.8709019967041,-30.8358699137279,-2.63853677363297,-13.4554223622152
26.8689831601906,31.5802477294558,-14.1801354179213,76.9080556844146,34.1628726920621,24.8434237428462,17.7272751711826,-30.8260685485819,-2.52934264866155,-13.3460493154891
27.8960147753541,31.3605525838017,-14.4444487770467,76.0484135419868,33.3963336959402,25.0379465622281,17.6064885906091,-30.8277056258324,-2.41751069975992,-13.2261344849623
28.8823479367772,31.1393539689641,-14.6791374504677,75.1896002493729,32.5853282264516,25.2812550329549,17.5097289183783,-30.8406503724468,-2.30443685988709,-13.0962063806299
29.8268563738861,30.9173744874463,-14.8840879090948,74.3381850978772,31.7318433987394,25.5728376341294,17.4373206615186,-30.8642961365461,-2.19095706223479,-12.957000712424
30.7292626578165,30.6957329662361,-15.060098632148,73.5002765239752,30.8409639806407,25.9119041000495,17.3882466881553,-30.8976294006017,-2.07717664154069,-12.8094041470162
31.5899925719184,30.4757662086191,-15.2088024711035,72.6816560314389,29.9216510079607,26.2971910299423,17.3601682056363,-30.9392430793847,-1.96257543521618,-12.6543678120176
32.4100384713097,30.258846694351,-15.3325040734382,71.8878063975948,28.9865671557176,26.7259247925837,17.3500180998781,-30.9874140436946,-1.84629217848523,-12.492891871841
33.1909078519333,30.0461696062315,-15.4339631045567,71.1236725281437,28.0513189463906,27.1926340613117,17.354734257043,-31.0402368316521,-1.72751304715217,-12.3261064147938
33.9345890369085,29.8384771886425,-15.5161978168242,70.3932515326275,27.133158891408,27.6886896591654,17.3716526642515,-31.0957475059014,-1.60582714382465,-12.1553351473275
34.6434509053918,29.6358386191606,-15.5824164912638,69.6992516300747,26.2491432644815,28.2026400337775,17.3984327465169,-31.1519972024963,-1.48142987978013,-11.9820628938617
35.320070211934,29.4376381340263,-15.636068318385,69.0429344855172,25.4140451916582,28.720738804916,17.4330721611364,-31.2070830933598,-1.35517169811099,-11.8078661180093
35.9603056901006,29.2437032072214,-15.70514166005,68.4362743041831,24.5237261298958,29.3101935782541,17.2967882040265,-31.2601452151397,-1.2315663966903,-11.6326953265058
36.579829617733,29.0508338150258,-15.7456668746591,67.8543152114717,23.8141138818969,29.7943695601906,17.3444789972621,-31.3073154499347,-1.10627026983798,-11.4614111269913
37.1737186129528,28.8585962476051,-15.7860256475524,67.3066691823276,23.164802306815,30.2331688749604,17.4066362980441,-31.3479132911916,-0.984485901749681,-11.2936998270776
37.7427158089096,28.666448849986,-15.8313001055085,66.7915121922658,22.5700458353304,30.6209914967012,17.4753609420961,-31.3805244791324,-0.868157133528459,-11.1305542122148
38.2871140885634,28.474316597661,-15.8872543936207,66.3070699715013,22.0172064379953,30.9568016357434,17.5488274001121,-31.4042263407614,-0.758786790889699,-10.9727168608233
38.8065290819471,28.2829622910689,-15.959882933424,65.8519852369384,21.4909677604637,31.2479866756164,17.6243107561485,-31.4185993922865,-0.657438637497544,-10.8206296867201
39.299954495665,28.093875020581,-16.0549319418068,65.4253176516001,20.9754067462225,31.5093534077208,17.6987311091945,-31.4236386072394,-0.564847469036449,-10.6745533409434
39.7659641962528,27.9089165510309,-16.1774245662834,65.026340191161,20.4555754896485,31.760405378122,17.769620926978,-31.4196769721458,-0.481545227229355,-10.5348044491252
40.2029951029678,27.7299982906963,-16.3313006458199,64.6543376565679,19.9186557180938,32.021796474791,17.8355051312125,-31.4073805675132,-0.407896711004871,-10.4018548228351
40.609606040059,27.5589692690591,-16.5191258739383,64.3085831932336,19.3548802847471,32.311800571868,17.8955876640033,-31.3878112457557,-0.344031752897712,-10.2760724239084
40.984609617203,27.3976619292614,-16.7418028147351,63.9884645941402,18.7580390758226,32.6439137764745,17.9493483838341,-31.3624845093882,-0.289772350321271,-10.1573753145143
41.3270753051724,27.2479054784907,-16.9983356122103,63.6935561434869,18.1256814586424,33.0261627059174,17.9964768649022,-31.3333328439445,-0.244663499320096,-10.0452575344816
41.6363219415436,27.1113705770045,-17.2856740479937,63.4236055801802,17.4595870237159,33.4612285512853,18.0370446091012,-31.3025445017718,-0.208114418576393,-9.93914632690183
41.911944611157,26.9893091648272,-17.5984924952284,63.1786771679823,16.7668078997884,33.9464301709669,18.0719529652023,-31.2723435910591,-0.17952260116147,-9.83867649694575
42.153810111727,26.8823423627653,-17.9288932919289,62.9595244693578,16.0608645868044,34.474206528031,18.1039403024935,-31.2447724839454,-0.158259072351282,-9.74370812030565
42.3620031819374,26.7903338579902,-18.2664619612328,62.7679021992396,15.3611787488949,35.0339870103478,18.1387589671515,-31.2214350650163,-0.143597683165423,-9.65426173771376
42.5368089204246,26.7123384118944,-18.5991785798185,62.6064416376442,14.6887667059385,35.6149574557002,18.1848549705967,-31.2032644706526,-0.134731806580599,-9.57052982454807
42.6788267107481,26.6467014876538,-18.9150700448227,62.4780047934612,14.0598341683559,36.2077190767549,18.2504306562653,-31.1905122654165,-0.130831612123249,-9.49292035509242
42.7891865767087,26.5913745717592,-19.2037991562548,62.3848506488325,13.4821288872639,36.8026981961787,18.339541794687,-31.1829595472596,-0.131024990820743,-9.42202813785596
42.8697479658015,26.5443351700002,-19.4575812942133,62.3280209999932,12.9566356480007,37.386632225521,18.450019127291,-31.1801616390716,-0.134292410187324,-9.3584888612384
42.9232282500301,26.5039183888345,-19.6716561803725,62.3070879107464,12.4817304101314,37.9419480014711,18.574255515177,-31.1815986497669,-0.139351449247265,-9.30276070795188
42.955574662272,26.4708154759718,-19.8301205539348,62.3105307693262,12.1186295430394,38.4106775046095,18.7170677886703,-31.1866422585422,-0.142815669372297,-9.25583279875331
42.9668835081293,26.4406998830027,-19.9667633590372,62.3548725594877,11.7293242183024,38.8651511640252,18.8393041441995,-31.1947492607608,-0.146803892611497,-9.21580879539254
42.9648735104803,26.4156976493568,-20.0731654324136,62.4258599876581,11.3754372235416,39.2695062273942,18.9438756164931,-31.2049683638044,-0.147893578978376,-9.18306400104365
42.9559901956828,26.3960823889098,-20.1563547014261,62.5160018219575,11.0564971458152,39.6270630983613,19.0317238941558,-31.2164653366714,-0.145072212724662,-9.15698884470025
42.9465774005933,26.3817136139368,-20.2254406419901,62.6179949930833,10.7664256755297,39.951557486577,19.1050047905012,-31.2285218434313,-0.13809039302345,-9.1367498666447
42.9422896951461,26.3718846387296,-20.2885413678695,62.724936218439,10.4990793098834,40.2583238333528,19.169043890166,-31.2407834523243,-0.127452542452249,-9.12124056998041
42.9627385967792,26.3533803185455,-20.3650017319629,62.8271181749805,10.1599411243894,40.5272885794467,19.3108611543031,-31.2678545473322,-0.115470434990678,-9.1172861296436
42.9801120125578,26.3497574784885,-20.4268028078323,62.9265614336126,9.9368676675373,40.8154964468231,19.3912550647502,-31.2802268380755,-0.100603638111627,-9.10710935507786
43.0100264686196,26.3465935866435,-20.4993151083362,63.0236848715148,9.68336850198531,41.1195118633838,19.4970419946055,-31.2949065663307,-0.0863849063132033,-9.096545083737
43.0361551691781,26.3568948873069,-20.5619619131526,63.1208215996336,9.54622917781468,41.5035773651053,19.5091438843729,-31.2995022344361,-0.0715646980997762,-9.07567918231053
43.0844104719694,26.3580256900773,-20.6342143562385,63.2084672048153,9.33979330708776,41.859167717485,19.6268031027617,-31.3196559367945,-0.0600758117304628,-9.0589166662238
43.1361844437295,26.36124294104,-20.7035347526917,63.295010081365,9.13383506481158,42.2196551786564,19.7774407390618,-31.3428540961923,-0.051283866995429,-9.03689525466952
43.1857033514909,26.3679506192375,-20.7647612916957,63.3838349548361,8.9395078903003,42.5870485167699,19.9490898309994,-31.3686293150955,-0.0456544656745836,-9.00848895152036
43.2275773357054,26.3792905236952,-20.8136515265894,63.4788598578044,8.76172269097314,42.9562100263824,20.1347240362238,-31.396383780686,-0.0433108961608019,-8.97356140741349
43.257097361595,26.3965608299601,-20.8468191899758,63.5843480030966,8.60404421844918,43.3206807085148,20.3263675883194,-31.4254690353962,-0.0440445489169359,-8.93282913215531
43.2706643512295,26.4212150031417,-20.8621416418673,63.7044534938645,8.46885091187567,43.6748882849508,20.5147140006111,-31.4552469583849,-0.047295291571914,-8.88769504000978
43.2660586103799,26.4545844399226,-20.8590527652477,63.8425430037822,8.35711033263566,44.0152533636559,20.6900928145489,-31.4850118899,-0.0522066488860825,-8.83998565048739
43.2425791156795,26.4975049371097,-20.8386361036555,64.0005324069105,8.26809248388444,44.3402507541524,20.8440671356503,-31.5139743523095,-0.0578141720666074,-8.79170286834893
43.2252560900406,26.5376794289828,-20.8335422404998,64.1730201116882,8.00581724296962,44.5596513196591,21.111065733851,-31.561533536446,-0.0618095740471988,-8.75634718565288
43.1701740646994,26.5994509292386,-20.7797647577561,64.363267558941,7.98708659363669,44.8175342682012,21.2187378293759,-31.5866830457755,-0.0651227834677144,-8.71407543431804
43.1008768039902,26.6669716479792,-20.7263631840216,64.5747708743273,7.94373228166189,45.08107459976,21.2989220201701,-31.6097061172395,-0.0689349006431775,-8.67590931228465
43.0209703401514,26.7397696201479,-20.6643496072808,64.7978155401237,7.93796082764347,45.3401339817949,21.3344151612387,-31.6293545416545,-0.0723788615071028,-8.64344025785816
42.9340090337864,26.8148293619003,-20.5996179861136,65.0309561906025,7.94303765640642,45.5850854558651,21.3432644751264,-31.6457360920255,-0.0757187509206968,-8.61739845362102
42.8424054813865,26.8905081902752,-20.531751013491,65.271431905666,7.96219806837773,45.811258992228,21.3302544736405,-31.6590845243977,-0.0793983991072638,-8.59729133444999
42.7480520763872,26.9656570639889,-20.4611734906819,65.5181234276383,7.99029224076761,46.0152341925867,21.3027856234839,-31.670041900793,-0.0840196015811462,-8.58193629587782
42.652269914346,27.0398479042002,-20.3871142970368,65.7707000071974,8.02551991822603,46.1949831409307,21.266730828587,-31.6795224735873,-0.0903372187513617,-8.56965415487779
42.5558917636844,27.1131322930438,-20.3083692120705,66.0300801317194,8.06588145256723,46.3486035254622,21.2282352262999,-31.6883707892319,-0.0991409658136065,-8.55860635510599
42.4592717959023,27.1859488628755,-20.2231654015373,66.298302276327,8.11083002818459,46.4739331257127,21.1933352510258,-31.6971067918629,-0.111098345991529,-8.54702645624167
42.3623403471842,27.2590211861469,-20.1292761032106,66.5782159990133,8.16220147246585,46.5690868551302,21.1674629144639,-31.7058425423905,-0.126658007791504,-8.53337984908254
42.2647039385193,27.3332822998084,-20.0240557217575,66.873039718167,8.22526199681848,46.6333438919197,21.1544206003679,-31.7143589874451,-0.146041189564524,-8.51643090881217
42.1658222296487,27.4098585854995,-19.9045849158005,67.1859329618634,8.30842200851535,46.6675690287824,21.1557116230193,-31.7221990266672,-0.169223357179784,-8.49528297021143
42.0652611184722,27.490105299607,-19.7679702811183,67.5195738109673,8.42172734081216,46.6740539331422,21.1705088985773,-31.7286587055158,-0.195848985052153,-8.46946402516714
41.9629271105889,27.5756317758388,-19.6116851968801,67.8758273251484,8.57469548434988,46.6558954138964,21.1961674369829,-31.7327599041187,-0.225196925467011,-8.43900901773828
41.8592166430323,27.6682925905608,-19.4338114914806,68.2555818405349,8.77432266557223,46.6161838435413,21.2289400629294,-31.7333809265073,-0.256332725327832,-8.40444983752161
41.7551468816168,27.7701671309971,-19.2333095121742,68.6587795329155,9.02346355381743,46.5572893220652,21.2647045564871,-31.7294831317559,-0.288355682346991,-8.36675782002066
41.6524984558183,27.8835177780123,-19.0103729953938,69.0845611636352,9.31973785618653,46.4804179678724,21.2995637842954,-31.7202237268072,-0.320563529665857,-8.32730724818762
41.5538525417897,28.010658287852,-18.7665316813879,69.5313333177808,9.65585427082784,46.3856423721226,21.3300662547394,-31.7049290146725,-0.352511474490585,-8.28778296611539
41.4624221378571,28.1537272588089,-18.504300807418,69.9967317789331,10.0213380796228,46.272350221611,21.3531388718153,-31.6829635314785,-0.383956210356633,-8.24994637792783
41.3817560709244,28.3144563103346,-18.2266631367433,70.4776198141134,10.4041810435122,46.1398429672578,21.3660933037274,-31.6535693950961,-0.414709216584283,-8.2153439092452
41.3154709203553,28.4940096054816,-17.9366241924471,70.9701560017499,10.7916904283161,45.9880338085296,21.3666802596379,-31.6159519371615,-0.444613561277222,-8.18509006968887
41.2670472671978,28.6929507423118,-17.6367899194972,71.4698967468936,11.1712178785916,45.8181376879257,21.3530023267707,-31.5696390659661,-0.473698874084827,-8.159738332848
41.2396527055474,28.9113391969539,-17.3290075771829,71.9719373240221,11.5311214135649,45.6330219826262,21.323424854267,-31.5147412539343,-0.502263154973361,-8.13921487074286
41.2360256410036,29.1488142979648,-17.0142584116693,72.4710771915175,11.8614456468921,45.4370737093402,21.2766884115668,-31.4519168148853,-0.530754601900841,-8.12284449707749
41.2584262952904,29.4045509590744,-16.6927918564478,72.9619986323458,12.1541155570864,45.2357451644462,21.2120946904387,-31.3821480501977,-0.559576017694837,-8.10946445502588
41.3085416673373,29.6772191569718,-16.3642788028013,73.4395171401397,12.4029344707841,45.0349605950079,21.1294943539016,-31.3064872144076,-0.588954758026606,-8.09755501705349
41.3873176580043,29.9651043845343,-16.0278844215146,73.8989052140104,12.6035074671471,44.8404449400013,21.0290747308827,-31.2259051420532,-0.618934209925011,-8.0853614083306
41.4948662855174,30.266303398472,-15.6823581477969,74.3361608613062,12.7531325939914,44.6571174332926,20.9111317894287,-31.1412511988629,-0.649429948145078,-8.07103069101468
41.6305633895241,30.5788530829498,-15.3262156347452,74.7481123431984,12.8507434622827,44.4888038564595,20.7759156635753,-31.053269987281,-0.680253828531052,-8.05275511038081
41.7932922737252,30.9007727580916,-14.9579540323607,75.1323482557049,12.8969107820568,44.3383059192577,20.6235602849218,-30.9626852319817,-0.711098313936139,-8.02889732519637
41.9301477228632,31.2335831627736,-14.6292602213014,75.5345832053136,12.4977275208124,44.03176042567,20.2447548075147,-30.8331749199032,-0.756393146284605,-7.99226743877801
42.1407147952747,31.5687765282418,-14.2385186518581,75.8613037769085,12.3978063666871,43.887601177059,20.0500233586788,-30.7382252461296,-0.786309570858844,-7.95344005650143
42.3712612760617,31.9088239961997,-13.8100247414108,76.1478074199046,12.3333229252889,43.7568377248557,19.7740552039289,-30.6459839163961,-0.818467965940115,-7.90350777588448
42.627499371397,32.250633980752,-13.3828259685525,76.4064654549364,12.2015110343938,43.6850489217013,19.5247329532286,-30.5540354659779,-0.84348146717941,-7.84728921443442
42.9059620365163,32.5929186292081,-12.9376539152597,76.6281862935959,12.0540547872472,43.6379210804227,19.2592185467569,-30.46544886306,-0.865973687383232,-7.78320844715904
43.2068093572036,32.9340000733527,-12.4744924959368,76.8104131171306,11.8956037341415,43.6093994943802,18.984896081178,-30.3816837942134,-0.885915606736311,-7.71235615032919
43.5299107557059,33.2724138405581,-11.993488147696,76.9508267462477,11.7315322926356,43.5950329168522,18.7075986269749,-30.303504950186,-0.903207711048204,-7.63576431296317
43.8744507138237,33.6069422835865,-11.4950530516824,77.0476689210063,11.5659869722261,43.5907060984913,18.4331523458295,-30.2303442489399,-0.917471798630632,-7.55417272585049
44.2387316353747,33.9368306750608,-10.9796778790279,77.0997986388834,11.4026284848177,43.5929856941143,18.1672682831912,-30.1601214126614,-0.927921219636444,-7.46794934568496
44.6203649840289,34.2619075359028,-10.4477958356865,77.1066049708997,11.244893088346,43.599437446229,17.9154911434676,-30.0898132403945,-0.933479862729464,-7.37714913804507
45.0167056404639,34.5825292124381,-9.89972347208418,77.067915600039,11.0957863218966,43.6087067397993,17.6830145240977,-30.0164495476102,-0.933088375492915,-7.28163811874322
45.4251797754747,34.8994022624383,-9.33555193427943,76.9839749733129,10.958006263747,43.6202117100213,17.4742012192157,-29.9378840753341,-0.925983558738486,-7.1811734804441
45.8434720005378,35.2133821821301,-8.75504134490352,76.8554847254234,10.8341723462965,43.6335158584089,17.2921193897,-29.8532139023218,-0.911838608328468,-7.07543237312349
46.2696189494545,35.5253665926657,-8.15772731314596,76.6837308659545,10.7263125089718,43.6477597970485,17.1383674218772,-29.7628399033584,-0.890757013638194,-6.96403628473185
46.7019298031838,35.8362650157629,-7.54322498460879,76.4706572633954,10.635299636429,43.6617039869332,17.0129948452759,-29.6680090681395,-0.863149058372683,-6.84659698152261
47.1388085719042,36.1469407550639,-6.91150703750048,76.2187447887835,10.5612271059428,43.6743232075869,16.9143249929644,-29.5700988459872,-0.829584677783057,-6.72282540848986
47.5786536370022,36.458145539203,-6.2629433951306,75.9308356246469,10.5042321300216,43.6851360866509,16.8388485671931,-29.4701738062518,-0.79068480470558,-6.59267295710487
48.0199124976981,36.7705261327921,-5.59809025516268,75.6099077268239,10.4652399584309,43.6940851995413,16.7815143766199,-29.3689980315122,-0.747073517217323,-6.45641019905606
48.4611975277192,37.0846907591878,-4.91750095523941,75.2587207009687,10.4462999019005,43.7013173605444,16.7368179929678,-29.2671521872796,-0.699400002125366,-6.31460582661268
48.9012947573078,37.4012403340112,-4.22173579919086,74.8795906302769,10.4500625631343,43.706703285256,16.7004394827138,-29.164929239781,-0.648383163828733,-6.16802967160717
49.3391310547411,37.7206820112069,-3.51142139712802,74.4744270009858,10.4790063016318,43.7091740149227,16.6703126371512,-29.0622888421208,-0.594834210554302,-6.01755513363871
49.7738624833772,38.0433071732269,-2.78719056211144,74.0447522645078,10.5354341510788,43.7065045567824,16.6466191843373,-28.9591745882849,-0.539652927930653,-5.86412997222902
50.2049353468535,38.3691798251458,-2.04950619230613,73.5916464662989,10.622117914756,43.6956370877433,16.6311649093349,-28.855842067774,-0.48379516253841,-5.70877370838567
50.6319701600917,38.6981817345202,-1.29861637080758,73.1159078485576,10.7424071091549,43.6732463725841,16.6264992953932,-28.7528210002375,-0.42820164369136,-5.55253948937817
51.0546411965651,39.0300635716224,-0.5349056433848,72.6184401179145,10.898929386689,43.6366039091122,16.6349713846727,-28.6507207896367,-0.373678022431052,-5.39643498530952
51.4726428282498,39.3645549112068,0.240601545606349,72.1005411454247,11.0917921420735,43.5844763774998,16.6580703385716,-28.5501258942402,-0.32076705375181,-5.24129262337065
51.8856633306513,39.7013386206942,1.02601802873257,71.5638374188308,11.3180719416444,43.5174858198036,16.6962842601149,-28.4514883558951,-0.269719625190482,-5.08764299980363
52.2933880599275,40.039707880106,1.81868038473723,71.0099219687871,11.5726624774111,43.4377333651356,16.7494781863956,-28.3549688321667,-0.220599054327676,-4.93571623908321
52.695606256368,40.3782204532866,2.61544830087442,70.4399781095156,11.8492836751383,43.3476687995055,16.8175594509763,-28.2604272799431,-0.173407399413565,-4.78559503000288
53.0924439926395,40.7147397893148,3.41314586688269,69.8544601460776,12.1414370142944,43.2488933930539,16.9009722590125,-28.1676840074042,-0.128101435401999,-4.63740639537921
53.4845715154521,41.04679286173,4.20890939189662,69.2528461166507,12.4433988787423,43.1420687430339,17.0007775460952,-28.0767504721313,-0.0844928884414596,-4.49141727663654
53.8731294279667,41.3719552785328,5.00030085949925,68.6337615427551,12.7505345130968,43.0277552242557,17.1186009280865,-27.9877773024517,-0.0421804698610821,-4.34799501006506
54.2593754510821,41.6880936280205,5.78534998156572,67.9955315238195,13.0589909659567,42.9068306238878,17.256602498334,-27.9009726109328,-0.000649404536043862,-4.20751724741698
54.6443141562811,41.9933725638139,6.56263175507693,67.3367423330278,13.3658624215072,42.7802071392215,17.4168952488626,-27.816687699254,0.0405288265563231,-4.07032070316817
55.0285231578381,42.2860489785544,7.33120083596853,66.656508084606,13.6696610587563,42.6488117727275,17.6003238391158,-27.7355413203031,0.0815766977320232,-3.93669017603381
55.4121711177384,42.5641971130041,8.09030574562792,65.9545244510038,13.9701668482923,42.5140304978714,17.8055365151188,-27.6584201316771,0.122527180560296,-3.80686794454663
55.7950925378275,42.8254544497142,8.83914149951982,65.2310565625845,14.2680457422829,42.377755613346,18.0287358310899,-27.5862529408468,0.163303992036373,-3.68109909567331
56.1768539741765,43.0669046994265,9.57690721328186,64.4868744137132,14.5648224814249,42.2416970364111,18.2638878231145,-27.5197078584791,0.203808456096224,-3.55969263262078
56.5568271837805,43.2852447760392,10.3031404272336,63.7231448989071,14.8628357827293,42.106769049731,18.5037261295187,-27.4590990029372,0.244006651079327,-3.44302582033892
56.9342649705925,43.4771418268469,11.0180705272791,62.9413078310893,15.164889036855,41.973183803494,18.7417718786781,-27.4044892096717,0.283998694242307,-3.33145761863406
57.3083703329479,43.6395699426276,11.7227800853515,62.1429012101964,15.4738262165104,41.8405746009844,18.9742116007445,-27.3557919762278,0.324014896094299,-3.22519510900561
57.6783861091474,43.7701212584719,12.4191465052246,61.3293453306632,15.7921581603885,41.7076756991236,19.2003033458165,-27.3128188244303,0.364342334585911,-3.12417997485437
58.0436792726867,43.8673745224716,13.1096350595845,60.5018257129455,16.1216223050765,41.5724098393747,19.4215825361848,-27.2752902968993,0.405269829689154,-3.02798664747237
58.4037299180457,43.931272474597,13.7970284060535,59.6613719521833,16.4627440322011,41.4328423353048,19.6408247554624,-27.2428313137589,0.447086767112287,-2.9356450321125
58.7580266058861,43.9633556382961,14.4841621802952,58.8090593392618,16.8146588568438,41.288223339535,19.8611729803617,-27.215008701127,0.490098460304361,-2.84537414057388
59.1059731172004,43.9667544172907,15.173743022653,57.9462219108219,17.1753609112056,41.1393579375189,20.0854346805603,-27.1913836933965,0.534628060538725,-2.75449984184025
59.446911829793,43.9460087522556,15.8683335741737,57.0746047833832,17.5423858212646,40.9882657336253,20.3154778959691,-27.171511184362,0.580984693231362,-2.65995040218243
59.7802708502591,43.9068406618812,16.5705130496038,56.1963632357856,17.9136105853485,40.837484915039,20.5517895173643,-27.1549593411368,0.629416495902301,-2.55914505987706
60.1057469690469,43.8558881243024,17.2831257637619,55.313821858516,18.2876706817169,40.6893084977492,20.7934508194668,-27.1414381479251,0.680116214045865,-2.45057410383056
60.4234280927504,43.8003043649254,18.009483428353,54.4290557952222,18.6640211283626,40.5449524008821,21.0388240068326,-27.1309218822496,0.73328678740244,-2.33369173613715
60.7337478979292,43.7472537707543,18.7533951182581,53.5435411347962,19.0429567156,40.4036939889967,21.2867472461191,-27.1235931337143,0.789183974718591,-2.20831114077987
61.0373720804707,43.7035525964129,19.5190110265309,52.6579257491665,19.4254642655962,40.2626391306412,21.5374692127,-27.1196715565844,0.848099632704992,-2.07415691867686
61.3352952922495,43.6755914822219,20.3105637339481,51.7717400900819,19.8127568760938,40.1177907779741,21.7929188829734,-27.1193188381272,0.910360226515996,-1.93103345424149
61.6289468556343,43.669432929032,21.1320568967665,50.8833576189657,20.2056720736862,39.9656954931538,22.0564558312087,-27.1226282661016,0.976367303043429,-1.77917463252006
61.9198520400768,43.6908689713951,21.9869173464426,49.9906720147208,20.6042269844091,39.8043315965438,22.3322116647249,-27.1295521750213,1.046586327661,-1.61926634472275
62.2090650832545,43.7451870639956,22.8776334121904,49.0920901823171,21.007594102708,39.6331611777075,22.6242932036821,-27.1397268374719,1.12145360801788,-1.45228115796649
62.4968998741033,43.8366642958348,23.8054413025064,48.1871026690178,21.414461582479,39.4531422365664,22.936182901978,-27.1523383275841,1.20127111267415,-1.2793545676841
62.7830102881909,43.9681228523264,24.7701456710962,47.2762628755173,21.8233362894348,39.2671515496163,23.270218992468,-27.1661586798259,1.28609918836124,-1.1016758432129
63.0665844087192,44.1407424920859,25.7700900658241,46.3608825702045,22.2322416015252,39.0802366036454,23.6274529528072,-27.1797202965932,1.37563154410335,-0.920352724812738
63.3464875478627,44.3541661471953,26.8022947550282,45.4427795773879,22.6379052659,38.8987928508706,24.008495057946,-27.1915254902726,1.46914334261188,-0.736309956055173
63.6213365290507,44.6069796308482,27.862840862312,44.5240212255233,23.0354650143111,38.7292942372265,24.4144214877607,-27.2002493639789,1.56562392687941,-0.550250413854677
63.8896069733718,44.8975072514004,28.947466518587,43.6065197452828,23.4192835765149,38.5774902055861,24.8465461885707,-27.2049493290653,1.66407766868983,-0.362621688649662
64.1498188368377,45.2246081697583,30.0522165791771,42.69173979281,23.7842349918921,38.4474439930633,25.3057587082661,-27.205228350435,1.76383813755733,-0.173579463194583
64.4007642298817,45.5881236595673,31.1740994262847,41.7806536965478,24.1269075076571,38.3400585704782,25.7923755273086,-27.2012696989586,1.86471070369326,0.0169685013117137
64.6417459560365,45.9888238623866,32.3117095938928,40.8737328979361,24.446669633102,38.2519839518213,26.3062701430867,-27.1937763996951,1.96689823460645,0.209209969759626
64.8727039209508,46.4279585342005,33.4654703171584,39.9710093205842,24.7461423063159,38.1758068097433,26.8467091880494,-27.1838642774008,2.0708147215446,0.403244511080483
65.0941010494373,46.906592239328,34.6372253468322,39.0723953790294,25.0307724493919,38.1015462704233,27.4117675184877,-27.172874935401,2.17689353542006,0.598941508373339
65.3066666996271,47.4247825338884,35.8294782173312,38.1781675384195,25.3081876097562,38.0186161742403,27.9977672585724,-27.1621213737215,2.28542385489612,0.795846825528608
65.5111925879278,47.9807279069681,37.0447946664896,37.2893618300491,25.5879643249841,37.9174504260456,28.5992276354589,-27.1527040097242,2.39639297669012,0.993127653542705
65.7084542892698,48.5702654583796,38.2856433211648,36.4078883118063,25.8815398111289,37.7904317054515,29.20956782775,-27.1455255450494,2.50934665329773,1.18958378633246
65.8992231645386,49.1869486460107,39.5545634506375,35.5362852960923,26.201727981215,37.6320628819117,29.8224984353859,-27.1413842971202,2.62335267173347,1.383729088128
66.0843133737005,49.8225223052256,40.8541967857275,34.6772448465598,26.5615346286585,37.43872247015,30.433424675902,-27.1409196194609,2.73712373512985,1.57388926164376
66.2646408205204,50.4676122772776,42.1868053878999,33.833183877983,26.97216112689,37.2084663517081,31.0399810075627,-27.144476550199,2.84926888102607,1.75830992022375
66.4412474306852,51.1126017011829,43.5533474088294,33.0059744330343,27.4405526785259,36.9411685329474,31.64130783682,-27.1520563859521,2.95856723347974,1.93531373397639
66.6152291359613,51.7485592251772,44.9527104276838,32.1967332416198,27.9679337863491,36.6390282109906,32.236425403788,-27.1633012805531,3.06413711372047,2.10347209586771
66.7875897984375,52.3680121783964,46.3818287026605,31.4056754899026,28.5508772270046,36.3069299963737,32.8228232746037,-27.1774904573309,3.16545682700859,2.26172912832524
66.9590451440656,52.9654074974737,47.8364547434346,30.6322182450675,29.183831617563,35.9520935636188,33.3962413794808,-27.1936444506471,3.26227607258764,2.40948730654875
67.1297776789516,53.5371502928926,49.3114950427096,29.8754009989058,29.8601299955465,35.5831997165611,33.9514181368539,-27.2107315767325,3.35447808062882,2.54665512379248
67.2991963471303,54.0812251528166,50.8004383203397,29.1344958463636,30.5706981100442,35.2095900576801,34.482896174761,-27.2278822654796,3.44194583749007,2.67361730772496
67.4657376151374,54.5964979414576,52.2944145204623,28.4096881437907,31.3025445792408,34.8407861511471,34.9854316155858,-27.2445434717817,3.52444537953902,2.791144030341
67.6267590014293,55.0817870228606,53.7816015341754,27.7027625580491,32.0389314007601,34.4860505643634,35.4542718688858,-27.2605667921867,3.60152180535758,2.90027794449552
67.7786442489152,55.5348515575925,55.2472049341964,27.0176328217933,32.7610827989287,34.1536831707015,35.8856183223425,-27.2762229587387,3.6724547687937,3.00219612459327
67.9171533950137,55.9515902647471,56.6738582117298,26.3604498694221,33.4502799068315,33.8501535703867,36.2771259697817,-27.2920753374838,3.73635061091747,3.09805706733386
68.0378872385573,56.3257546788421,58.0422565809697,25.739200091943,34.089665185578,33.5793671176556,36.6281300058471,-27.308719659732,3.79236289806755,3.18886646053584
68.1367096219055,56.6493205246329,59.3317401607932,25.162959292072,34.6654259128302,33.3423791029579,36.9394438120426,-27.326547810156,3.83991977013852,3.27535846725352
68.2100397686307,56.9134937020094,60.5206046706997,24.6409758086023,35.1668760133703,33.1379930504883,37.2126867754958,-27.3456613789523,3.87886676568525,3.35787280369042
68.2550472037269,57.1100910198602,61.5865408357353,24.1816581669884,35.5854879882027,32.964338372965,37.4494158339964,-27.3658747415309,3.9095546837942,3.43624781486441
68.2699465147212,57.2328418060502,62.5082359542673,23.7914932479621,35.9142537008564,32.8203503665477,37.650845506769,-27.3866986791729,3.93291406244036,3.5097772519817
68.2544065729545,57.2783413020695,63.2682655159737,23.4740947696484,36.1484938305675,32.7059349377821,37.8183832558975,-27.4073454980692,3.95045797761506,3.57727689527646
68.2097231840636,57.2466125412448,63.8556590570475,23.2298131794868,36.2871910805282,32.6212339612122,37.9540098982945,-27.4268572965958,3.96412778126984,3.6372753880012
68.1614790539013,57.1588752600297,64.3846745199111,23.0231396491288,36.7031070341329,32.8711660886702,37.701449400822,-27.4701815844617,3.97958060589934,3.67767533920015
68.0662332942533,56.9755391631947,64.5638824586698,22.92458432679,36.5692152978168,32.9094197389003,37.7176597918538,-27.4825623725454,3.99352213379871,3.71670378852723
67.9534885859578,56.7429595392836,64.6419285640492,22.8730227264734,36.4842491279603,32.9433649298292,37.7211775748786,-27.4933045047238,4.00681244071857,3.74580544315492
67.8253580284564,56.460267642963,64.5567509224313,22.8773411473896,36.2924250557386,32.9741657118337,37.7315507371826,-27.5009417558124,4.02186224898409,3.76445316506079
67.6874642981894,56.1417358088064,64.3511136971808,22.9245313152847,36.0746067034727,33.0206864946458,37.7217744842868,-27.5069763603924,4.03881101636208,3.7726207813128
67.5442355203709,55.7988709257781,64.0420139346761,23.0067803914289,35.8335213631611,33.0779681968797,37.6972568981315,-27.5125765518287,4.0574471508704,3.77124485323133
67.4007711714096,55.4452830900359,63.6598928131728,23.1127803959821,35.5935431738684,33.1410605201467,37.6611991050649,-27.5190961399896,4.0772278657117,3.76156033318715
67.2618679714056,55.0940254113135,63.2324318387654,23.2314337975714,35.3667142194165,33.2020879794304,37.6215606660882,-27.5277336662665,4.09749308944959,3.74507097746663
67.1316878865046,54.7571805684333,62.786119778744,23.3519514709803,35.1636182219806,33.2540640293682,37.5857938088273,-27.5392753151805,4.11756489118267,3.7233495291828
67.0132929966273,54.4447714431746,62.3425952092841,23.4652398650941,34.9902958027879,33.2911476326219,37.5605257008598,-27.5539836838989,4.13686470514344,3.69789761021141
66.9085233768342,54.1641414184311,61.9182514171916,23.5645470189848,34.8500300184602,33.3091167285543,37.5506447393458,-27.5716440664653,4.15498767930954,3.6700221187457
66.818024051743,53.9195951872909,61.5244490944647,23.6458446335334,34.7440806312755,33.3053696934748,37.559117393417,-27.5917174697703,4.17173165279126,3.64083081879228
66.7414159228467,53.7125624091655,61.1684675435302,23.7076339663912,34.6724541973473,33.2789054824069,37.5869454953239,-27.6135482207552,4.18708486773832,3.61130449786885
66.677574380525,53.5421646557887,60.8543904057317,23.7502512528242,34.6335272423264,33.2300636298187,37.6335348822474,-27.6365648807909,4.20118838074417,3.5823662399682
66.6249351925974,53.4058558292923,60.5838570780835,23.7750339738154,34.623451581264,33.16014081053,37.6972189575185,-27.660410637976,4.21430601729924,3.55491428303344
66.5817727324044,53.2999481170239,60.356643825741,23.7837562211524,34.6360701360721,33.0711614068822,37.7757213436105,-27.6849786160985,4.22681314575016,3.5297884203161
66.5463755489649,53.2200321138699,60.1709559871448,23.7785422005892,34.6633943138357,32.9658294827425,37.8664209505666,-27.7103557502734,4.23917899748673,3.50769151096692
66.5170832194842,53.1613067234268,60.02359347269,23.7621506488691,34.6964866280341,32.8473219821506,37.9663775575302,-27.736680039852,4.25192718441564,3.4891519787384
66.4923705273467,53.1189003853328,59.9106549051456,23.7381320195708,34.7266659951034,32.7186085251123,38.072424258601,-27.7639568236667,4.26557987385238,3.47452647947482
66.471154027087,53.088257380659,59.8289101174755,23.7105388956169,34.7468195138378,32.5814367389783,38.1817254890488,-27.7919499299924,4.28059673485041,3.46396218361472
66.4531822323594,53.0655233692554,59.7768877579262,23.6834130858322,34.7524595634533,32.4358317971896,38.2925685914209,-27.8202279583267,4.29732383560659,3.4573111449177
66.4391972532711,53.0478474934525,59.754749256859,23.660427252205,34.7422960524802,32.2808289914083,38.404597008066,-27.8483217162022,4.31595415156445,3.45406843876376
66.4307051083639,53.0336079962242,59.7631342525796,23.6447900201441,34.7186106233402,32.1158886178134,38.5181149255981,-27.8758979577265,4.33649230516797,3.4533970911619
66.4294873213002,53.022631534666,59.8021639393906,23.6391257140859,34.6880999730045,31.9417377983846,38.6330078768231,-27.9028667688339,4.35873188073068,3.4542545557287
66.4371746428124,53.0164613650714,59.871643082636,23.644865293415,34.6629434315813,31.7601187042644,38.7479986740769,-27.9293503317812,4.38225224967038,3.45556673947116
66.4551421533964,53.0185755460396,59.9722650911795,23.6610138401049,34.6601004819252,31.5729262519896,38.8604985485441,-27.9555179256748,4.40643428527533,3.45635242340915
66.4846855962704,53.034268413069,60.106629970315,23.6828910236103,34.6974308235307,31.3813752043975,38.9672151954529,-27.9813975841632,4.4304906848392,3.45574251018675
66.5271421214115,53.069872849164,60.2789083566064,23.7019902155027,34.7882185775907,31.1855034525761,39.0655404911734,-28.0067616570596,4.45348963614976,3.4529364948994
66.583696676423,53.1312869141493,60.4931733394471,23.7076273908493,34.9376148601204,30.9841514258178,39.1549135984532,-28.0311147510119,4.47436012632448,3.44718950165066
66.6549918196325,53.2223231339007,60.7517351387207,23.6897114013887,35.1433302089648,30.7754348957051,39.2370923113743,-28.0538049262904,4.49190106929034,3.4378491428543
66.7408304433043,53.3435972369099,61.0541606963406,23.6411838591351,35.3986771513392,30.5576214430403,39.3153051335363,-28.0742474061257,4.5048355882533,3.42439632058235
66.8401027063637,53.4922449751484,61.3965134865007,23.559189180427,35.6942400207004,30.330258522625,39.3931048061296,-28.0921660656671,4.51194391491951,3.4064942341567
66.9508546032339,53.6622452189197,61.7708644769183,23.4450905723086,36.0181027967856,30.0951074328988,39.4734693843449,-28.1077173125041,4.51225574122815,3.38405606102069
67.0703282224254,53.8449436714908,62.1654924910261,23.3039880436807,36.3568618261182,29.8562807979051,39.5580378103117,-28.1214026523677,4.5052264727445,3.3572949823432
67.1949405040521,54.0295813446441,62.5656519847106,23.1441692064204,36.6977585802294,29.6194063561342,39.6462441496794,-28.1338111734956,4.49083188408463,3.32672830374996
67.3204180602161,54.2040096016901,62.9546986771846,22.9764038922974,37.0307965642285,29.390277172125,39.7346695569073,-28.1453752741855,4.46957494374351,3.29309572150434
67.442271819411,54.3558608468013,63.3155905249211,22.8127548584701,37.3500055497883,29.173726404655,39.817245906812,-28.1562848152166,4.44244100730904,3.2571631901182
67.5564635304471,54.47411144458,63.6325601327595,22.6649014848597,37.6533567277435,28.9731487275697,39.8864153338276,-28.1665119576881,4.4108292814751,3.21948551698072
67.6599679518684,54.5506054951169,63.8924930279132,22.5424353563223,37.941229899474,28.7905957263818,39.9347644657613,-28.1758284792917,4.376452572927,3.18023945700855
67.7510812601444,54.5810899510659,64.085781951364,22.4516320310559,38.2142003650278,28.6271911976269,39.9566351943783,-28.1838330695832,4.34118838398901,3.13918595721303
67.829495109903,54.5655392326043,64.2067827601527,22.3949216229398,38.4712537421842,28.4836039477343,39.9494381940826,-28.1900924331452,4.30688908978715,3.09577497673659
67.8961977353598,54.5077009281271,64.2540731440772,22.3710534214461,38.709230790667,28.3603042151865,39.9143767561915,-28.1943622796617,4.27516712225465,3.04935910129699
67.9531884947653,54.4139073505695,64.2305062637335,22.3759333969397,38.9238665236338,28.2574295973642,39.8561133850904,-28.1967161104054,4.24715824884098,2.99943971090569
68.003012080482,54.2914833352225,64.1429115738487,22.403997876975,39.1118855667587,28.1742740023634,39.7813578243986,-28.1975062959853,4.22329352404007,2.94586761557576
68.0482819662443,54.1473540217761,64.0013766090767,22.4496058441603,39.2726437185726,28.1086599662111,39.6971791067217,-28.1972302570531,4.20317748829578,2.88894063778103
68.0914018335254,53.9874081192075,63.8182067741044,22.5077835138208,39.4081023880251,28.0566508853153,39.6099146636604,-28.1964046179955,4.18566615342578,2.8293713205996
68.134567251047,53.8167767997223,63.606962261504,22.574054945043,39.5214993638286,28.0128651758146,39.524954716523,-28.1955245271416,4.16911999724344,2.76812849359232
68.1799647400774,53.6406451076838,63.3818979120275,22.6436828109178,39.6161071353108,27.971331198567,39.4471151920124,-28.1950922564846,4.15171478319827,2.70618806513841
68.2299517140304,53.4649223327427,63.1575335981138,22.7109795922788,39.6949139534093,27.9266933412751,39.3810622743648,-28.1956019401314,4.1317275552255,2.64428434916734
68.2870018502432,53.2962649381223,62.9478786069591,22.769275492286,39.7610175980558,27.8754169605659,39.3313518194768,-28.1974231332434,4.10777275598728,2.58278404143064
68.3533512833647,53.1413605597051,62.7652541408278,22.8117218106437,39.8182024608532,27.8165432690389,39.301919251095,-28.2006548876195,4.07896362816661,2.5217436470202
68.4304730953426,53.0057631473731,62.6190890115015,22.8326245203675,39.8714063921577,27.751665244779,39.2951615185696,-28.205033841644,4.04497109323206,2.46110197517752
68.5186235558804,52.8927700332282,62.5150691421167,22.8287137975102,39.9267981822369,27.6840724566262,39.3110739001358,-28.2099211467611,4.00597807117043,2.40089418037845
68.6166728739899,52.8028048041278,62.4547666436716,22.7998054233748,39.9909618679208,27.6173025616362,39.3470860759883,-28.214397269867,3.96256157784416,2.34138831655087
68.7222916058144,52.7335379592615,62.43586317271,22.748620654716,40.0691927036235,27.5535347784736,39.3989118951825,-28.2174853525486,3.91555042686299,2.28310165453851
68.8324235778833,52.680664564685,62.4530564215317,22.6798652005439,40.1639903226254,27.4925791529025,39.4619665126647,-28.2184296271851,3.86589785466141,2.22669726149499
68.9438822801462,52.639009293982,62.499334103832,22.5989231591474,40.2748950554708,27.4322451308567,39.5325093954245,-28.2168931345447,3.81458998629804,2.17279012892807
69.0538664400231,52.6035648105488,62.5672060829621,22.5106493859859,40.399814310529,27.3699765920146,39.6080105227922,-28.2130034388015,3.76258794683286,2.12173286607437
69.1602197523421,52.5701532428323,62.6495949856616,22.4186880932318,40.5367126601303,27.3046298354786,39.6868577875429,-28.2072780709644,3.71079340458644,2.07349382145564
69.2613690601725,52.5355240895542,62.7399356090049,22.325512089648,40.6839797658087,27.2373402681568,39.7678717430329,-28.2004742083139,3.66003755535752,2.02770206943701
69.356065572533,52.4970021858132,62.8316223083331,22.2329514960736,40.8395371424422,27.1713348826393,39.8499467843251,-28.1933867314525,3.61109014040879,1.98379388870776
69.4431577724874,52.4520711335915,62.917651720083,22.1427008769109,41.0003898188692,27.1111385646005,39.9318310939935,-28.1866600738784,3.56466960903764,1.94113668394606
69.5215169520022,52.3981632877548,62.9908773975071,22.0565014622062,41.1632706286822,27.0614792744723,40.0119830655781,-28.1806989692019,3.5214404276744,1.89910967428956
69.5900928742495,52.3327222654684,63.0447091437955,21.9760198284703,41.3256227189779,27.0261419343776,40.0885530609741,-28.1756872597604,3.48200773081169,1.85719865441818
69.6480478689176,52.2534957307845,63.0737865928459,21.9025331604543,41.4858024170439,27.007223016799,40.1596132704181,-28.1716627002797,3.44691234840286,1.81510996279997
69.6949553500777,52.1589726811585,63.0745393192741,21.8364615946013,41.6426970417642,27.0049899030075,40.2235784103728,-28.1686251972299,3.41658968022882,1.77284339247518
69.7310306459959,52.0488686053708,63.0461973644847,21.776808226361,41.7963716157857,27.018147002901,40.2796002488196,-28.1666620669065,3.39127327200357,1.73068815108122
69.7572817900299,51.9243919758402,62.991906271259,21.7207928812419,41.9493950878296,27.0442606666366,40.3278146063623,-28.1660306423342,3.37089064750383,1.68916545162159
69.7754717642299,51.7880175413055,62.9188226006643,21.6639832850454,42.1069727371349,27.0801888250666,40.369276702852,-28.167164001925,3.35499419115749,1.64895402280242
69.7878992968345,51.6428611260143,62.8370414719071,21.6009115550341,42.2757804672865,27.1224809120664,40.4054642281564,-28.17064742755,3.34271175511566,1.61081996103345
69.7970879583329,51.4919589701815,62.7577775738694,21.525999302436,42.4620897441043,27.1677865114813,40.4376514995291,-28.1772055226811,3.3327257682777,1.57556247247633
69.8054543128535,51.3376837679042,62.6911660170818,21.4346422633085,42.6695677651501,27.213247851326,40.4665446121884,-28.1876635613604,3.32334435187481,1.54397813233255
69.815007747525,51.1814947463744,62.6445922550706,21.3242459153575,42.8982638535926,27.2568254921981,40.4922195957605,-28.2028724387592,3.31266428798849,1.51683599088297
69.8271730977445,51.0240528179946,62.6220656023303,21.194976177447,43.1451078459528,27.2974895195882,40.5144080627816,-28.2236306956735,3.29875245876111,1.49482591205485
69.8428207031344,50.8654821556456,62.6240000110174,21.0500758263835,43.4038402890921,27.3351537458692,40.5331860084608,-28.2505823459429,3.2798240343947,1.47844469273348
69.8624709408239,50.7057044272718,62.6473216020838,20.8956496041022,43.6643741311763,27.3704452534971,40.5494784665795,-28.2840852823111,3.25443141660789,1.46787487247775
69.8865257542375,50.5449879083265,62.6863843002594,20.7399163787702,43.9134822032552,27.4045958537502,40.5646593533698,-28.3241231981807,3.22163275706591,1.46294116663556
69.9154190871814,50.3846314676156,62.7340779971118,20.5920323259411,44.1360550988263,27.4395279431072,40.5794657561095,-28.3702834205782,3.1811133610481,1.46313827137219
69.949711672696,50.2275897842983,62.7828232361832,20.460489232501,44.3162717296664,27.4780587006479,40.5928608339149,-28.4217648467076,3.1332632190057,1.46769061097266
69.9902142512979,50.0790441404128,62.826503564592,20.3510779451307,44.4402833261668,27.5240030187697,40.6014492672796,-28.4774356028996,3.07918820198376,1.4756395609381
70.0381785267349,49.9467846201085,62.8632881603238,20.2648082175509,44.4993035370869,27.5816557849615,40.6004077678254,-28.5359796971832,3.02061854296437,1.48594270691429
70.0954548877578,49.8410306927863,62.8978760190957,20.1966692822754,44.4906239788847,27.6545726054372,40.5860865502487,-28.5961317983615,2.95969748758116,1.49757306603756
70.164348083762,49.7733965982148,62.9420739655413,20.1362173468733,44.4174639375115,27.7443474880647,40.5587052999275,-28.6569463522546,2.89865816956593,1.50965204390299
70.2469810060001,49.7549142100807,63.0128890912962,20.070285366914,44.2887550845636,27.8500158435217,40.5233356244472,-28.717989079118,2.83943965512773,1.52162412942757
70.3443301277296,49.793535629559,63.1280372327878,19.9868099384616,44.1177815607111,27.968307826779,40.488598224749,-28.779371368722,2.7833359005132,1.53340782421043
70.4553475232296,49.8920880147735,63.3006077977458,19.8780502823352,43.9194007812259,28.0946434477992,40.4637904587142,-28.8416385543079,2.73078429889138,1.54545711001064
70.5765583745885,50.0474498874616,63.535248238226,19.7420487604244,43.7071994643327,28.2242974915886,40.4558300455703,-28.9055806097963,2.68136271376053,1.55870775434196
70.7023276172596,50.250942217941,63.8268135677279,19.5823385800911,43.4914245369128,28.3531556089747,40.4672647270787,-28.9720452498695,2.63399872936808,1.57440502666986
70.8257227213162,50.4895397351497,64.1611096631641,19.4065784400851,43.2777540948203,28.47807999267,40.4958838165825,-29.0417785427374,2.58734577070096,1.59383848161152
70.939687003502,50.747648484843,64.517379065978,19.2247942981643,43.0675575596484,28.5971638334024,40.5357406856765,-29.1152643282263,2.54023493828648,1.61804462976307
71.0381762466149,51.0091223906753,64.8720753932266,19.047727292845,42.8599715574454,28.709836099004,40.57897659199,-29.1925414716583,2.49207059079907,1.64755771965508
71.1169549398895,51.2589818070051,65.2027867694048,18.8855869137161,42.6547266314456,28.8167054226585,40.6175783520328,-29.2730280543007,2.44303186785895,1.68225744910499
71.1738461371603,51.4844848866828,65.4910779756214,18.7472822228813,42.4544259965998,28.9192756952087,40.6443516736109,-29.3554382200304,2.3939936187755,1.72130400397348
71.2084411991343,51.675417190099,65.7233181552139,18.6401187975384,42.2648868196248,29.019637971044,40.6531967207677,-29.4378506771049,2.34621519546865,1.76314921487492
71.2215266670823,51.8235592332989,65.8890866394286,18.5699253391724,42.0921855896472,29.1200891145609,40.6393224153086,-29.5178969372025,2.30098271234946,1.80563625258839
71.2145234640913,51.9217764866108,65.9784263754981,18.5414423012171,41.9379819310703,29.2227749717224,40.5996305792781,-29.5930452053733,2.25935532477822,1.84619037214167
71.1890708277255,51.963568401654,65.9805001157276,18.5586851672408,41.7974926378915,29.3296146926937,40.5329737656056,-29.6609956846248,2.22200548432045,1.88209767899514
71.1467436224443,51.9434174477833,65.8846400884537,18.6250951624653,41.6618015285385,29.4425373288564,40.4400757442906,-29.720087218793,2.18910578176908,1.91085953040197
71.0888411808623,51.8575248096452,65.6821495511071,18.7435491089239,41.5214667445429,29.5637697899912,40.3231130152646,-29.7695290382743,2.16029584283429,1.93053421054356
71.016213382143,51.7043803764102,65.3668416731793,18.9164087453097,41.3679037905066,29.6959061665944,40.1849132732108,-29.8093926765033,2.13476873703756,1.93993816038815
70.9291596046416,51.4849664701051,64.9341501156593,19.1456297362222,41.1922532309291,29.8416730637098,40.0278035126735,-29.8404263907607,2.11145914037373,1.93867817999176
70.8274605101557,51.2027796929107,64.3804941493768,19.4327647322688,40.9844691640729,30.0035736464834,39.8524164572839,-29.863782294847,2.08927156258057,1.92707397510354
70.7105543489223,50.863942064584,63.704447791525,19.7787117214225,40.7350842155702,30.1836591988064,39.6569965487065,-29.880738872256,2.06727343627865,1.90602431307043
70.5778638855387,50.4773475311663,62.9090714676447,20.183220462831,40.4381635351209,30.3833031566758,39.4378334238741,-29.8924864739727,2.04481902582457,1.87681498237999
70.415103599645,50.0397051549199,61.9903071270141,20.6664568273749,40.1863049917212,30.7244763030118,39.0738451592628,-29.8988406779101,2.0164858173544,1.84172618047176
70.2496172572157,49.5938401429625,60.9920508570695,21.1819150626858,39.8111754285669,30.9875044697199,38.7709194385596,-29.9032921932728,1.99205875320351,1.80099820392722
70.0721181525189,49.1399719215701,59.9214060118858,21.7421380712603,39.3860343657061,31.2541245654002,38.4475045290827,-29.9051032021811,1.96763646986183,1.75516196508566
69.8849802461227,48.6898042433554,58.801396277965,22.3404316306226,38.923549727203,31.5298502799182,38.0975420979847,-29.9044759245031,1.94334362487098,1.70456606093026
69.6915339182596,48.2527261147847,57.6549609632695,22.9696143652833,38.4309766724715,31.8116063564865,37.724980639581,-29.9014693684356,1.91952042621419,1.64912852398102
69.4947860699687,47.8340755882391,56.5008712435381,23.6240873005081,37.913838371574,32.0973311246415,37.3339296245319,-29.8958248656673,1.8963888521317,1.58858580858977
69.2967132736129,47.4349073129413,55.3509302019018,24.3008220185339,37.3759023262498,32.3879196738628,36.9255779313135,-29.8870570343078,1.8739814337567,1.52260960197882
69.0979887249901,47.0528952971119,54.2093057301692,24.9992292503982,36.8197543025086,32.6867724295883,36.4975594410873,-29.8746298515214,1.85215787109458,1.45086087551807
68.8982080682448,46.6839943281868,53.0741914008785,25.7200420204478,36.2475969766857,32.9980469621263,36.0452740782107,-29.8580724037694,1.8307270177056,1.37298892077436
68.6964708402466,46.3241316089038,51.940930232075,26.4638238333599,35.6618496393402,33.3243241684285,35.5642382459361,-29.8370143355182,1.80956135302034,1.2885839859556
68.4919704670373,45.9702161971201,50.8050180967047,27.2298721595567,35.0653182043498,33.664474860388,35.0521380594718,-29.8112195942971,1.78859991137663,1.19718590285738
68.2842532136692,45.6202792727793,49.6638291384235,28.0160156822733,34.4609305085799,34.0128831764372,34.5096669253158,-29.7806389143863,1.76780294060852,1.09842333579595
68.0730689612172,45.2730424787348,48.5168564005107,28.819273592653,33.8512093470686,34.3604686036798,33.9401810754192,-29.7454681845842,1.74714049554623,0.992191422568215
67.8580044381116,44.9273398830064,47.3649203659786,29.6369417507017,33.2375977139305,34.6967168420651,33.3488306433434,-29.7062044234359,1.7265947999438,0.878721889150013
67.6381078750725,44.5816884548788,46.2089524696216,30.4676755096859,32.6199626852278,35.0118882191972,32.7416653040423,-29.6636738709064,1.70614305471898,0.758537558769681
67.4116038618438,44.2340453366164,45.0488397958143,31.3122718220924,31.996646841287,35.299241313245,32.1246557686705,-29.6190077811186,1.68572103718673,0.632406396586077
67.175766898475,43.8817228593852,43.8827610171068,32.1738975110075,31.364940614072,35.5568536138411,31.5026848334359,-29.5735487991431,1.6651729244619,0.501339678375243
66.9270183763082,43.5215662110413,42.7073884043728,33.0576891347293,30.7217566868175,35.7879722360926,30.8790920626651,-29.5286973331341,1.64422206341667,0.366590226275062
66.6612408545031,43.1504474565884,41.5189780890445,33.9699244271779,30.0646045012237,35.9993914416256,30.2560082779421,-29.4857798798963,1.6225233995795,0.229648564891048
66.3742215578128,42.7659456348236,40.3148827174284,34.9170323018295,29.3928556168128,36.1986377922194,29.6350588708832,-29.445982448493,1.59980847039569,0.092182433100105
66.0621292445418,42.3670195368896,39.0948027353149,35.9045557576937,28.7087955305332,36.3914083345405,29.0179678816697,-29.4102403628057,1.5760473961626,-0.044247881927427
65.7219339298921,41.9544567052355,37.8611891486368,36.9361708204355,28.0177503052967,36.5804512220972,28.4066689848515,-29.3790228166956,1.55153871791568,-0.178631079108387
65.3516612947329,41.5308788992346,36.6185923190506,38.0130777265046,27.3270589827922,36.7660367930416,27.802917188846,-29.3521487532855,1.52690329345051,-0.310750655237938
64.9504468712094,41.1002161942634,35.3723526492452,39.1340536485305,26.6445023725668,36.9471320892897,27.2080581313307,-29.3287831964111,1.50299600973928,-0.441117178413263
64.5184860373454,40.6668146282688,34.1273915401825,40.29602035734,25.9771984035107,37.1224277769009,26.6232207512969,-29.307636827709,1.48075238332004,-0.570784563309484
64.0541543785609,40.2361820388047,32.85410434993,41.5040323204101,25.2431735197836,37.3155981099662,26.0608279742052,-29.2842724198335,1.46297434034341,-0.701346883657311
63.5680350012809,39.8059930617597,31.6538875976052,42.7256435101516,24.7061054477354,37.4562677284776,25.4855176989315,-29.2666550208708,1.44428737879562,-0.833800615629908
63.0528147708834,39.384679472957,30.403041283044,43.9902004451235,24.0373482656282,37.6338439758495,24.9550740768901,-29.2420970492068,1.4328491090946,-0.970550921703389
62.5219483789236,38.9627790175617,29.2248262109576,45.2577953497867,23.5633210674288,37.7666657034291,24.3890315080103,-29.2239586541397,1.419021944333,-1.11146877896011
61.9706755642111,38.5479678266569,28.0010842962919,46.5558009827843,22.9612150694601,37.9351892196593,23.8857428192521,-29.1997320419137,1.41119210874718,-1.25893028080004
61.4087188643349,38.1293571783868,26.8205289711042,47.8540242843752,22.4668877261288,38.0785697106656,23.3651565694803,-29.1812435947971,1.39966695296664,-1.41164416134642
60.8366944771732,37.7056899374475,25.6524558459591,49.156515822572,21.9895530865363,38.2125569029185,22.8584891361942,-29.1663468243307,1.38443746262024,-1.56978965059756
60.2562209390567,37.2727055817597,24.4971323936144,50.459710789268,21.5269201058692,38.3366262939142,22.3662748526165,-29.1561386201135,1.36278375588393,-1.73268310020778
59.668047007552,36.8257073256645,23.3546209060545,51.7606270890767,21.0769903220135,38.4515784982054,21.889568157251,-29.1512273075185,1.33213878949303,-1.89943191343155
59.0721288025397,36.3598998294851,22.225206632762,53.056242974328,20.6404639522414,38.5600913749541,21.4288517465672,-29.1516914487784,1.29039254884623,-2.06905938348937
58.4677408381732,35.8709365352139,21.109286296382,54.3432461536239,20.2195605500245,38.6651150370722,20.9851557245154,-29.1570525526307,1.23611556603517,-2.24068168909989
57.8538545449591,35.3555545401836,20.0072621720432,55.6178257557895,19.8162872126227,38.7682769898801,20.5612712146338,-29.1664513369689,1.16867786823048,-2.41376200745551
57.2298046198393,34.8123136456095,18.9195324072853,56.8752341284538,19.4309884706351,38.8698393873727,20.1616328117392,-29.1792032784641,1.08826471228964,-2.58829691515232
56.5958796023442,34.2424126077666,17.8468001472227,58.1094202631885,19.0624504403089,38.9695321639334,19.791438577355,-29.1954573225198,0.99587784110255,-2.76475592328815
55.9534278114364,33.6501537849356,16.7903504212557,59.3133834490833,18.7090907760454,39.0668401246315,19.4556887668675,-29.2163876376585,0.893374914333717,-2.94381650765552
55.304466676913,33.0426662086739,15.7518738090507,60.4802776916191,18.3696306084292,39.1605768593122,19.1580518247287,-29.2436724864966,0.783460181391731,-3.12604402795684
54.6511575059329,32.4289832441912,14.7330382221196,61.6045765760131,18.0430723039365,39.2485227864773,18.8999872972868,-29.2785708386883,0.669505089902915,-3.31162995593216
53.9954588396374,31.8188862829079,13.7351206990715,62.682776928896,17.7284162401087,39.3277640955372,18.680814299611,-29.3211809684157,0.555201263732786,-3.50029582777891
53.3390122604943,31.2219053774856,12.7587687186175,63.7136352014043,17.4240594928664,39.3957169264025,18.4983922956777,-29.3703015046351,0.444152030567352,-3.69138950361834
52.6832112069867,30.6466210899329,11.803982090222,64.6980113283888,17.1273706725626,39.4512795849337,18.3494623338621,-29.4238927629446,0.339498799591902,-3.88403979126142
52.029387405335,30.1001779798385,10.8703773590889,65.6383475380094,16.835096528514,39.495418994151,18.2294531410022,-29.4797653552916,0.24363582853485,-4.07721765755819
51.3790311217888,29.5879696981322,9.95756928472808,66.5379091690742,16.5442527419116,39.5307762556738,18.1323866310586,-29.5361445428406,0.158041337206393,-4.26971906282697
50.7339337856034,29.1136053941179,9.06540684912563,67.4000040012958,16.2527602028248,39.5605119832184,18.0516809946532,-29.5919406823454,0.0832398206089668,-4.46019082491577
50.0961557381199,28.679141548121,8.19397920067134,68.2274134413298,15.9595875986856,39.5873640287801,17.9817034096415,-29.6466916364368,0.0188642685361611,-4.64726199299872
49.4678904590407,28.285349491047,7.34351955114477,69.0221414479438,15.6646612700585,39.613612445144,17.9188412501441,-29.700383617003,-0.0362411734034477,-4.82975546125508
48.8513475209454,27.9318727190774,6.51431627140649,69.7854316825412,15.3690370953222,39.6414247912302,17.8616137757726,-29.7532851802625,-0.0838527729879125,-5.0068851849215
48.2486614089114,27.6173305763196,5.70668351255981,70.5179484123588,15.0756093303328,39.6729243979334,17.8103940586928,-29.8057014320998,-0.126075277465837,-5.17833681329045
47.6617989725447,27.3394167638963,4.92097792073931,71.2200177156094,14.7898605326568,39.7100632055636,17.7670325539819,-29.8575916176299,-0.164968125199553,-5.34425160059648
47.0924618523635,27.0950035987863,4.15745644949432,71.8919061867059,14.5192879625102,39.7546185467978,17.7343361394985,-29.9082103164562,-0.202213197526599,-5.50520844338211
46.5420430212359,26.8803035687987,3.41582829905447,72.5341491892179,14.2706216976223,39.8087508145641,17.7152933053989,-29.9561824995074,-0.238959223702478,-5.66217404382354
46.0116867088449,26.6910896123888,2.69485678629344,73.1477777297193,14.0468309684847,39.875763284408,17.7117602859301,-30.0000819856039,-0.275853762665863,-5.81627692812525
45.5023801754588,26.5229162746924,1.99263728158862,73.7342267447138,13.8472370642882,39.9594866845614,17.7230456418167,-30.0390260756621,-0.313137343372729,-5.9684168048199
45.0149931701661,26.3712761235699,1.30750074521656,74.2949892029857,13.6699496533963,40.0620858923229,17.7460824817888,-30.0729489315676,-0.350760701771578,-6.11894781808594
44.5502066487087,26.2316912770974,0.638742874686994,74.8313274008755,13.5129896747894,40.1822400103311,17.7776010492321,-30.1024936006605,-0.388549003111831,-6.26756771535239
44.1083022117733,26.0998677921811,-0.0132749068921013,75.3441989596861,13.3739672608788,40.3151504536052,17.8159207051372,-30.1285440840863,-0.426301405547607,-6.41333746124616
43.689019349637,25.9719757320417,-0.647401277854269,75.8342715804738,13.2504747581783,40.4539236066298,17.8607257373231,-30.1517757774137,-0.463736319883592,-6.55484767009559
43.291706979301,25.8449321654366,-1.26201732078222,76.301907970224,13.1410940518138,40.5909529707469,17.9120208899809,-30.1726337268728,-0.500407974334031,-6.69054637242336
42.9155880655896,25.7165898903683,-1.8553295247855,76.7471827874639,13.0458069182873,40.7186999780088,17.9695513715704,-30.1915579356571,-0.535747384384139,-6.81901105283884
42.5598878717664,25.5858419391584,-2.42568475988289,77.1699705348775,12.9656358906342,40.8302344850604,18.0326316363281,-30.2091150515002,-0.569203977992381,-6.93903719524469
42.2239083815852,25.4525867335342,-2.9719531182697,77.5700234074411,12.9019600750707,40.9199710070316,18.1000335055097,-30.2260369829709,-0.600354886185028,-7.04970753219152
41.9071137681049,25.3174941479175,-3.4939252620649,77.947030057442,12.8557952969402,40.9848038190419,18.1698732003625,-30.2431944548238,-0.628926868644101,-7.15059317273931
41.6090534108229,25.1817231388706,-3.99254510667384,78.3007643144646,12.8270207570021,41.0251906140684,18.2398001564579,-30.261402097321,-0.654797885270841,-7.24202837971145
41.3291103283366,25.0467598870336,-4.46984802752067,78.6313347469447,12.8137753229791,41.0452563491657,18.3076217034121,-30.281151285806,-0.678011436433804,-7.3253269823202
41.0663034204814,24.9142858632716,-4.92868334947837,78.9393649581678,12.8125517338516,41.0517253609442,18.3718984666227,-30.3025254927048,-0.698757895277254,-7.40272127443208
40.8192484259034,24.7859383985347,-5.37236537369589,79.225966553706,12.819133852761,41.0524498855127,18.4320656991157,-30.3253302063233,-0.71733336939684,-7.47682928849183
40.5862246725251,24.6630537920967,-5.80419537359483,79.4925489515258,12.8300334153597,41.0551671561364,18.4881582768877,-30.3492803705558,-0.734135834703477,-7.54998815931455
40.3652441714505,24.5465449388952,-6.22679341819106,79.7405905688162,12.8436670526546,41.0664543617425,18.5405804825194,-30.3741011184862,-0.749682449309211,-7.62386437977155
40.1540664530255,24.4368931464456,-6.64154407347165,79.9714610133582,12.8604050496395,41.0908217573374,18.5902473464358,-30.3995040696514,-0.76457999744537,-7.69920485705139
39.9502712823171,24.3341477034777,-7.04851213105444,80.1863610100966,12.8814853484227,41.1302725945726,18.6388629884706,-30.425161447978,-0.77942558319432,-7.77571625300049
39.708625320132,24.2533109526896,-7.50085482688269,80.428088309412,12.5417629847021,41.0264761590956,18.5006925947425,-30.423911491532,-0.801640322583209,-7.84526329640744
39.5116881475174,24.1630547930183,-7.87547426704894,80.6122389874079,12.5772439005249,41.047686244237,18.5310025333187,-30.4508940598792,-0.820739426356301,-7.91912379649715
39.3184492041343,24.0769550950573,-8.25500043827694,80.7866744408271,12.5814754955269,41.1081727862631,18.6102636275198,-30.4767202068946,-0.837247643501518,-7.99157017324467
39.1244341561956,23.9959195208065,-8.61805279423459,80.9501133995728,12.6116755353138,41.1884627503185,18.6910603683926,-30.5026636234336,-0.852709098175401,-8.05904718023467
38.9281805240935,23.9186617698245,-8.96748829064078,81.1062301741317,12.6373737678986,41.2804769693392,18.7790169881866,-30.5278504525072,-0.866762057041953,-8.12060103004194
38.7289632911588,23.8443805397682,-9.30107782372006,81.2560406829922,12.6618730349327,41.3805137050605,18.8715452950899,-30.5519669831631,-0.878678166502542,-8.17571882336684
38.527067143517,23.7719517596584,-9.61851150141733,81.4000046256382,12.6838206160077,41.4865194070326,18.9680856108128,-30.5745898191436,-0.887792893675684,-8.22469118098765
38.3235988894153,23.7005378943537,-9.91961929931087,81.537564527505,12.7047225800111,41.5969779047225,19.0665085947756,-30.5954009010568,-0.893568087938775,-8.26834809637107
38.1204037029599,23.6296951553962,-10.2047289644428,81.6675513531298,12.7257014805657,41.7104596297896,19.1644528798123,-30.6142388436474,-0.895579237398126,-8.30787251815988
37.9198223174671,23.5593799517069,-10.4744138300501,81.7885726726485,12.7475100541982,41.8256462372057,19.259374153781,-30.6311334191328,-0.893507699563906,-8.34455639797305
37.724333019119,23.4897932657906,-10.7293004747551,81.8994315199676,12.7703436786982,41.9414655784092,19.3487382300377,-30.6462836685269,-0.887197911001999,-8.3795342327581
37.5361940397531,23.421157184358,-10.9699088679387,81.9993465031362,12.7942735829464,42.0570297892981,19.4301708011809,-30.6599604628806,-0.876708359463673,-8.41357870082206
37.3572127966083,23.3534633423795,-11.1966575427343,82.0879450440224,12.8195993611879,42.1713633540615,19.5018005794717,-30.672355625934,-0.862310487776863,-8.44703736820242
37.1886380451481,23.2862983188164,-11.4099073913063,82.1651093328956,12.8469981962308,42.2830793799473,19.5626127840354,-30.6834796319456,-0.844468784346188,-8.4798892290845
37.0311510874599,23.2188558030184,-11.6099690984828,82.2307745951141,12.8774987247298,42.3901476870923,19.6125256246433,-30.6932251616228,-0.82381779558889,-8.51187455518837
36.8849422197118,23.150147955129,-11.7971302081659,82.2847406368634,12.9122287777718,42.4899471227359,19.6521923012044,-30.7015581277965,-0.801092786207275,-8.5426399418314
36.7498113451622,23.0792927548448,-11.9717662734905,82.3265669733518,12.9518572764772,42.5798471716358,19.6828754418361,-30.7086313403102,-0.777005138764542,-8.57183802996515
36.625229466921,23.0057233895562,-12.1345110009696,82.3556350579396,12.9959013242447,42.6581747259508,19.7064752228616,-30.7147508535605,-0.752140836505244,-8.5991649752577
36.5103726828818,22.9292402445413,-12.2863621558843,82.3713470420443,13.0424197141127,42.7249595662198,19.7253690452956,-30.7203099343863,-0.726951211091228,-8.62437428193269
36.4041651849749,22.8499041316917,-12.4286185134544,82.3732883774745,13.0884608688025,42.7820991963345,19.7419466958496,-30.725727372245,-0.701799563937903,-8.64729040933485
36.3053180464908,22.7678680345472,-12.5626459154993,82.3612571408314,13.131038076887,42.8329933563004,19.7580872782177,-30.7313676106883,-0.676988548472507,-8.66779462115542
36.2123703342793,22.6832803310664,-12.689562766272,82.3352703195426,13.1680121802508,42.881686925069,19.7747993996447,-30.7375033925085,-0.652765530739688,-8.68581046794799
36.123797374132,22.5962779054906,-12.8100275665629,82.2956439456111,13.1984163208729,42.9317193071157,19.7921505047373,-30.7443304900755,-0.629320581817999,-8.70137053288403
36.0381894036256,22.5069989805379,-12.9242835710617,82.243079117711,13.222217388931,42.9851807959273,19.8095575396856,-30.7519443719303,-0.606743719596076,-8.71473948687426
35.9544006715612,22.4156023054682,-13.0323956551422,82.1787093355027,13.2397186547634,43.0423536543466,19.8263401855668,-30.7602929929962,-0.584947767413722,-8.72646334609452
35.8715804924212,22.3223295511712,-13.1344589736202,82.1041471666515,13.2508833220873,43.1020072723702,19.8422049440067,-30.7692162933591,-0.563623311155284,-8.73728080471468
35.7890993600622,22.2275647025033,-13.2306673379489,82.0214959395065,13.2550382152851,43.1621106229534,19.8573434601624,-30.7785557063397,-0.542266568417135,-8.74797903286549
35.706459518042,22.1318117472825,-13.3212894520319,81.9332419635239,13.2513338612713,43.2205154157313,19.8721080706723,-30.7882123081927,-0.520268942202837,-8.75931599187646
35.6232461816387,22.0356403233849,-13.4066061634627,81.8419987299531,13.2397745939065,43.275351207767,19.8865260927181,-30.7981263442849,-0.497009738837527,-8.7719951176681
35.5391055802109,21.9396847757113,-13.4868658222529,81.750089045635,13.2220288673812,43.3252044179232,19.9001120349286,-30.8082418849251,-0.471897558302308,-8.78658188864622
35.4537539383864,21.8446688467619,-13.5623580796792,81.6590058293829,13.2012501102382,43.3692443611011,19.912347389162,-30.8184876734306,-0.444392704832303,-8.80337264255597
35.3670403239583,21.7513927356731,-13.6335783370779,81.5690248770624,13.1809388421658,43.4072612625948,19.923720677987,-30.8287761071946,-0.414070634913967,-8.8223224499326
35.2790169685604,21.6606653973628,-13.7012767446181,81.4792914203297,13.1638907229497,43.439503744221,19.9365329493913,-30.8390391535375,-0.380711424149288,-8.8430586895247
35.1899326711781,21.5731828641342,-13.7662791260049,81.3883309552583,13.1521750676822,43.4664907473475,19.9546452080966,-30.8492933500428,-0.344370448768587,-8.8649408923061
35.1001279501651,21.4893934114694,-13.8291934792007,81.2946585232951,13.1477771492242,43.4889903209076,19.9823736743904,-30.8596917254924,-0.305405341115013,-8.88713342320404
35.0098842416665,21.4094438488202,-13.8901450799424,81.1972834763498,13.153067675368,43.5079887107367,20.0233678468712,-30.8705442176691,-0.264429349784193,-8.90866694654268
34.9193039689839,21.3332229223242,-13.9486186175001,81.0960737786888,13.1707950763626,43.5243499001967,20.0800079739822,-30.8822899400751,-0.222187466252354,-8.9284949213236
34.8282796330144,21.260414400042,-14.0035001054409,80.9919281334702,13.2034652158649,43.5382689087782,20.1535120481431,-30.8953860326906,-0.179411912541152,-8.94558270968643
34.7365565481382,21.1905304197147,-14.0533564038131,80.8867014914104,13.2522074892112,43.549076579229,20.2445577318767,-30.9101495499987,-0.136729888480452,-8.95903562489592
34.6438574849614,21.1229552328852,-14.0967874367289,80.7829710180244,13.3159310185031,43.5556481561626,20.3539136641819,-30.9266645842294,-0.0946566436718252,-8.96822341026808
34.5500293127105,21.0570032068368,-14.1325968001061,80.6838007318439,13.3916780862662,43.5570187687521,20.4827056307309,-30.9447933019998,-0.0536361359382159,-8.97285591142637
34.4551601424539,20.9919831491199,-14.159769207742,80.5925675865926,13.475859990766,43.5527240962516,20.6322885182795,-30.9642126815557,-0.0140515919365253,-8.97298573301077
34.3596510491755,20.9272397220108,-14.1774822136198,80.5127990436674,13.5652844484885,43.5426698245342,20.8037784613831,-30.984417166444,0.0238249288016096,-8.96897213606104
34.2642711290455,20.8621526562754,-14.1852732456686,80.4479064165127,13.6577492826037,43.5266821630295,20.9970621163924,-31.0047194366067,0.0598953483429559,-8.96146908390587
34.1701858457077,20.7961624209619,-14.1833192311943,80.4006956829393,13.752452515108,43.5042817425287,21.2092606892867,-31.0242885228161,0.0942432403192273,-8.95141364364932
34.0789284567132,20.7288849654832,-14.1727337604051,80.3726663920713,13.8499390131603,43.4751037605768,21.4335867447405,-31.0422179749125,0.127061305987977,-8.93996683893802
33.9923133364145,20.6602496392181,-14.1556731345509,80.3633935381781,13.9513273136554,43.4395345679314,21.6600625361961,-31.0576048872673,0.158517794313839,-8.92842526720688
33.9122543076238,20.5905783154997,-14.1350986529124,80.3703930645834,14.0571990246379,43.398900462662,21.8780481530578,-31.0696272236151,0.188601992836352,-8.91810054427396
33.8404596848421,20.5205828512026,-14.1143988268444,80.389506314507,14.1666425434908,43.3554445258955,22.0786756471055,-31.07759787727,0.2169971658293,-8.9101545773304
33.7781252240594,20.4512216595623,-14.0971624490533,80.4154820966056,14.2765902029563,43.3125614817243,22.2559575711284,-31.0809563498327,0.243027264195953,-8.90545997513727
33.7257875374358,20.3834154746079,-14.0870304047366,80.4425588877563,14.3817810864462,43.2749718672809,22.4068927112535,-31.0792008053509,0.265699798633846,-8.90455588776087
33.6833391302229,20.3177892363735,-14.0873529593492,80.4650917522475,14.4758699821095,43.2482550735936,22.5310636464277,-31.0718427201978,0.283833564296364,-8.90766847877459
33.6501213013165,20.2545769804074,-14.1006402726468,80.4782059606213,14.5533947529076,43.2377023292741,22.6299978211501,-31.0584433929172,0.296231204600018,-8.91474169354489
33.6250655427829,20.1936931010037,-14.1281136515492,80.478305030565,14.6114585566706,43.2470442981769,22.7065645063004,-31.0386831719596,0.301842546497392,-8.92547921468472
33.6068867061781,20.134938949278,-14.1696338699708,80.4633252573367,14.6502087642326,43.2776751095555,22.7645344748498,-31.0124013971699,0.299885336533125,-8.93940420877962
33.5943146554708,20.0782886772538,-14.2239979018662,80.4327640987361,14.6721512609113,43.3285496841615,22.808195306407,-30.9796320386303,0.289920145651534,-8.9559330796183
33.5862873081261,20.0241666648922,-14.2893866294883,80.3875091487456,14.6810723682571,43.3965793786772,22.8417479496628,-30.9406562291146,0.271887439939324,-8.97446167204654
33.5819984562773,19.9736503373196,-14.3638081623251,80.3294949095276,14.6811100522396,43.4773340010702,22.8684343988564,-30.8960134427518,0.246115387237491,-8.99445344249155
33.580803479615,19.928550025632,-14.4455002661003,80.2613151220978,14.6760508070567,43.5658990261946,22.8897169225289,-30.8464306047705,0.213295957496129,-9.01552063438056
33.5820979527551,19.8912781297445,-14.5331389267415,80.185950846754,14.6692716512706,43.6576574460771,22.9046943798453,-30.7926955728402,0.174413425156172,-9.03749133579821
33.5852526368329,19.8644553624445,-14.6256683421005,80.1066643318246,14.6648458163564,43.7486356320759,22.9096328174833,-30.7355140466754,0.130617401251896,-9.06046775067944
33.5895841028858,19.8503959757666,-14.7218237876524,80.0269916244128,14.6694090277809,43.8350847421381,22.8976261554545,-30.6754015102632,0.0830638832426698,-9.08487398094941
33.5943038552819,19.8506969309635,-14.8196059066374,79.9507253572968,14.6935554587259,43.9123876066313,22.8587734235553,-30.6126594674034,0.0327582226439404,-9.11145021797503
33.5984591747915,19.8660176802188,-14.9159596884419,79.8817646077948,14.7518284663533,43.9739104903664,22.7812560897963,-30.5474085182268,-0.019588470515205,-9.14118919750682
33.6009271930274,19.8960716208119,-15.0068097783562,79.8237914754939,14.861268072853,44.0104637337053,22.653208079407,-30.4796203733406,-0.0736700652767408,-9.17527487696468
33.6004582711588,19.9398962244056,-15.0874419985495,79.7799373320403,15.0389942099599,44.0106004691704,22.4647247707529,-30.409150961447,-0.12960157466764,-9.21502201077375
33.5957034418146,19.9963710788287,-15.1531043568506,79.7526274451499,15.2996659008656,43.9613253894999,22.2093466226983,-30.3357884862601,-0.187787157366527,-9.26175022818465
33.5852012921909,20.064732330913,-15.1996682941401,79.7435970862962,15.6535145942317,43.848420758924,21.8850756893301,-30.2592892917073,-0.248682426698206,-9.31660207703757
33.5726101269439,20.1297163358361,-15.2470198150352,79.7561277356091,15.8998860874454,43.5730520636705,21.6222598131561,-30.1804984293899,-0.319455394997123,-9.38463664401884
33.5478181277384,20.2192942274058,-15.2553991991648,79.7874739692951,16.3738369894927,43.2439900099801,21.2305397194824,-30.0979935715376,-0.386708351436922,-9.45870239118394
33.5117816607808,20.3226273513361,-15.2385848236979,79.8389760929937,16.9369425112091,42.8058019551605,20.7979742500803,-30.0117728119301,-0.456442438828193,-9.54174085994695
33.4620941457116,20.4417246243328,-15.197326289034,79.9113515696513,17.5653506049114,42.2404169739297,20.3519195795525,-29.9219872571172,-0.5283670736303,-9.63304615822165
33.3958134343771,20.5818333174297,-15.1139031122053,79.9996422675661,18.302067271492,41.4787053242936,19.926458802597,-29.8288682679852,-0.602142596518692,-9.73140749359502
33.3096496044923,20.7437159535289,-15.0215237001807,80.1178998936309,19.0004260511856,40.628206267951,19.5360422869325,-29.7344931597587,-0.675949303242705,-9.83516325510779
33.1990807868885,20.9342962440053,-14.9049769595723,80.2647271011197,19.6982935843775,39.6573546213668,19.1970929459012,-29.6398040615328,-0.749065159711782,-9.94246237667348
33.0594104755971,21.158714871054,-14.7653203262164,80.4452512189157,20.3727301170653,38.5899424660087,18.9249792513729,-29.546176541123,-0.820365198618246,-10.051583338822
32.885726764702,21.4218199725202,-14.6040030666731,80.6649739618345,21.0078184574028,37.4647241290442,18.7250183041271,-29.4549001655395,-0.888823627018865,-10.1609852525156
32.6734188941491,21.7274212709559,-14.4224539657901,80.9288275112271,21.5949457123874,36.3290353697209,18.5958428216079,-29.3670798280421,-0.953762304791718,-10.2693049470975
32.4185505718086,22.0777195359191,-14.2215139442001,81.2404778290312,22.1327112990515,35.2313094964895,18.5311473553168,-29.2835062089874,-1.0150175188013,-10.3751287809444
32.1180291440861,22.4730264621765,-14.0012118968243,81.602063210732,22.6243171309133,34.2136379920478,18.5210068816516,-29.2045409593516,-1.07295120397634,-10.4768318245002
31.7696091552731,22.9117607260341,-13.7607148006764,82.0142384029449,23.0746800331904,33.306347883698,18.5527983501211,-29.1301201541276,-1.12828090187153,-10.5728696971855
31.3718512595266,23.3906279600599,-13.4983733895152,82.4763113612131,23.4889200367407,32.5254044462153,18.612281790894,-29.0598543115376,-1.18182972600283,-10.6624291014433
30.9240983266769,23.9049596317026,-13.2119562474603,82.9863058284102,23.8718865022884,31.8730467853023,18.6851235320643,-28.993128067009,-1.2343506991927,-10.7458453494775
30.4264158048292,24.4491585384836,-12.8989779431486,83.5409540470808,24.2280884101833,31.3412218821619,18.7586801768003,-28.9291986238427,-1.28649670682975,-10.8244699538667
29.8794385973474,25.017171248314,-12.556941265821,84.1358199286003,24.5617589251525,30.9158800517998,18.8236977171595,-28.8673295218079,-1.33888734529129,-10.9002027179143
29.2841843573239,25.6029327283182,-12.1835360992926,84.7656120846337,24.8770096063533,30.5804745972809,18.875367518101,-28.8069363937457,-1.3921833533472,-10.9750162051222
28.6419142895854,26.2006720278854,-11.7768310086209,85.4244986966997,25.1784718250034,30.3188533201071,18.913244428237,-28.7476654228894,-1.4471364766341,-11.0506228947591
27.9540546825103,26.8050255588148,-11.3353035945955,86.1063390839637,25.4723175347569,30.117829859054,18.940223587652,-28.6893778943912,-1.50462147905029,-11.1282794712886
27.2221991874578,27.4111203967538,-10.8577230927624,86.8048189119508,25.7671445537875,29.968720929308,18.9610191044903,-28.6321196668664,-1.56562628366033,-11.2087125713854
26.4481855694952,28.0147332982761,-10.3431072479272,87.5134048008965,26.074667607229,29.8672999758233,18.9804046468599,-28.576092814227,-1.63120180708798,-11.2921888248149
25.6341531081336,28.6124224622914,-9.79082199274627,88.2252059170951,26.4097667783392,29.8120551095168,19.001890041264,-28.5215493150461,-1.70242899111385,-11.3786989626727
24.7825106813393,29.2015535308561,-9.20071778621016,88.9329497486363,26.7895338830168,29.8011052734996,19.0275143884267,-28.4685964473473,-1.78042407320808,-11.4681478069543
23.8958365529171,29.7802397431656,-8.57321884467349,89.6291352365735,27.2318221158737,29.8289445309343,19.0585181456031,-28.4170214961233,-1.8663216025883,-11.5604654161824
22.9767814737024,30.3472733579587,-7.90939024377359,90.3063046367084,27.7534771803708,29.8842870988712,19.0962416177507,-28.3662667843775,-1.96115150306651,-11.6556498449701
22.0280515371347,30.9021125774787,-7.21105335374869,90.9573341187098,28.3683866958823,29.949573005103,19.1428571083533,-28.3155979746599,-2.06562293705218,-11.7538204122625
21.0524659520369,31.4448542264883,-6.48096436059817,91.5756348920965,29.0861705930682,30.0021432162701,19.201627982428,-28.2643546180382,-2.17996352444258,-11.8553290781014
20.052980451227,31.9761076371734,-5.72306355384398,92.1552386786104,29.9116720505105,30.0171089226527,19.2763640063149,-28.2121078440176,-2.30394548315463,-11.9608592058577
19.0325830941095,32.4968166744717,-4.94278629619506,92.6908488782798,30.844505568612,29.9718700277518,19.3700347284385,-28.1586640961032,-2.43706825164303,-12.0713967946149
17.9941001846861,33.008096162803,-4.14733177182744,93.1779312438803,31.8784673657095,29.8512139125586,19.4830445017333,-28.1039673963261,-2.5787569875066,-12.1880648870725
16.9400648723439,33.5110964201295,-3.34575971087859,93.612831432821,33.0011933088347,29.6507861796142,19.6119763322019,-28.0480256565016,-2.72842434345554,-12.3118485734309
15.8727650912513,34.006886268589,-2.54877570727491,93.9928421873519,34.1943837279069,29.3772382578141,19.7494486843888,-27.9909935031596,-2.88535162157354,-12.4432307120503
14.7944238991927,34.496314129502,-1.76812747056451,94.3161659867979,35.4349043839072,29.0453316660303,19.8852024955644,-27.9333306723735,-3.04858043859059,-12.5819518728437
13.707379327394,34.9798586292957,-1.01573018232624,94.5818305576984,36.6967761818924,28.6737036426338,20.0080309204664,-27.8758687603685,-3.21695734855544,-12.7270992927125
12.6141854867402,35.4575685318398,-0.302731143593122,94.7896547674283,37.9536646747335,28.2808940641738,20.1080302132761,-27.8197982232537,-3.38918189318885,-12.8773647082291
11.5176636974361,35.9291304990524,0.361233020196041,94.94025648914,39.1814940381582,27.8827051004036,20.1783565851719,-27.7666407148417,-3.56376947708904,-13.0312503758697
10.4210073686609,36.3939852822962,0.968381418843984,95.0349916990078,40.3607083270305,27.491423810718,20.2157603171955,-27.7182836416529,-3.7389795578883,-13.1872072191494
9.32795569427236,36.8514042261946,1.51278276451135,95.0757464842856,41.4775415081627,27.1164502739353,20.2202534978328,-27.677082459833,-3.91272569157802,-13.3437242440266
8.24290626210655,37.300510772119,1.99015361319878,95.0646396538136,42.5240604702772,26.7652779450847,20.1946306808454,-27.6457592857463,-4.08264644975334,-13.4993998616147
7.17085472510756,37.7402566048659,2.39757645123072,95.0037921877661,43.4973366744716,26.4440619978475,20.1439103809418,-27.6268736270829,-4.24656181952906,-13.6530644834844
6.11717171544901,38.1693444202519,2.73326463131951,94.8952733723231,44.398183635472,26.1576401509511,20.0745872529233,-27.622084437387,-4.40313424213865,-13.8039366364993
5.08730700860899,38.5861630027816,2.99649105335737,94.7411539745347,45.2297404764572,25.9093872380976,19.9940162479071,-27.6317451141961,-4.55219225437861,-13.9516605732785
4.08640788903902,38.9888409471004,3.18772136215148,94.5434825746846,45.9964104795357,25.7015945889977,19.910063288116,-27.655082284355,-4.69447067431682,-14.0961564494207
3.11873013544893,39.3753866318272,3.30888851955882,94.3041971754749,46.7033300301384,25.5363560284628,19.8303976756119,-27.6905277248682,-4.83118042883499,-14.2374183059674
2.1869882582888,39.7437862392662,3.36374742383934,94.0251803653254,47.3556357136875,25.4156823002543,19.7613993866958,-27.7358935552692,-4.96372584078968,-14.3753065230521
1.2920709955773,40.0920316020867,3.35820261982079,93.7084747910633,47.957485129615,25.3405540576224,19.7074943485961,-27.7887006803587,-5.09329007965252,-14.5092536102249
0.422085109497401,40.4139173419749,3.28981105077007,93.3578873300245,48.4429672611888,25.3887062625268,19.4512806817902,-27.8479706428374,-5.2204206799328,-14.6331637281249
-0.403996707136221,40.7165455342343,3.19008983086501,92.9741815742983,48.9556523090251,25.4065385147257,19.4073104053546,-27.9094199347827,-5.34381648161927,-14.754321207717
-1.1968940412291,40.9930008098532,3.05873703604103,92.561604026369,49.4198887328405,25.4486053219621,19.4138504907207,-27.9730744288476,-5.46249912652648,-14.8667381894387
-1.96049054438802,41.2417376133209,2.90551431904317,92.1245587189548,49.8355099586497,25.5204445214261,19.4458063856288,-28.0377907084308,-5.5746276806991,-14.9681236424626
-2.69769308450622,41.4614477035982,2.73973909342786,91.6678904842591,50.2032141376375,25.6193466477813,19.4998515703197,-28.10242425963,-5.67847633078693,-15.0570020432569
-3.41097532108762,41.6512311107155,2.56958687069216,91.1970009081444,50.5252025788457,25.7414290516693,19.5769118253277,-28.165965938294,-5.77243856029209,-15.1324942091798
-4.10231480079771,41.8106483122113,2.40205127325805,90.7178760748744,50.8054756260379,25.8819103630573,19.6802511809763,-28.2278392680691,-5.85490554198,-15.1941513268258
-4.77314720900265,41.9396052347041,2.24304585571534,90.2369774061102,51.0494416688265,26.0351674264667,19.8143551643478,-28.2879901355469,-5.92431978213614,-15.2418609972692
-5.42437734432642,42.0381200598913,2.09751455784038,89.7609177978273,51.2632582128489,26.195549306264,19.982998530452,-28.3465031139804,-5.97953660201086,-15.2760211833407
-6.05638235133322,42.106128514264,1.96957198905318,89.2959664517426,51.4527538986878,26.3580584393725,20.1877697350589,-28.4031471943961,-6.02015452869526,-15.297876283529
-6.66889874354908,42.1434494115429,1.86269670847976,88.8474499165692,51.6219794362527,26.5180499760904,20.4283057910595,-28.457491337816,-6.04639720374075,-15.3096492789205
-7.26080855199768,42.1499344022981,1.77976639356759,88.4191863423396,51.7722141320208,26.6705627005988,20.7032136805559,-28.5095019163624,-6.05863422471056,-15.3143085389472
-7.83002449460236,42.1257530804909,1.72266371889274,88.0131469483486,51.9022659388859,26.8103474733859,21.0100285957447,-28.5597843615957,-6.05710350604899,-15.3151558819919
-8.37362945727617,42.0717444149734,1.69155677494376,87.6294534801359,52.0100766479967,26.9327932851991,21.3440615903699,-28.6091776880507,-6.04202472905086,-15.3154205881789
-8.88825494096975,41.9897493738848,1.68435724368213,87.2667395085602,52.0947094202392,27.0348135872779,21.6975570554744,-28.6582689204505,-6.01375586064835,-15.3179430620813
-9.37056405369832,41.8828098615962,1.69677996567923,86.9227616588765,52.1574823095616,27.1146558784891,22.0606934396894,-28.7072145657485,-5.97282083350439,-15.3249873433961
-9.81766205699567,41.7551560689925,1.72296135982028,86.5949912083163,52.2015689214356,27.1710111547679,22.4240762255689,-28.7557814247525,-5.91993928206097,-15.3381405980199
-10.2273288267951,41.6119697443646,1.75634104593818,86.2810143718962,52.2304587621832,27.2025903047015,22.7808945069461,-28.8034608302496,-5.85617216024442,-15.3582523234116
-10.5980930212063,41.4589905082318,1.79062801471148,85.9788525236621,52.2465466199691,27.2084693111019,23.1275393987235,-28.8495963516551,-5.7831579686389,-15.3854025888282
-10.9292273390364,41.3021201984062,1.82075595436302,85.6874627622739,52.2509503532008,27.1887190575382,23.4626728744673,-28.8934912741831,-5.70329888797372,-15.4189004339518
-11.2194527929817,41.1473953092375,1.84321546001041,85.4082435945647,52.2442449906896,27.1444563550602,23.785218574734,-28.9343449249327,-5.61980986000971,-15.4573758345597
-11.4712016720438,41.0002603948077,1.85799801126936,85.1434633870282,52.2290401415125,27.08192092272,24.0902934264374,-28.9716625546066,-5.53651667281418,-15.4985164919428
