-0.528230674479787,0.347972796417024,8.18294967434022,10.630942799306,3.72708878554686,4.08682863623706,10.607538793032,-7.2360848080316,2.72377363487082,2.03329931816135
-0.527580847086038,0.347301014247894,8.22974720571867,11.2091034261904,3.52265068136657,3.80308931591107,10.8499804411339,-7.09439333867936,2.7873583783772,2.03222774519821
-0.5337037656903,0.35131283212758,8.36376839028133,11.8854471142464,3.34999962967853,3.4595962264629,11.1974255435095,-6.93875749346148,2.8506248108904,2.05966729017703
-0.543330475570294,0.357662482136226,8.51778348791077,12.8225385572816,3.15209269389841,3.01623379022793,11.5930879655338,-6.77707088442388,2.91665528443082,2.08574406407249
-0.55778787717886,0.36732560802476,8.62276508974367,13.1832853624068,3.12503020451616,2.92477847975432,11.7366711775741,-6.60278314764624,2.98571456623078,2.08541471640203
-0.571298833291044,0.37631356732568,8.73992950592574,13.5015999411418,3.12753453063742,2.87753357154539,11.8497207114236,-6.41605715889315,3.0561475808209,2.08321513115011
-0.577947141981698,0.380717565637163,8.83257862585639,13.7065936304712,3.16339034958487,2.90320439413779,11.9032039552099,-6.21485353811242,3.12564082765673,2.07783961697502
-0.579911007077359,0.381967789875088,8.90309178043078,13.8071954379505,3.21749824370225,2.9854872389419,11.9056653357583,-5.99908454194643,3.19177664947785,2.07177196278425
-0.580094490438943,0.38202387140372,8.95834186887396,13.8198015326516,3.27700130615495,3.10871598086917,11.8674662952701,-5.77132436963535,3.25286190261555,2.06566718719896
-0.578149281004226,0.380753657363592,8.99847361334573,13.7625011635876,3.33332377725052,3.26238866991836,11.7966917137291,-5.53626783756121,3.30849028543714,2.0573592939705
-0.573168054399544,0.377653645713313,9.01938215068734,13.6522374368429,3.38116801693141,3.43892270424697,11.698927351052,-5.29848007888752,3.35884734124943,2.04413745626986
-0.57133083599387,0.376393796683673,8.91407136839936,13.1852440896529,3.31403661439162,3.76092600627834,11.3393003527869,-5.08164327582245,3.40782776231567,1.96609648974645
-0.546982401715835,0.362221753758698,9.2240284760724,13.9274723029889,3.64867278593538,3.60093226400218,11.8815641987649,-4.78178062765119,3.43237629949018,2.10383656001495
-0.563508113706364,0.372081418987869,8.78906004831184,12.5905285902498,3.22484911749194,4.21791163310943,10.8717530367401,-4.63340848499936,3.48448356491637,1.86527832764508
-0.541894547116928,0.359946544927696,9.12244657788786,13.5761937293864,3.65742713219218,4.01637435139303,11.5711204134735,-4.3226425920834,3.49329626980069,2.0428606778781
-0.554772248290791,0.367659526003586,8.75158640600882,12.2101207354089,3.18297934330478,4.55807503367972,10.5406853837715,-4.19066713388689,3.5263527320078,1.80579592824691
-0.531831684838753,0.354075559450906,8.98703227084005,13.3215916808233,3.56641177824813,4.29627110291854,11.3099073564884,-3.88693708671663,3.51580717522945,2.01038710110026
-0.540943671661825,0.359405880964282,8.66780369931904,11.9215774359208,3.06897647647747,4.75897096826736,10.2655402030955,-3.77586590568993,3.52099717411462,1.78531685426609
-0.518497796755758,0.345383869972776,8.83766327217712,13.1615041035435,3.38962104076855,4.42433572574692,11.1040284667394,-3.48690667862605,3.49255680374218,2.01145426152262
-0.519137534688066,0.345234612097819,8.53370349928724,11.7261057627507,2.90745216663341,4.85837137570188,10.0290778503009,-3.40295343679879,3.47813952232315,1.77939316033158
-0.499152506389953,0.331860956308663,8.64897551941263,13.0753107895065,3.18143073303927,4.49687034245993,10.9068864045348,-3.1345774801107,3.4447240437519,2.00465659840981
-0.498713635485481,0.330745788375561,8.41564732171759,11.6035925977106,2.73582660448107,4.93415900919159,9.80124452332768,-3.07704710364599,3.41420096932375,1.76132599333821
-0.470088051786524,0.310645655803857,8.4653488483922,13.0563702505899,2.97381242559984,4.54876812561881,10.7219228736793,-2.82862057948333,3.37342697838422,1.99302353926224
-0.467724433498147,0.30792438641671,8.31000218767501,11.995448303633,2.64282914753342,4.85636113680112,9.90199496974773,-2.76765044424699,3.32654036511201,1.81558382943026
-0.454577194368564,0.297961549177567,8.26691951175501,12.2856355427143,2.65521931116507,4.84797720997899,9.99645583420039,-2.62256363261833,3.27756255909279,1.85177519231605
-0.441303426317473,0.288353591478303,8.22415596971262,12.3525619859835,2.59216725959884,4.87667058349527,9.92737136367568,-2.50459408579047,3.221634052442,1.84598503794351
-0.43652274799408,0.284707347083193,8.19770705536292,12.3899028379012,2.54057446718673,4.92505430760141,9.83217601300004,-2.39660410095047,3.15847299939226,1.8341084046556
-0.435088678471954,0.283616855995173,8.18119389418183,12.429704819097,2.49407539502144,4.96528765496494,9.73553127846629,-2.29656653420496,3.08647417267438,1.8219613049181
-0.434990808019499,0.283610882591193,8.17134312983589,12.4749874525908,2.45034258676314,4.99125115070313,9.64198307714813,-2.20425188741081,3.00608612434359,1.80989759197279
-0.43852149202606,0.286031310018721,8.17284078555348,12.5259948993068,2.40996405112547,5.00276794250124,9.55441231260613,-2.11956364495507,2.91838223881255,1.79792373992061
-0.43921893739911,0.286631407642895,8.1687306959809,12.5832044541548,2.37434006250936,4.99969957614982,9.4766765541819,-2.04217989226404,2.82390729869937,1.78690684069949
-0.436656384005371,0.285118095914525,8.16632281989809,12.6458981331356,2.34497798213903,4.98289540575892,9.41044653149696,-1.97153455175035,2.72305711100813,1.77716163617198
-0.432817722719453,0.282736838370838,8.16785384995779,12.7114343755426,2.32365081040593,4.95666905789935,9.35297207283606,-1.90686186262057,2.61694892897758,1.76728434909316
-0.427225041901447,0.279129893729177,8.17720805269221,12.7772339274223,2.3115026218628,4.92622716126354,9.30017528734275,-1.84728647596593,2.50725360627622,1.75529644985396
-0.419271221339632,0.273867862331842,8.16983606743223,12.8428015421498,2.30806664129799,4.89394694280609,9.25028727278106,-1.79188999625831,2.39564215043838,1.73997534729223
-0.410808816954886,0.26815673965975,8.16774895908756,12.9098135984712,2.3117486102394,4.85861433225819,9.2041162450853,-1.73974744094808,2.2833799876944,1.72097748822571
-0.405121726395058,0.264159522406901,8.20525156584396,12.980314968203,2.32136382537312,4.81753914442631,9.16312455857344,-1.68988949390851,2.17106732773078,1.69851899520192
-0.398035618720876,0.259210792699048,8.23989094129584,13.0547235409342,2.33700109202605,4.77114016644422,9.12703532355966,-1.64160547843947,2.05941538198326,1.6727251925787
-0.391169570686507,0.254398103296709,8.2812151235464,13.1311738948522,2.35905511279919,4.72503595344726,9.0927415453229,-1.59470589046674,1.95031012721842,1.64303410807461
-0.385537620868546,0.250391916843274,8.33177719832762,13.2052921301869,2.38689517827299,4.68619355517433,9.05531587519337,-1.54935846774796,1.84622996588133,1.60861842973234
-0.380785481558823,0.246968461754872,8.3819448355646,13.2707648634342,2.41907106942934,4.65873996844451,9.01009986383154,-1.50570795762766,1.74882070927047,1.56935438738161
-0.375768479507689,0.243594921407218,8.43692402908308,12.9725444515224,2.28441776062663,4.48742068705484,8.80447401900729,-1.48924846663813,1.64916197817754,1.48242113086213
-0.360876018781534,0.233295715362587,8.49625478085992,13.7076880609692,2.65128152324307,4.7749501200117,9.04990234199513,-1.39324894479645,1.57763583570254,1.53028817904583
-0.359590222393474,0.232428366885583,8.5629207357864,13.3873759328744,2.50622074852422,4.58322357100951,8.8437459986168,-1.38146691823475,1.48498125469294,1.44515460548517
-0.352103975382004,0.227380601038837,8.61647953930691,13.3683953829823,2.52080288568566,4.54829639500785,8.77362475427279,-1.34670409161146,1.40391317571882,1.40369220674976
-0.347527357574568,0.224239062192982,8.66271964302418,13.3430244592861,2.52370310611121,4.4935265401641,8.71154458782568,-1.31345155944747,1.32620555605491,1.36614975766592
-0.343829388741457,0.221705452461824,8.70537254367353,13.2984390065615,2.52271456237344,4.44492859358366,8.64502180642368,-1.28165477502045,1.254687679714,1.33000369621378
-0.338524515010942,0.218196597671937,8.73933563125892,13.236780668324,2.52268311501473,4.41702267767782,8.57052576563437,-1.25063254586521,1.19133620341247,1.29444196966918
-0.332080695813876,0.214039649895899,8.76942466607599,13.1615541090795,2.52574980372636,4.41692480560216,8.48662046775845,-1.21971236735546,1.13665842645078,1.25925929541973
-0.327141766371757,0.210928414418028,8.78163340155963,13.0769093516974,2.53047058759591,4.4392513271011,8.39490572687447,-1.18830042812511,1.08892384311911,1.22498907534943
-0.324226233575367,0.209122069698659,8.78158171181197,12.9874608787252,2.5343854156905,4.47290359159518,8.29830172433044,-1.1558430292257,1.04568940282087,1.19220257317848
-0.321036651905379,0.20706093277196,8.76662115410391,12.8982237969541,2.53723810795056,4.51236790205758,8.19954693110648,-1.12204421820239,1.00566086676868,1.16110482653608
-0.316408557032322,0.204001060999865,8.73602197852053,12.8138994650827,2.54130277884351,4.55988731052033,8.10103770634233,-1.08695361905139,0.968631208771381,1.13176154029246
-0.312155291294707,0.20118466906787,8.69772664654325,12.7412584826344,2.54963318048057,4.61928943416835,8.00642777214491,-1.05070157276361,0.934633344374855,1.1044895732775
-0.308432485028357,0.198761949797681,8.65740274600773,12.6937492805936,2.56521889350969,4.69261239906481,7.92286736147758,-1.01328575165645,0.904029779241181,1.08009941494402
-0.30611027287984,0.197296925727106,8.62594699738673,12.6902988975302,2.59063703142004,4.78051959372024,7.8609714000355,-0.974759625198554,0.877600200719052,1.05986919028143
-0.303358368423539,0.19558232382149,8.60163482202128,12.7453535545479,2.62643556472899,4.88080022479255,7.83064996218547,-0.935759378823118,0.855681023390669,1.04491300697054
-0.300988435252784,0.19411928393654,8.58550836554255,12.8554072148974,2.66944787105846,4.98730516095953,7.83270867375801,-0.897635441587796,0.837682631890176,1.03481083452878
-0.298289865240881,0.192424646920981,8.58095092979653,12.9967574868354,2.71263271287223,5.08838102062086,7.85581389219205,-0.862194122303034,0.822026208615749,1.02726162164997
-0.295040355616075,0.190331940188897,8.59045001092002,13.139973057077,2.74780813135163,5.16671263514588,7.88464892955781,-0.830757679793341,0.806174947733053,1.01971761881669
-0.291477835578508,0.187978873605461,8.59854188538833,13.265183846318,2.76981808520494,5.20690655641675,7.90878107132668,-0.803378167308458,0.78791160483217,1.010968856052
-0.287588891418216,0.18535080745498,8.59582666722429,13.3681111783458,2.77701078344598,5.20032266532846,7.92674524797812,-0.779150949199202,0.76656733276945,1.00147142282578
-0.259221866007929,0.166726240078989,8.57600783366822,13.4613916744215,2.8734866173464,5.37277380243937,7.88809537108626,-0.75373055039406,0.746777571075215,0.9949647558153
-0.276247742255235,0.177795940845434,8.64277738125981,13.5375197554073,2.63869028231116,4.79735314932209,8.02986181338006,-0.7457860550639,0.715542255833431,0.982233642993125
-0.259461125345089,0.166683733879848,8.63315349117878,13.6110659148173,2.72394355015781,4.92525919789948,7.99147239113861,-0.725816653017734,0.698707555162341,0.978061223661645
-0.258634196714456,0.166091956332074,8.67184019559302,13.7045714882906,2.71545189757556,4.83443593002974,8.01309236081665,-0.711162013991397,0.6808487715163,0.974819771115834
-0.26524636742532,0.170411518215673,8.72035119229188,13.8079579866501,2.69694758949935,4.72187523375848,8.04224154606259,-0.698886982182778,0.665709784236918,0.972602733644785
-0.268403388084457,0.172591433509626,8.78736904011473,13.9274634419618,2.67383036056563,4.60164991553735,8.07749627340801,-0.688048161748108,0.652186127432603,0.971457981891549
-0.261069931975596,0.168195145738586,8.77246054900723,14.3359721113681,2.55580367985625,4.19745419147993,8.2581108897564,-0.677952262818793,0.628170629529807,0.984466567102287
-0.264696509220955,0.170628118475587,9.15103169904111,13.9258198493326,2.72487262201167,4.67190012664747,8.01240394122898,-0.665813748600832,0.633607717392888,0.959341232290436
-0.282560939829634,0.1825737487323,9.07597578732523,14.3222320890474,2.52020027031691,4.0926014312092,8.23562922418696,-0.659912424826368,0.605755988003717,0.969286243322509
-0.2822744858563,0.18237738369179,9.24695344992531,14.0006876055666,2.60194019431573,4.38742393100125,8.05053877953886,-0.649862904956739,0.610676867470573,0.944478119813971
-0.280268851394398,0.181994380066815,9.11340636113189,14.6353875044244,2.42087988391309,3.78322279418027,8.34178717835079,-0.639370415327924,0.575718188621835,0.966323238255153
-0.293319014288042,0.190459208641167,9.27095807476121,14.3228069165269,2.4364666189682,3.92324959188705,8.20546424187037,-0.631730746174544,0.574012606285992,0.940652333980486
-0.293560020887856,0.190870174802718,9.29551735109122,14.2076409903873,2.41386075767335,3.93399417021886,8.15054090897489,-0.625187634618194,0.56733393137456,0.92229892569472
-0.291747541410968,0.189910083466057,9.29240662260949,14.0789870379766,2.39837539974461,3.96812518873502,8.09414879873732,-0.619771763164439,0.562052219604315,0.902703796255421
-0.28775266353895,0.187501334614811,9.2614149601869,13.9375545854459,2.39562626465297,4.03499182853728,8.03466972354916,-0.61558084696536,0.558914605486341,0.88188826017067
-0.282336913443029,0.18413176360166,9.21136513673923,13.7962573048216,2.40364725105655,4.12011151506221,7.97865116900773,-0.612135740916086,0.557078900891577,0.861125456304582
-0.277006340962767,0.180765709628888,9.15492696048432,13.6710063813951,2.41673895379017,4.1993010364385,7.93444414158244,-0.608709526115389,0.555006514970973,0.842060767290647
-0.272728039597603,0.178023849655055,9.10334381982014,13.5753345259805,2.42906179102996,4.25101452389427,7.90804005984057,-0.604844607585016,0.551265363133876,0.825867460064034
-0.245944436377693,0.16041077990175,8.85425345136466,13.8749574532119,2.31432554284453,3.83485195099337,8.09151136631263,-0.605607984057374,0.520789650883344,0.827355567281632
-0.269342985279707,0.175807633982248,9.27560053687005,13.1382960550389,2.61427462147235,4.79525250470691,7.6865828738916,-0.585613331353745,0.556018503855773,0.793906800724812
-0.258903460215318,0.168911721113361,9.11452825720407,13.5188322922645,2.38369250692063,4.07619783123213,7.96552048405209,-0.589930275696938,0.524573257020251,0.797751643478496
-0.247607172095663,0.161410363533053,9.05232049787935,13.5027218210868,2.4713233124567,4.26024209525344,7.9098389349234,-0.583040347154187,0.52665974012546,0.788137502133339
-0.245664949845575,0.159967375999345,9.06466711858821,13.5723939693712,2.46153969664988,4.18877946029562,7.94604427830202,-0.578096970799154,0.525694853083758,0.782202529800567
-0.244520869925099,0.159034227504669,9.06093886840105,13.6245421664354,2.48754230688507,4.22457414256018,7.94809994363023,-0.573383839015861,0.532794957571104,0.774932880774149
-0.245371978133933,0.159395952925546,9.06026545734391,13.68910337863,2.50674193799351,4.245252271547,7.96097593699601,-0.569078285760519,0.542112190744841,0.769007422390815
-0.247390456594163,0.160540409639634,9.0562676705064,13.7630385935764,2.53042636916884,4.27132609413202,7.98243436932328,-0.563501181205431,0.552236505416062,0.765918747558358
-0.249287125048408,0.161643381134369,9.06647313206958,13.8539270497458,2.553121563049,4.27717897565941,8.02682431760816,-0.554941696104386,0.56011843571269,0.768109539584781
-0.250991819318143,0.162664489380507,9.09205853284973,13.963372552927,2.57581277466524,4.26094183850774,8.09923216649215,-0.542342384145733,0.564810045304501,0.777230391248692
-0.253385995172314,0.164178529597351,9.12940127533189,14.0901280715621,2.59964450960834,4.22981586158058,8.19915030433415,-0.526156494341935,0.567259096986018,0.793513154256789
-0.256890522628002,0.166457585763638,9.17414857023247,14.2307130289874,2.62656471429163,4.1978385057423,8.32096035433973,-0.508252454013273,0.569172203448934,0.815599470280234
-0.260810040244363,0.169042981413176,9.22689936446011,14.3808503636688,2.65730077188258,4.17520103640538,8.45739668530036,-0.491348888569921,0.571534237588279,0.841046732720575
-0.264898667475656,0.171763074002543,9.28353854435433,14.535128815949,2.6916862967102,4.16856753171231,8.5999676445466,-0.478451541336443,0.574813941982256,0.866832692970628
-0.269134195767074,0.174594455435081,9.34096342186153,14.6878454455209,2.73021802806644,4.18759364704019,8.73855515199184,-0.472398253663372,0.580277615508366,0.889760127234968
-0.273626409328421,0.177605027289249,9.39880860385438,14.8381231438839,2.77405030996395,4.24345328378512,8.86476590454611,-0.475444718020604,0.590111793858739,0.907183158819185
-0.27821163193441,0.180685625289597,9.45719653536295,14.9962391017284,2.82279852897894,4.33758244232726,8.97814300489085,-0.488976239637453,0.606052313972152,0.917859114408838
-0.282474401504989,0.183557493378025,9.51446030578288,15.1783223084455,2.87444758478401,4.46141464872968,9.08435398574625,-0.513363705038233,0.628901368767381,0.921756262922014
-0.285910194055485,0.185876740118572,9.57338141829002,15.3880000993746,2.92655378295938,4.60431287128207,9.18517749623368,-0.547755362612249,0.658200626705634,0.918822777927031
-0.286401212332137,0.186247682022044,9.65570555368002,15.6057742637465,2.97410449694242,4.7461852539395,9.2753134955347,-0.589848232127802,0.690055016503842,0.908489394574227
-0.287080108054175,0.186670700185885,9.7433948698073,15.8005363455743,3.0096890748649,4.85751982021284,9.34668238756532,-0.636385754839657,0.718221141183119,0.890406179360812
-0.289623110235942,0.18822547302464,9.83342926199717,15.9481213031711,3.03027174512872,4.92681213269366,9.38903256814707,-0.68421930169201,0.74005524685385,0.864961586966598
-0.295333011414184,0.191776041824209,9.91711362500139,16.0385891888213,3.04002588050236,4.97094068006685,9.39121698253858,-0.730799914761958,0.758253368738326,0.83319217440466
-0.299999027363543,0.194623589322103,9.98678731904045,16.0728649022592,3.04478666125969,5.01176450299623,9.34750665644684,-0.774146752665567,0.776456517405554,0.796726838070318
-0.307833952580712,0.199505949429136,10.0482604929082,16.0567680434195,3.04712012402288,5.05756121176297,9.26040680461671,-0.812657874306712,0.796089052749467,0.757713353526459
-0.31254716436225,0.20235112507731,10.0936190613365,15.9982726285933,3.04670576156479,5.10577171305907,9.13725953345173,-0.845026578244505,0.8169403218335,0.718421118230783
-0.316791591515291,0.204880850656947,10.1230537145177,15.9064586876754,3.04257435113731,5.15047631899764,8.98602319905233,-0.870313642488163,0.838280370910109,0.680709391255901
-0.321186469151334,0.20752349586638,10.1366552529597,15.7890694555759,3.03396030574501,5.18319870967941,8.81407209025374,-0.887919383343846,0.85866513863601,0.645880046719134
-0.32473062114735,0.209666460023017,10.1332436205739,15.6513495559214,3.02067003622043,5.19594261986704,8.62875859667097,-0.89772015095471,0.876347711846527,0.614802345347021
-0.327497656274724,0.211373066822358,10.1152683296843,15.4972580817227,3.00387516932204,5.18886232477733,8.43648207363819,-0.900350848981188,0.890770207282935,0.587845317236678
-0.329113358430213,0.212393838133172,10.0844871786539,15.3302127059034,2.98582728086636,5.17023681317832,8.24075783091208,-0.89700081966177,0.902794176959897,0.564778270706437
-0.396277571302503,0.257509611594602,10.6655550792325,13.8851678245577,2.49940848326091,4.34514654298619,7.69986375257613,-0.968234092531494,0.815389620944081,0.448159517776301
-0.237424835560041,0.151465560830676,9.41604438485676,16.1363194677644,3.38615155650966,5.85696687836291,8.15269328236494,-0.797372724947561,1.00249603212851,0.636810972042408
-0.320828416803625,0.207434206844782,9.90999633881307,14.7148447505832,3.03303709681179,5.44395682142368,7.48874418160102,-0.863117509765698,0.931737694580849,0.517754121197536
-0.319229901880246,0.205982124082575,9.79855191030872,14.5990411872356,2.87093637758553,4.88480163773307,7.55932319373844,-0.82648820679276,0.933240694392331,0.535746157222453
-0.308951566054057,0.199795350253844,9.74353180285052,14.3547621520991,2.93896603715014,5.14137064844585,7.21667647692928,-0.820162239661836,0.940293281175535,0.506993876902563
-0.298601478557843,0.193284614990605,9.66062957592016,14.1612824494705,2.93769381792995,5.13343733784024,7.0173598317439,-0.801800239138843,0.943343214687958,0.495490900361166
-0.289790942381077,0.187762844069274,9.58975371110371,13.9778901812915,2.93732442558514,5.11246650846897,6.83198296855951,-0.783201138267741,0.943277861086668,0.485834503805893
-0.28407525567102,0.184216699935628,9.53466477359178,13.8073166073954,2.93747192966867,5.07527330244806,6.66596810934991,-0.764803691700176,0.939593498182292,0.478392398878659
-0.281846682265873,0.182898859874086,9.49218410532828,13.642083285989,2.9398463017741,5.03097428918704,6.51814361183774,-0.747105220096445,0.931973489800017,0.472624109821592
-0.282626228216962,0.183513639391617,9.46014943950765,13.4770236640048,2.94470837612547,4.9786793740159,6.38892817344346,-0.730396085917736,0.919102325860088,0.468199705985167
-0.285306823213313,0.185358614761704,9.43037142950256,13.3179756575072,2.95181939199675,4.91466040525145,6.2789453857152,-0.715063089533331,0.901420309775582,0.464856393593987
-0.288098077774157,0.187278308876169,9.4102122845695,13.1767810944631,2.96196832898334,4.84792364231346,6.18480549090247,-0.701838839569311,0.882650251381846,0.461859993492397
-0.289749558989828,0.188453000845349,9.39596078519181,13.0585963423299,2.97600034363802,4.78842359039001,6.10296493574848,-0.690937563839548,0.865657377053223,0.458608411814871
-0.289473727148593,0.188360969953963,9.38586934751989,12.9578526053842,2.9941852182117,4.73456745534862,6.03278455072411,-0.681475751372158,0.849878110099789,0.455051700455058
-0.287275453177599,0.187000986540128,9.37638979343189,12.8640131654814,3.0167378798012,4.68589387851127,5.97167510430007,-0.672281874597773,0.834320199157661,0.451045307290076
-0.283473714567121,0.184589524956827,9.36693528205657,12.7703428011455,3.04374495532851,4.65132012913884,5.91425434766796,-0.662961189400967,0.81988086432188,0.446199023678454
-0.277971558829366,0.181080732894674,9.35256992439699,12.6778755134174,3.07498584771485,4.63581566272939,5.8590429060459,-0.653766888522723,0.807421090787202,0.440694619475987
-0.271199094369695,0.176764256374155,9.33469537822383,12.5912222356522,3.11037064510716,4.63123273622876,5.8103707284686,-0.644853216879552,0.795791524504854,0.435577940820777
-0.262869078162562,0.17145376549946,9.31497146605393,12.5146219363626,3.1502722276515,4.62587371961461,5.77342158885038,-0.636344477429088,0.78321560985277,0.432000568682374
-0.253106282637432,0.165217954735686,9.29501728064226,12.4507576248424,3.19523550823623,4.61419742770773,5.75069651278361,-0.628372006055952,0.769050892239211,0.430619630795787
-0.242837427169137,0.15864091953919,9.27799760585003,12.4007716940426,3.24545893932607,4.5949916402993,5.74206716442987,-0.620562117348943,0.753666337313391,0.431698661657938
-0.232927171892826,0.152275596696579,9.27207124556416,12.3646311842815,3.30046230044259,4.56752235056898,5.74579550332719,-0.612390720970644,0.737675747480812,0.435146307229255
-0.223790590329991,0.146395092592515,9.28693795181189,12.3387766419421,3.35908888977148,4.5320868286163,5.75877500783364,-0.60393084010252,0.721267148156163,0.440250027950313
-0.216048590621184,0.14140460719081,9.31153689226843,12.3173060286304,3.41979595191847,4.49031593835615,5.7774388713215,-0.595837146758287,0.704375816522141,0.445704038098565
-0.209630740952653,0.137252339809672,9.34439566721871,12.2979616044193,3.48119592060288,4.44196409075682,5.79996183339689,-0.589006145730823,0.687338654780743,0.450176225028784
-0.204318904636619,0.133777669074586,9.38613964382008,12.2842456842936,3.54289853467166,4.38620058474812,5.82603415503051,-0.58429123989277,0.671134247837864,0.452842951242686
-0.199951588271306,0.130854889118633,9.43629711468372,12.2836909269131,3.60547506683622,4.33000563380388,5.85345600346151,-0.582352900106726,0.65794132949937,0.453335359915345
-0.196335779777696,0.128356820556976,9.49323162832573,12.3026052981311,3.66909433495227,4.28606715679879,5.87809428537162,-0.583521757725651,0.650224035170054,0.451610058340053
-0.193436653431034,0.126283566630011,9.55315202075999,12.3401656066773,3.73320473993156,4.26033259885541,5.89842312759807,-0.587579349713352,0.648137378640725,0.448183496965198
-0.190838885176218,0.124394858139712,9.61530734097984,12.3907385589343,3.79766805512148,4.25125801010224,5.91605971905163,-0.593859641104834,0.64976350915139,0.443990770334097
-0.187655936996146,0.122129590289798,9.676273623236,12.448108830996,3.86275247687636,4.25621078365631,5.93198471504857,-0.601544639877876,0.653217212368415,0.439694142987105
-0.183585313720904,0.119291854162336,9.73228678681629,12.5046318185559,3.92807051453774,4.27183854168685,5.94589211379086,-0.609762640769128,0.657050040494683,0.435390764123571
-0.179063909414827,0.116171179180195,9.78668478410229,12.5533757171527,3.99264432284913,4.2945628979002,5.95779511905193,-0.617692178385005,0.660376080329972,0.43096295160423
-0.175467302878696,0.1136748080173,9.85297565885404,12.5907246535687,4.05512934670991,4.32066934412846,5.96836322228965,-0.624825110711784,0.662883043356718,0.426394125119159
-0.171801717755778,0.111174974344687,9.91800473864914,12.6139276706728,4.11348959912256,4.34102230102306,5.97946127443077,-0.631032271771431,0.663731052194002,0.421900926324418
-0.169186260568973,0.109398014878644,9.99227761431604,12.6219834268424,4.16635664960375,4.34128172128397,5.99437340777526,-0.636205324571282,0.661489323985694,0.418046800672692
-0.16756784958069,0.108311121161701,10.0692693161967,12.6176298282274,4.21439642648561,4.312616941475,6.01530570318203,-0.639973617265067,0.655364032482613,0.41546845149213
-0.167190019333526,0.108074979270888,10.1457458581663,12.6047895302448,4.25949908543281,4.25846626653051,6.04121835590469,-0.641876940001751,0.645625688444996,0.414435587032327
-0.168400527863085,0.108909712868421,10.2216010261519,12.5887643298329,4.3042888795996,4.19124557611454,6.06998876004986,-0.64161192540065,0.633468524666657,0.415068058840682
-0.17116052541296,0.110773537586844,10.2967264709642,12.5774128017047,4.35188454800012,4.1272098904556,6.1016626673214,-0.639148032220157,0.620815612433965,0.417740005212334
-0.175177078566161,0.113457172684462,10.3711611441181,12.5766138736052,4.40427962603425,4.08091614639762,6.13818183519348,-0.634945246196323,0.609248269521543,0.422720797160593
-0.180583745248778,0.117026688470356,10.4426409514717,12.5870118572115,4.46183921723772,4.05708554714642,6.18199761859792,-0.630056587190394,0.598685495373313,0.429733178997269
-0.185799825408297,0.120430482596314,10.5135659426966,12.6090256000006,4.52552006759235,4.04771100025586,6.2364504195309,-0.625695201238168,0.587734109240023,0.438265579404179
-0.189466028631665,0.122743447648208,10.5805736410889,12.6475657034321,4.59808285439916,4.04180559999571,6.3052259729064,-0.622804267406688,0.57548846513263,0.447917756179863
-0.191699969139236,0.123983070480563,10.6432029143346,12.7088610649516,4.68204432395446,4.03865991888946,6.39005793743206,-0.622036714410861,0.562694713986254,0.458295516381388
-0.191272612498,0.123331874423369,10.6955511284578,12.7979052942993,4.77853246207296,4.04845712382803,6.49076693121016,-0.623779900240002,0.551340542301179,0.469113143444061
-0.188545196220528,0.121101057172539,10.7494223200917,12.9191404725328,4.88845110999584,4.08004886896621,6.60809325895118,-0.628100716920876,0.54296550710424,0.480554307930396
-0.183737512125216,0.117581163845722,10.8023344825666,13.0729250743093,5.01215538219067,4.13275202145794,6.74409481440019,-0.634788888140125,0.537129507051434,0.493136775719568
-0.179859698419436,0.114807592928705,10.8581240998278,13.2528390801945,5.14830489047067,4.20031858131648,6.89976345030979,-0.643394751685171,0.531768050935557,0.507327110009735
-0.177444182713975,0.11309015859342,10.924774391167,13.4501749139389,5.29474891370986,4.28018303611815,7.07291371842526,-0.653064287388743,0.525406942485491,0.523525509020516
-0.176092640066714,0.112055451142257,11.0097600560223,13.6573894188978,5.44955145222949,4.37668179454105,7.25617253693459,-0.662378594936399,0.518735879769543,0.541906293838235
-0.175116319412433,0.111185577707561,11.114265041342,13.8652040081897,5.61005568112781,4.48960842592397,7.43845368868142,-0.66991376541152,0.512746407199244,0.562083425673285
-0.175579702689947,0.111212225725069,11.230465246783,14.0624090702973,5.77239820740752,4.60458121726271,7.61104297612142,-0.67492934101498,0.506424903928557,0.583255433960859
-0.175513709964011,0.110941237725757,11.3461856116229,14.2430697299883,5.93368158746634,4.70478442651937,7.77137242588959,-0.677624352880764,0.498493329197662,0.604586704097023
-0.17508804615451,0.110511707068128,11.4581916691683,14.4094211674371,6.09340916284384,4.78478642311972,7.92148583371263,-0.678557835735509,0.489669490614376,0.625485935707143
-0.174651859779732,0.110145312811044,11.5673666143357,14.5654291432122,6.25175285488168,4.8452241517052,8.06466702192234,-0.678162291644627,0.481357695387626,0.645876543045571
-0.17478541390017,0.110197039203809,11.6753913780976,14.7103572593615,6.4073633686589,4.88458995078238,8.20218865667591,-0.676394936800566,0.473951789191779,0.66607159130884
-0.174971751005234,0.110300363340051,11.7776447910375,14.8360579236881,6.55598547728488,4.90799454958278,8.33043875874835,-0.672974606428972,0.467855443560128,0.685954194283571
-0.173923561207494,0.10959041544579,11.8682704005068,14.9304467875201,6.69172908858334,4.93516415710353,8.44318459155565,-0.6679452453749,0.464525489915503,0.704750121891365
-0.170864277150243,0.107544978041761,11.9466618526083,14.9869922027383,6.81149234074772,4.98603262611629,8.53775133292359,-0.661505452049989,0.465099692220131,0.721888580069464
-0.165277268653578,0.103826642306984,12.0085435792488,15.0081859715735,6.91653742026966,5.06142228095565,8.6151735976499,-0.65419770154508,0.468674956713623,0.737256227545242
-0.157460417764547,0.0986215317808795,12.05158902182,15.0016826857574,7.01077953758554,5.14087525091577,8.67735579828484,-0.64672698499168,0.471938836994808,0.750943976742018
-0.147907734951538,0.0922310628415779,12.0750734308082,14.9782775947127,7.10025176359544,5.19829097255848,8.72798401082209,-0.639389815034043,0.47050988713096,0.763365509709746
-0.138164789961894,0.0856393382217726,12.1080140340522,14.9494246578975,7.19150789527274,5.22207112256278,8.77179749616697,-0.631992995807442,0.461455419678379,0.774847453612596
-0.127774189916232,0.0785759206738894,12.129905823901,14.9225005329686,7.28821450436036,5.21896738891266,8.81172899982336,-0.624391559647357,0.444330834196504,0.784987181137648
-0.118763185710065,0.0723832375695925,12.1443990865387,14.9002388991888,7.39040676906853,5.20124829602372,8.849246118049,-0.616849597346806,0.420310834425077,0.792881241551667
-0.108509260755413,0.0653988960620981,12.1529886966973,14.8839437892923,7.49644732811799,5.17679518874828,8.88615086474728,-0.609944659095642,0.391419208223842,0.797834331943543
-0.0942249906485473,0.0558455489890098,12.1712007306387,14.8738491332177,7.60392595507724,5.14941371260676,8.92406611050337,-0.604126865602368,0.360161975352666,0.799755880794518
-0.0803690687755346,0.0466302654675201,12.1972768245668,14.8678691784447,7.70968685154857,5.12272752909954,8.963315438588,-0.599372691768193,0.329203565609433,0.799187066696806
-0.070065038967133,0.0397864503884591,12.2332239262785,14.8645555221516,7.81153250284973,5.10165068131913,9.00428371881814,-0.595493001422079,0.301024695597395,0.797269630285854
-0.0610189875186353,0.0338266285366034,12.2917844213152,14.8649800636683,7.90911708590879,5.09031000727356,9.04818020766511,-0.592731814636596,0.277271269445982,0.795395438523653
-0.0523221631330688,0.0281533576836897,12.3622080304314,14.868825814153,8.00202750084714,5.08868111238246,9.09446685613415,-0.591669743820011,0.258310677029466,0.794429958736868
-0.0448679100562092,0.0233147921030608,12.4397215346213,14.8727713400669,8.08907459583125,5.09154671165626,9.13941355600924,-0.592800113304523,0.243655839931908,0.794309231313085
-0.0377507406309877,0.0186783019873535,12.519845615661,14.8725347239749,8.16918083089411,5.09115016065485,9.17744787512883,-0.596417147524661,0.23247771766522,0.794271940041661
-0.0346880820963062,0.0165928873416801,12.6147505549241,14.8634007009622,8.24125944621126,5.08231509523504,9.20290388804218,-0.602653434836828,0.223640269465396,0.79336567253669
-0.0328975895323984,0.0152436618184959,12.710868766834,14.8420887278862,8.30495091160543,5.06731920832641,9.21288414240623,-0.611389049056385,0.215984942122764,0.791142399945571
-0.0295688280197537,0.0128205985830738,12.7948605937505,14.810084003303,8.36220432163785,5.05352984261338,9.20969668838436,-0.62213322530528,0.208706248156824,0.788082576607445
-0.0263468410408016,0.0104047727653885,12.8638103710519,14.7731890103294,8.41667705038491,5.04356491424024,9.1992246071351,-0.63424984613606,0.201051409750519,0.785288481429972
-0.0191438498347365,0.00538829607615982,12.9174439870697,14.737896851093,8.47178435658952,5.03161049463756,9.18743429927152,-0.647089056552491,0.19201025880105,0.783908853145174
-0.0167396913202054,0.00348147931695003,12.9612256133414,14.7085573672883,8.52977487189418,5.01185320385619,9.17911977650843,-0.659919315722165,0.180808587275693,0.784891940328918
-0.0146586184168788,0.00182176712893795,13.0068091152031,14.6868365567677,8.59189205034644,4.98728163851953,9.178579211017,-0.671846166166389,0.167563169483876,0.789086181800574
-0.0137997615218213,0.00100837719519797,13.0541101720522,14.673376820201,8.65910795499009,4.96702259525214,9.18989293358107,-0.681875246720783,0.153035689498323,0.797334962464241
-0.0143064484860977,0.00113749132139662,13.0997070700134,14.6705872936938,8.73313075455369,4.95624922685021,9.21626991224145,-0.689149987155625,0.13774969326788,0.810359342923892
-0.0155008020017324,0.00177120136465653,13.1355293115662,14.6829457178996,8.81645644176882,4.95205526716817,9.25903809368245,-0.693101904880477,0.121703697170012,0.82852489509065
-0.0159318790180042,0.00197250374150426,13.1515103915399,14.7128305590855,8.91074473194432,4.9473121304591,9.3161564138174,-0.693271219878701,0.10467206210141,0.851573219973754
-0.0149162952117298,0.00128479303714385,13.1573319642558,14.7562373445,9.01498948337112,4.9373606296103,9.38148666224379,-0.689227836935538,0.0865844203187667,0.878411068451464
-0.0124754927574116,-0.000293295934803317,13.1558145237679,14.8041537024655,9.12540506233957,4.92414641473696,9.44669555387872,-0.68091354493192,0.0679061300414704,0.90716282743113
-0.00783679969125695,-0.00327587152387032,13.1471092193069,14.8490099194859,9.23716599003685,4.90987657482561,9.50396473876148,-0.668677086953668,0.0493242010780643,0.935571353908266
-0.000697654122365332,-0.00787624938581316,13.1354119984205,14.8884541711064,9.34627668296416,4.8895192047531,9.54721290505561,-0.652845185897857,0.031087229197265,0.961510983508101
0.00840328011707786,-0.0137603092949765,13.1211890026959,14.9231236847115,9.45022914146481,4.85596985433491,9.57289879830275,-0.633648626330104,0.013207715959399,0.983351182968334
0.108556520949372,-0.0787599793770172,12.6672445504065,13.9365189608694,8.88211227810505,5.52211425795692,9.15583563926974,-0.644130647426166,0.0475169490858283,0.918010647386422
-0.0139017676828481,0.00057165906096035,13.6533970754188,15.9390385149616,10.2427566952671,3.85183132213528,9.93742900831966,-0.570337718092277,-0.0617494470987188,1.07381195410802
0.0443756947908154,-0.0370774289912042,13.0952395648505,14.9767420475399,9.7106675325254,4.96531845288296,9.57009547084184,-0.56036622205176,-0.0181881172838297,1.01749352280606
0.0485605692736619,-0.0399702901679305,13.0003851113113,15.1884500676787,9.88181946994509,4.62037936514341,9.60535914254714,-0.543170211860625,-0.0287293444645687,1.0252617244266
0.0641602451640678,-0.0501594199757992,12.9726297186469,15.161924857281,9.91859542036113,4.778585731333,9.58512478280386,-0.525731617192651,-0.0209244205121785,1.02168444049797
0.0695458595234895,-0.0537435699925871,12.9507915197101,15.26172432497,10.0167922653691,4.78997967674251,9.60060857624474,-0.511332266777588,-0.016075348267248,1.02071817727304
0.0739697683761137,-0.0566881927236748,12.9396544643078,15.3420132246891,10.0941782158498,4.86152040216238,9.61026699625546,-0.501044509717371,-0.00791287928834822,1.01547621047983
0.0743778648229306,-0.0570215559863411,12.9391963975275,15.4339946323572,10.168399377242,4.92718766940014,9.62297469647466,-0.49525978324015,0.00107836041698864,1.00769624815929
0.0682294930517914,-0.0531297681658133,12.9962647987863,15.5165632174692,10.2303054558003,5.0181699823978,9.63696500492451,-0.494044433461319,0.0123933586767282,0.997579474097455
0.0634902933389173,-0.0501060628740907,13.0356457536916,15.5895158035045,10.2812618983373,5.12975848027165,9.65517197164723,-0.49718030320242,0.0263628918179083,0.986448770639624
0.059820621428034,-0.047728747847947,13.0719123107476,15.6434521609964,10.3153251045529,5.25460323135083,9.67388377893673,-0.504182452744919,0.0421739898188545,0.974814561848573
0.0560178273512947,-0.0452163486815123,13.1000724245274,15.6702933168153,10.325877658405,5.37537764475955,9.68697630904581,-0.514532672245572,0.0577577513242908,0.962751948453313
0.0517890014867239,-0.0423928487294836,13.1158638697402,15.6675611736787,10.3098626189184,5.47735455935378,9.68982320228848,-0.528086456336178,0.0710503449135911,0.950192654829918
0.049518865646657,-0.0408214439993427,13.1191354366664,15.6388974495215,10.2682545403295,5.54598526367755,9.67900553760621,-0.544896256421061,0.0801996577305132,0.936889347406973
0.046912453003766,-0.0390339056250738,13.1089975102807,15.5900478033237,10.2034559698893,5.56684615169853,9.65166126706623,-0.564886323087357,0.0836712456060938,0.922426564404302
0.0437578932018968,-0.0369006420654885,13.0909551963686,15.5321875115737,10.1224798265652,5.53502720373783,9.61110457504443,-0.587939789681712,0.0809466929133667,0.907011297011282
0.0403369770786038,-0.0346076604952712,13.0726072628324,15.4863817659803,10.0413814531988,5.46453833728826,9.57186769756535,-0.613973922452504,0.0730975325315875,0.892202678327229
0.0373068998717908,-0.0325861641948121,13.0588811811179,15.4794744895274,9.98227985592379,5.38404309861104,9.55568883981925,-0.642736164096775,0.0623726778453095,0.880534836179874
0.0351420396374473,-0.0311559915819925,13.0600152574789,15.5358370695154,9.96590992233586,5.32392347660824,9.58278007438135,-0.673616664994822,0.051222517936471,0.874500759076753
0.0341102855312787,-0.0304986625088225,13.0843547448851,15.6711545654169,10.0062131222186,5.30485372020842,9.66562127544301,-0.705388669018711,0.0414527143464249,0.875872474875262
0.0344572004711934,-0.0307739371119597,13.1353087842167,15.8877629050293,10.1076735989087,5.33256317279167,9.80614905097102,-0.735860663849235,0.0340007425672357,0.885548574028699
0.0363854903494172,-0.0321092155304468,13.2100044052413,16.1717031144793,10.2647689081304,5.40094849157076,9.99516374608965,-0.761640479526993,0.029565975161485,0.903751480515213
0.0396817445808647,-0.0343602629456974,13.2995998654697,16.4889176366942,10.4605252284912,5.49628674631907,10.2103408564901,-0.777836158791817,0.0289974211253689,0.92989498391525
0.0435358727872542,-0.0369947335382284,13.3908725544285,16.7818426283221,10.6629938892284,5.59580545867351,10.4128772365089,-0.778679714241337,0.0322305092271743,0.961331931148274
0.0470012066684796,-0.039388134951839,13.4695010612266,16.9817893351472,10.828487677404,5.66997229457026,10.5537242940489,-0.761212242446501,0.0370061885024451,0.991973171190335
0.0495170012968111,-0.0411629147417008,13.5246916413601,17.0387524876479,10.9162719773567,5.69309732451403,10.5927492326308,-0.729665285747724,0.0393212038906739,1.01334872075883
0.0508960203164732,-0.042184225008112,13.5535379252049,16.9435830957644,10.9054887870888,5.65381151181347,10.5172612865116,-0.694179053708051,0.0357176399470233,1.0190201517413
0.0510928911222729,-0.0424122559408657,13.5621807509259,16.7272990258288,10.8036121361596,5.56125386561069,10.3477940839554,-0.664369253139029,0.0259959202605496,1.00889593251419
0.0501598295467506,-0.0418747420552225,13.5613137546793,16.4432837821035,10.6405913333591,5.44259193680926,10.1276529756002,-0.644911033368027,0.0136961498845826,0.988769721537226
0.048276904035372,-0.0406847994711962,13.5589493481488,16.1429564505847,10.4515753453388,5.32936018623903,9.90166200711315,-0.635907341403484,0.00343409918495799,0.96563890306781
0.0456489781060277,-0.0389744867615751,13.5565517355184,15.8582721774027,10.2609676867555,5.24000930758637,9.69827234221167,-0.635344373204851,-0.00213287074001248,0.94375186691489
0.0425404991083597,-0.0369220065564244,13.5466669394534,15.5996869703283,10.0780330154932,5.17271092444042,9.52587117187573,-0.640950980687368,-0.00307360048821251,0.924298087072668
0.0391409785999358,-0.0346663061144866,13.5212558538505,15.3640791121362,9.90236393853724,5.11585728058278,9.38072585358679,-0.650693264342938,-0.000962791598886126,0.9072865971348
0.0355866262895799,-0.0323066610743632,13.4749758830068,15.1435629325974,9.73107164100328,5.06191642231285,9.25601201124661,-0.662692183991705,0.00243585716966807,0.892768253879533
0.0318536237824199,-0.0298312821542298,13.4110030556666,14.9337251802549,9.56419605112857,5.01047423852709,9.14716686192059,-0.675350121643522,0.00564782332349417,0.88084352391335
0.0280475386682869,-0.0273078219506673,13.3362597998304,14.7395481502544,9.40778722867398,4.96518998276827,9.05434265492808,-0.687525963796364,0.00765369919858941,0.871607431532448
0.0245982980220273,-0.0250137150977088,13.2582751322614,14.5729371469224,9.27178470256842,4.93104108669723,8.98069900461245,-0.698556750692829,0.00806217772518067,0.865180846140088
0.0221077891157025,-0.0233379052697571,13.1823976004695,14.4445563142284,9.16446688619161,4.91213689785197,8.92812830111668,-0.708229948559795,0.00708917730885344,0.861431780817334
0.0222273667200765,-0.0233469422044167,13.1122813539267,14.3601237691814,9.08972391404141,4.90970340808234,8.89567578135862,-0.716767146971238,0.00535856322278233,0.85981848451104
0.0258363900601423,-0.0256088392162948,13.0511511438793,14.3213722174205,9.04744939174532,4.92042917324316,8.88067166599574,-0.724650420543626,0.00357964810800088,0.859653771002374
0.0291267370594342,-0.0276675155169375,13.0024320314887,14.3255827939783,9.03355614500866,4.93727418419994,8.8792363546888,-0.732320436633313,0.00234634098734451,0.860327907429707
0.0346226151951336,-0.0311617557587563,12.9648223529214,14.3650175303611,9.04036378926957,4.95424564814999,8.88677953929563,-0.740070591727666,0.00231229590445367,0.861298507826468
0.037546102138152,-0.0330071897523518,12.933997446293,14.4294974187514,9.05909427836045,4.97037623248271,8.89971229126771,-0.748105504764099,0.00418144438320162,0.862115511936204
0.0372745462363486,-0.0328010091735004,12.9133220638989,14.5102157041428,9.08285818714384,4.98798155489707,8.91658350948722,-0.756483381309698,0.00822114045110187,0.862524881262448
0.0332192596053116,-0.0301568628832214,12.9074112918872,14.6018025775845,9.10796753678754,5.00768418605616,8.93732535288873,-0.765018766593309,0.0139306162331442,0.862532690947732
0.0257340804431498,-0.0253032701879972,12.9251079072959,14.7014722237801,9.1332101592376,5.02623008619428,8.96153287818978,-0.773350060397643,0.0202235879786622,0.862358404190494
0.0175105408242431,-0.0199780766702065,12.9655408881791,14.8065079130845,9.15826407811814,5.04095888007867,8.98778448395279,-0.781154921623482,0.0261280465865335,0.86225983537482
0.010161482089569,-0.0152138546794517,13.01848610051,14.9124895636653,9.18248867593488,5.05613360583846,9.01454521542192,-0.788332581611035,0.0315692668743617,0.862388026676687
0.00370449541559315,-0.0110091061199183,13.0742566023802,15.0134954412517,9.20443944650818,5.08130568060885,9.04081025611063,-0.794975546996283,0.0372369549458082,0.862793052273481
-0.00066445873763854,-0.0081277244516792,13.124622707695,15.1034751953062,9.22175414474552,5.12204395659829,9.06536428151002,-0.80117220522297,0.0435358918345808,0.863495891145623
-0.00272737517854021,-0.00670987438989934,13.165199739509,15.1763324243429,9.23074253395552,5.17467729931243,9.0859483181463,-0.806840051535557,0.0499920795897337,0.864519775848542
-0.00304791643036573,-0.00639659568062123,13.1951766520385,15.2256339678974,9.22670372983876,5.23054208806692,9.09991644821947,-0.811747475992505,0.0557096675863355,0.865877480664988
-0.00246822525256957,-0.00665273011002671,13.2164710104956,15.2474324748694,9.20636656614109,5.28118196437527,9.10571492973662,-0.815654296306579,0.0599397188038794,0.867587112377552
-0.00173619783979678,-0.00700528828469899,13.2330999170143,15.2435402629719,9.17018832186552,5.31890368796334,9.10337997348123,-0.818400994540442,0.0621815441534879,0.869682663901458
-0.00132451425306118,-0.00715497614111971,13.2499009023991,15.2204613671389,9.12183294710673,5.33807426333317,9.09402759538545,-0.819974397981541,0.0622371278392531,0.872154747049969
-0.00128584466901227,-0.00706682321459062,13.2697707574366,15.1862498095695,9.06644357154901,5.33862719940502,9.07960289804704,-0.820582228717462,0.0604005234109382,0.874943441276221
-0.00116451775961801,-0.00702845135549057,13.2881590061906,15.1487231756264,9.00956692125618,5.32546071626797,9.06260123637201,-0.820543962998757,0.0573279394660621,0.878021708615125
-0.00066960212744116,-0.00722327271216794,13.3037050200325,15.1136320552877,8.95573592467606,5.30421005874983,9.04494782863697,-0.820067694920193,0.0535725104253376,0.881375035533979
0.000438712662885032,-0.00780240255383685,13.3151137955608,15.0827924769229,8.90692542899828,5.27972737373847,9.02730481025979,-0.819281690116281,0.0495005698932753,0.884877215987936
0.00246457641717557,-0.00896305223754396,13.3194959860991,15.0547794531468,8.86267947616994,5.25632112293076,9.00972412015269,-0.818426862267391,0.0456010357239854,0.888279633117166
0.00564051455395542,-0.010860940716596,13.314691307001,15.0273069841965,8.82159700094298,5.23797072090498,8.99256067641878,-0.817840076667028,0.0425450173804524,0.891321878587819
0.008574887322706,-0.0126036450644228,13.3052298511561,14.9984050836755,8.78225514191714,5.22817024846241,8.97633063461072,-0.817761748630219,0.0409037433882741,0.893816910965739
0.00903288447358119,-0.0127554233910512,13.2990626285526,14.9665561519019,8.74325814968137,5.22739779496809,8.96069186292618,-0.818183635070164,0.0407943578499333,0.895646992537612
0.00961501725827357,-0.0130002295751526,13.2828906430732,14.9318462742106,8.70381595779647,5.23105487184988,8.94433634862324,-0.818883395770636,0.0417110083837633,0.896742061057578
0.0100859533962251,-0.013204442487868,13.2601569144265,14.8976754034076,8.66485212671841,5.23047088512944,8.9261223992575,-0.819595241078356,0.0427820958028082,0.897129891173363
0.0102795584655568,-0.0132775880237914,13.2356923454966,14.8697442349828,8.62879420871698,5.21833902777431,8.90601918278296,-0.820140562531553,0.0434474266343489,0.896968467496942
0.00954644593132481,-0.0128051238354992,13.210638585134,14.8522047469092,8.5977329182182,5.19559450774701,8.88512815749143,-0.820467989056658,0.043934010188635,0.896471767857257
0.00873546523025581,-0.0123319697202464,13.188380713424,14.8451843178893,8.57183055580848,5.16895482265872,8.86454954987377,-0.820622893520149,0.0448125017343583,0.895790950280006
0.00651455216472224,-0.0109852938365658,13.1681442065462,14.8455159863543,8.54934717532841,5.14264322244787,8.84427259500221,-0.820686860451042,0.0462435452742885,0.894974578646101
0.00305949232860281,-0.00886187169667174,13.1500248307091,14.8496121107306,8.52831062647958,5.11702388376397,8.82398744461801,-0.820772516892165,0.0479786362829554,0.894102248288419
0.00116676958484252,-0.00774961768664711,13.1364768018319,14.8570234256824,8.50873289442138,5.09068443841562,8.8047941999736,-0.821005568014766,0.0497281719816396,0.89347153433761
-0.000630322748904677,-0.00668025758293683,13.1258166239384,14.872003297613,8.49370764186323,5.06215272339554,8.79005016584722,-0.821431154073815,0.0513625111219932,0.893653498332237
-0.00243482844188669,-0.00557034773417214,13.1167129346397,14.9017785386491,8.48882214546301,5.03487627720399,8.78536836607166,-0.821926975276563,0.0531065282541824,0.895396821548142
-0.0040263165403352,-0.00454859282533276,13.1100495838414,14.9548692623923,8.50099034058423,5.0174354101428,8.79753954034749,-0.822222246975462,0.055385981180718,0.899457466869892
-0.00566901435902706,-0.00343625723163266,13.1094186361738,15.0414187848082,8.53756620502971,5.01612071239115,8.83282492291407,-0.822093026494171,0.0583482984827906,0.90643793179012
-0.00731066213367865,-0.0022729537579293,13.1188058269483,15.170462821943,8.60446336607044,5.03464743862814,8.89550423784004,-0.821522576724839,0.0618749700533365,0.916566612310537
-0.00881086883449794,-0.00116998498613735,13.1418770265165,15.3432143370376,8.70295545879737,5.07938190163644,8.98596822082125,-0.82060219777033,0.065956292119853,0.929398039896125
-0.0101376255052705,-0.000169858270753442,13.1799147323112,15.5496816492727,8.82741995082372,5.1538668729609,9.09821295234842,-0.819323823345347,0.0705530273306615,0.943736623141603
-0.0114696059163448,0.000828873105210959,13.2302523018424,15.7692906266897,8.96470101679755,5.25124872280971,9.21866931649793,-0.817449530521811,0.0752507214788799,0.957869744104596
-0.0131377634325193,0.00203505307137442,13.2861192782046,15.9731790545996,9.09532730350634,5.35871333732543,9.32844973896962,-0.814604737031257,0.0795411669089877,0.96986956679046
-0.015534362161674,0.00370689916731409,13.3389207381917,16.1321669088093,9.19836859852385,5.46216432825762,9.40866716062961,-0.81058316167702,0.0831277713440678,0.978015105011673
-0.0188795868038342,0.00599622145304091,13.3813556337296,16.2277457500753,9.25859158506002,5.54629846400691,9.44659971105586,-0.805414884897794,0.0856041998384448,0.981416173582592
-0.0234589606911299,0.00909445285716859,13.4106629815013,16.2570495956075,9.27135402764013,5.59938747393013,9.4401850181745,-0.799025241912465,0.0863178030305093,0.980437646216167
-0.0295368094811188,0.0131783240220769,13.4299296549567,16.2292266470528,9.2417967228449,5.61678607979691,9.39731569989371,-0.791029631564885,0.0847692346292722,0.976437686088129
-0.0378941990501884,0.0187642927717361,13.4369516911071,16.1564088764642,9.17904601476472,5.59809811420293,9.32952283436592,-0.781006144697515,0.0808454466402065,0.970924119701981
-0.0479360756188411,0.0254702312381402,13.4364189498845,16.0459630135307,9.09073770092891,5.54681722802018,9.24594100103881,-0.768967541552231,0.0747953105398459,0.96480338772215
-0.0589479858046398,0.0328240430290857,13.4255610706812,15.8997803953768,8.98200850330868,5.47377303432583,9.15221422618036,-0.755530727556537,0.0672839042245474,0.958244140610308
-0.0737173266136966,0.0426004554893689,13.40557468524,15.7199096711127,8.85792648568925,5.39534205012839,9.0527836952565,-0.741613162484267,0.0592810755796822,0.951126908397855
-0.0902570503534018,0.0534856390310833,13.374783993081,15.5158657828643,8.72668300086507,5.32602030554683,8.95362974666421,-0.727986955237758,0.0515845197125203,0.943730458193492
-0.103953260696738,0.0624754010977132,13.3351140296646,15.3083705854081,8.60150495824308,5.27551510352431,8.86430345083661,-0.715039192855328,0.0445012604478914,0.937173928735235
-0.113566585581258,0.0687560916788977,13.2959271038748,15.1257056799101,8.49895351512726,5.25166105366064,8.79753481430117,-0.702873364866316,0.0380378608288673,0.93318088314809
-0.119562250089641,0.0726341115925436,13.2503720849689,14.9933441291169,8.43324904903714,5.26204249876651,8.76529108483176,-0.691632388329148,0.0322265610222354,0.933274084080554
-0.122469253473722,0.0744710524110177,13.2034899556378,14.9235951476328,8.41071571698151,5.31355821215378,8.7742525059171,-0.68171622821477,0.0273444195813043,0.93813905930172
-0.123359784048402,0.0749974871723396,13.1577409326324,14.9135079329036,8.42861124978417,5.40792699050736,8.8237656644977,-0.673670763596018,0.0238901486526801,0.947646290940452
-0.121524877859121,0.0737908963718358,13.112995834538,14.9521119893624,8.47842573436596,5.53362307403914,8.90673648415873,-0.667927442284634,0.0223343821902807,0.9612734000036
-0.119161582486601,0.0722788890387672,13.1047476762649,15.0294874217603,8.55111634172702,5.6695480658654,9.01412016089176,-0.664705669462946,0.0231759636004676,0.978541350814913
-0.11636730211986,0.0705246496923835,13.1407486450836,15.1401072371611,8.64064380732764,5.80085187714345,9.13991981677337,-0.664027714014026,0.027042285292207,0.999212957430139
-0.115233247544559,0.0698746463110264,13.1874367458827,15.2806180200116,8.74370830173664,5.92471109770734,9.28123433432272,-0.665694347172459,0.034185424765918,1.023052653153
-0.115474939194652,0.0701135527161736,13.242757658297,15.4470699172793,8.85762576733157,6.0412917474704,9.43468567869993,-0.669353945218735,0.0439128850301877,1.04928627670156
-0.116796360030021,0.071024211384271,13.3017377666902,15.633595391707,8.97863212393076,6.14388738190882,9.59373462044959,-0.67467821682532,0.0544185659148839,1.07612612803696
-0.118715767721667,0.0722825943683973,13.3567063077178,15.8320636011108,9.10125478458761,6.21710058528924,9.74850331052201,-0.681368122804072,0.0629628339810542,1.10081454457232
-0.120905194198768,0.0736710587369251,13.4001765090576,16.0329166086913,9.21927559716212,6.24668442366784,9.88899115094381,-0.688991047503936,0.0669330924607593,1.12050885642309
-0.123908987821535,0.0755417830856678,13.4284759173266,16.2264881970186,9.32743401812691,6.23343113333515,10.0096296543645,-0.696918329559068,0.0653829011226064,1.13338662917219
-0.128957424754732,0.0787030355243363,13.4425502759378,16.404604533109,9.42220279149496,6.19169703143047,10.1099950174412,-0.704401969782693,0.059242385851218,1.13897299772604
-0.143004435528727,0.0882807090673736,13.3578643966705,16.1406309940419,9.30358892269773,6.48253580401453,10.12472368034,-0.720051482711296,0.0761627068387857,1.11867464130186
-0.125505013068253,0.0756791082261678,13.4552854168352,17.0347550650748,9.72249233732989,5.79684674548358,10.3098768970566,-0.711017037350258,0.0222701805417458,1.14125860675153
-0.146413909322998,0.0898027507066997,13.4306086878038,16.8283158278743,9.62187875257932,5.99082721755864,10.3141990919486,-0.719458088241929,0.0317422883705152,1.11676272042168
-0.151766601284196,0.0933560424046277,13.431630236238,16.8825400229589,9.63425679111231,5.9490901523944,10.3485447223737,-0.720740037962833,0.0249635432184455,1.10068509049499
-0.156564071499397,0.0965905484648578,13.4418233963176,16.9218170532556,9.63430123407333,5.89690560068318,10.3768372118651,-0.719482838298166,0.0187765887771557,1.08440090189502
-0.161628847750507,0.10002446988025,13.4666372718456,16.9209934943459,9.60961332631538,5.84959921263916,10.3945558735694,-0.71680786205974,0.0158329408716722,1.06764456211056
-0.166550930275752,0.103362482673514,13.5005510008115,16.8753927785604,9.55855435822307,5.80569650396464,10.39972157315,-0.713137642941786,0.0170732516930621,1.05147263688605
-0.170422508391775,0.105988674153874,13.5335365732895,16.7894917807776,9.48402227150783,5.75312726579601,10.3896576222653,-0.708281286367193,0.0219186587929253,1.03754407328101
-0.17324372313899,0.107882609405269,13.5642942993541,16.673798240287,9.39173316196018,5.67809893967453,10.3621287139884,-0.701685286415496,0.0290699849950395,1.02762364217584
-0.175506956439416,0.109360672975755,13.5942793721912,16.5400774136637,9.28814025610475,5.57481771854129,10.3164671257938,-0.69269069255345,0.0374410218162579,1.02291975923732
-0.177573001894162,0.110663982705215,13.6210517902262,16.3968051630645,9.1779717539183,5.44505208786075,10.2530385736532,-0.680729709832661,0.0462387034105122,1.02356419817024
-0.179809998461314,0.11203987984132,13.6380940217985,16.2441834426154,9.06119476268792,5.29326571008334,10.171307517574,-0.665496703812928,0.0547729626264615,1.02824079291597
-0.182491314108203,0.113687482271268,13.6328293289021,16.0745138957338,8.93315006786134,5.12417035458961,10.0699916290563,-0.64712483180878,0.0624623434252872,1.03443078552826
-0.186336756441836,0.116110935269874,13.6046265566124,15.8800154762027,8.78917444792407,4.94380614343157,9.95024802697071,-0.626285433200991,0.0690437802476108,1.03933685767681
-0.192346835022472,0.119996945541595,13.5594832863137,15.6587199642784,8.62830823263629,4.7604631460949,9.81745484092747,-0.60396135122172,0.0747097041719399,1.04079215005309
-0.19854552910099,0.12408322265204,13.4984934435515,15.4130436971069,8.45236320226353,4.58295405415269,9.67900665971309,-0.581154345798145,0.0799901474876556,1.03763150542694
-0.202895632400074,0.12703405281215,13.4327091339132,15.1466446399483,8.26376975901413,4.41827654230784,9.54088135774113,-0.55877527608404,0.085377394743199,1.02964302723628
-0.2056449594208,0.12897861501036,13.3584743118524,14.8645495266646,8.06583905288565,4.26958319759432,9.40645335697014,-0.537423571565547,0.0906962191319927,1.01753589148863
-0.208464519764469,0.130953962680438,13.2811982912875,14.573636886053,7.86334710714446,4.13493092735417,9.27719129755541,-0.517223736582925,0.0947407222452989,1.00288256417804
-0.210920249707742,0.132647113694843,13.1920134022454,14.2820157493616,7.66198145315446,4.01050093868153,9.15387299984625,-0.498078454610798,0.0960012815556857,0.987712531482676
-0.212189916010016,0.133538160810966,13.0954826095635,14.00022641702,7.46835513597844,3.89807454527808,9.03819410312548,-0.480248417090031,0.0942420113309237,0.97387673463715
-0.212192576977173,0.133626962025674,12.9963339729785,13.7403296257783,7.28891257717336,3.80657639905144,8.9323537673624,-0.464642713462115,0.0910624699657414,0.962401300342953
-0.211035996662073,0.133011133014421,12.895654228772,13.5086723773201,7.12626725994788,3.74260689216032,8.83579736260522,-0.45225576412539,0.0884628347131187,0.953063874381934
-0.208777893942574,0.131707647960976,12.7944642374475,13.303106981887,6.97842211606486,3.70234236247345,8.74508476394575,-0.443317288415012,0.0874404311477022,0.944792914778787
-0.205600358773878,0.129802676783986,12.6940710331886,13.1207232579373,6.84277516041712,3.67542981498619,8.65823179286879,-0.437342857564964,0.0883482167316402,0.936626664867182
-0.208930975844236,0.131952187555726,12.6346569726191,13.0547668237758,6.7564065992756,3.35841883109157,8.62475330869529,-0.43158445750696,0.0853221256892087,0.932718765300016
-0.180954263126902,0.114329701266401,12.446149085645,12.6548055391351,6.52838334150107,4.20488261803801,8.40028559511389,-0.434653204105361,0.110380518888213,0.909652801724471
-0.205640669964396,0.129836517659127,12.5024841886455,12.9112259955679,6.57559170663433,3.06739996533333,8.54000692828062,-0.426976599738521,0.0962019777168726,0.919326610261707
-0.170464476068032,0.107664599889851,12.3256113523063,12.4404338394723,6.29971152244448,4.1683462253001,8.22842266274661,-0.442024786739227,0.133350274557434,0.880164955459412
-0.196257804492437,0.123763649527343,12.3931531029519,12.7847806159551,6.37963435727781,3.01262843095464,8.42983489760151,-0.430425256097548,0.123643914771327,0.896671539956246
-0.174622324609834,0.110225493955015,12.3032559993201,12.4075799936626,6.1311183671655,3.83627443604666,8.14015650683683,-0.447255312725495,0.158254594264765,0.855202033434564
-0.18710899193733,0.118173732794878,12.3341742253925,12.4646896573118,6.07109044742457,3.50951866854037,8.14276694778086,-0.447132512348321,0.168625983888674,0.846358697955717
-0.19259101361764,0.121785398191321,12.3535247990375,12.3960018023845,5.95109489937757,3.49478837676781,8.06087317275287,-0.451688669072721,0.187818316817539,0.827027636434335
-0.199550588431035,0.126394148393883,12.3782479324151,12.313937486463,5.82003090706761,3.48525389115784,7.9715018690677,-0.456245371729569,0.20786817424182,0.80648599253355
-0.207526823041925,0.131694898896225,12.3993126483345,12.2041529319357,5.67295254163634,3.48828558288187,7.86843666569562,-0.460889865560697,0.228236267338043,0.784691285284945
-0.21611428421048,0.137422424152294,12.4163554745284,12.0664107033643,5.51264290978788,3.50409990731226,7.75331639792054,-0.465790986514152,0.247732460217567,0.762571273100149
-0.223134561769807,0.142170386409837,12.4295870465562,11.9095506373951,5.34642543005417,3.53681558167299,7.63134853527935,-0.471086606661496,0.265897329491271,0.741239280329161
-0.22576877634959,0.14411550795928,12.412945629598,11.7449617732639,5.18229206305604,3.59166775562888,7.50585905499157,-0.476972231240721,0.282994714852986,0.721296079893739
-0.225623698112647,0.144275849190476,12.3604681988094,11.588340866329,5.02985593106248,3.66764017230813,7.38078768657048,-0.483323746433394,0.298947754532158,0.703427943057324
-0.225397034897933,0.144360129997126,12.280204373004,11.4586988608133,4.89959137283772,3.75620885687261,7.26423319506939,-0.489537452914092,0.313092467578715,0.688734196315551
-0.226101076351279,0.144982065197065,12.1814758730692,11.3696603775466,4.79825836629429,3.84851869933091,7.16580497369898,-0.494748660865419,0.324891000269349,0.678044138064529
-0.226659443976528,0.145418853952026,12.0563387058529,11.3267580451912,4.72707667456948,3.9401670133274,7.09300173669739,-0.498210438342888,0.33449953104477,0.671509233507998
-0.228914667981807,0.146864485896404,11.9242794576967,11.3310839028852,4.68303538674191,4.02811674806161,7.05059358426,-0.499651505470641,0.342631754447141,0.668843186030369
-0.232807054872383,0.14931975344625,11.7894101253661,11.3803521032508,4.66033184019053,4.10672626671344,7.04104022439404,-0.499380720645033,0.349878025811903,0.669631675499525
-0.236640281912249,0.151732769120427,11.6521174729788,11.4694100696641,4.65220954439923,4.17010495250903,7.06470075344486,-0.498074485235885,0.356459092017601,0.673563498827252
-0.240465514543609,0.154157697840575,11.5185388793908,11.5918609032366,4.65264362794988,4.21823526772144,7.11985578571424,-0.496384256479672,0.362621987022297,0.680584249562578
-0.243238818197161,0.155918574604891,11.3950896295882,11.7410097113696,4.65699467640391,4.25757294379776,7.20228726339713,-0.49480823120812,0.368750210819237,0.690784920070297
-0.24728110198213,0.15851528348074,11.2904744967179,11.9126537113482,4.66283241988245,4.29522308644047,7.30623574388017,-0.493861467392021,0.375245282597988,0.704186052031452
-0.251745042342904,0.161418423983062,11.2113076495927,12.1064371224351,4.66975145047455,4.33462818959312,7.42646454162076,-0.494134128629041,0.38261506355326,0.720556675907727
-0.256127996501445,0.164337375358658,11.1633462221857,12.3217765696291,4.67721805687202,4.3741527264886,7.55863578282575,-0.496022476137306,0.391123153305187,0.739335862539423
-0.261003476222975,0.167665055230084,11.1486742079577,12.5542100678735,4.68342431859715,4.4100338339901,7.6985010622412,-0.499483069410394,0.400598061521341,0.759752869543293
-0.264309963913812,0.170055847444627,11.1559131403314,12.796841638564,4.6863084025172,4.44513596063235,7.84142360754626,-0.504295285604585,0.411483229485262,0.780816249286284
-0.26579973309188,0.171317035039596,11.1777166659791,13.0442445023492,4.68458486303879,4.49244184353728,7.98274624556458,-0.510576938955447,0.425686072137157,0.801300360719179
-0.268861995830726,0.173619906609009,11.2051270657034,13.2941672699542,4.67718429112869,4.56676310791592,8.11858106377943,-0.518932537575907,0.446019090457408,0.820017469830992
-0.272699970080938,0.176442864961853,11.2346852885898,13.5458826336638,4.66194769444998,4.67176629115524,8.24612877051076,-0.530208158396979,0.474520529681503,0.835944066068444
-0.276608986992871,0.179302026406771,11.2642479908634,13.7977599233922,4.63588403781693,4.79059223318941,8.36437396909119,-0.545051363792299,0.509785326413462,0.848248394961702
-0.280671461857129,0.182190185245613,11.2884310680325,14.0449112115754,4.59674382503638,4.88962993484019,8.47503681764281,-0.563341852417468,0.545645870130949,0.856647852752081
-0.284862559524769,0.1850426047078,11.3046092647748,14.2770283758634,4.54369499874675,4.94018775657117,8.58050665096308,-0.583815419488959,0.574613813060873,0.861676253565986
-0.28892531275471,0.187686580729091,11.3194547144784,14.4786421735732,4.47710830384121,4.93750212170219,8.67893562075347,-0.604106855960246,0.592935825156797,0.864309369308675
-0.293403751205389,0.190496028554296,11.3278942723865,14.6335192796888,4.3983863260068,4.8945360208404,8.76305625636269,-0.621422694208504,0.601091889308611,0.865261874916806
-0.300667455261601,0.195044501542493,11.3592854713859,14.730684294344,4.30986496072287,4.82859212912509,8.82392015996035,-0.63391087399042,0.601521350751245,0.864486968958061
-0.308510168365119,0.19995029740913,11.3883981701723,14.7669975117206,4.21463832011195,4.75613723648611,8.85534912407902,-0.641334189244923,0.596982024951205,0.861417667090446
-0.315779331025227,0.204498108682251,11.4005102373265,14.7468361625938,4.11596480895481,4.6836549080694,8.85761725218008,-0.644257722288045,0.588871655524012,0.855963205975686
-0.322496229054726,0.208715736243877,11.3977170226994,14.6781232973299,4.01622182443184,4.60724448325052,8.83543834563098,-0.643160285160919,0.5774433218857,0.848725797878672
-0.328329623586399,0.212398619200168,11.381120635303,14.5648505028412,3.91632382961924,4.52682647951579,8.79196134451615,-0.638432067427455,0.563748160288996,0.840233633855565
-0.332398686751082,0.214995504878603,11.3463361047416,14.4083544787205,3.81629044866829,4.44925016361902,8.72906796234815,-0.630622799824675,0.549866468806418,0.830890621277984
-0.335038951940611,0.216768720427345,11.2925648530538,14.2159411756447,3.71608012701201,4.38100066529859,8.65061648555607,-0.620580249411859,0.538180297641787,0.821339031149224
-0.338984545555652,0.219553098986273,11.2329559162868,14.0005436865003,3.61554489775476,4.32558251920013,8.56141778383132,-0.609371792379896,0.530811525360231,0.812194576592325
-0.343680100194266,0.223009723039226,11.1670929356154,13.7734754259749,3.51412458189699,4.28259611415275,8.46592771571659,-0.597960203093837,0.528543197714634,0.803804548695784
-0.349338171261189,0.227189272860448,11.0923909161795,13.5430138947398,3.41134851887053,4.24431896053144,8.37002308135084,-0.586948648708755,0.529789653039852,0.796512714369389
-0.354868098303534,0.231262227585698,11.0134396473985,13.318420332593,3.30754434778506,4.19581350663055,8.2820262105685,-0.576677213735814,0.530940969720014,0.79079584066134
-0.355179082863104,0.231870377471477,10.9389690792684,13.1091167594705,3.20407536769783,4.12655966993379,8.20852903010492,-0.567426848551507,0.528768045319384,0.786826660935415
-0.357314108042014,0.23353307225678,10.877059706412,12.9192758669908,3.10334904721659,4.04383880255749,8.14922222436456,-0.559392917619266,0.523091470661153,0.784096627528815
-0.360467636165983,0.235699922464239,10.8255465344767,12.7487579329845,3.00799020192935,3.96728716145965,8.09933015170477,-0.552723712602056,0.516496950178722,0.781786779162731
-0.416261535712149,0.272500863628587,11.4137084406558,11.6482706581891,2.52311339911119,2.93779299379534,7.76840187277773,-0.610418105821894,0.418433897925094,0.693174712441663
-0.313541209728148,0.2046213112,10.1500027156887,13.4016456798187,3.28006720245941,5.01052708900052,8.24686000341245,-0.484454012921809,0.593193275974118,0.867475701740507
-0.365366006444357,0.238405512755231,10.6414833692562,12.413696045158,2.71091680063341,3.63149189304149,8.08297876177045,-0.528346301904041,0.497176527609215,0.799489634806686
-0.361544400462509,0.235911948174126,10.5118624923747,12.2536620208408,2.70300094031273,3.88709956198843,7.9657070181893,-0.535138085080864,0.505528577994213,0.785741322471959
-0.360395267187387,0.235047026972331,10.4293357382459,12.1924834165678,2.61904122866363,3.81834137439475,7.96584303707274,-0.539519537439754,0.504792573941004,0.781084731803114
-0.35489185158759,0.231385001730517,10.3158703268369,12.1314973357051,2.56364022292309,3.84787443247481,7.95003638914507,-0.543317084823689,0.51044665628114,0.776613125165427
-0.349804729810929,0.228018268410936,10.210474763878,12.0949799471184,2.51040142230171,3.86683142231457,7.94620706227771,-0.548288166955863,0.516264390576829,0.772765845366754
-0.345063805801385,0.224887937914476,10.1104325550825,12.0727543021399,2.4680048958488,3.90068173636148,7.9443671471307,-0.554002670855989,0.522597489918055,0.768889251845259
-0.341199658533163,0.222323385019661,10.0376865395605,12.0661472029756,2.43527914801833,3.94025278544818,7.94703707007152,-0.559964674955713,0.528812681431862,0.764972533533753
-0.33770566332041,0.219984420605269,9.97257520907618,12.0725571797948,2.41139722717785,3.98215899241931,7.95476935651478,-0.56553078368525,0.534455485772792,0.760931584237942
-0.334042007326977,0.217517682647965,9.91750062396961,12.0900576268799,2.39345308911383,4.01823308599582,7.9690265529774,-0.570024463763766,0.538769316989666,0.756936785455678
-0.33148422654843,0.215748078355892,9.87521328353426,12.1174822878312,2.37784830163281,4.03875631677446,7.99109276880611,-0.572716132317271,0.54097271016304,0.753532408189876
-0.330025796185965,0.214675789371264,9.85139723370112,12.1528197706426,2.36111974389795,4.03663854558942,8.02075243219744,-0.572987871781312,0.540810161905655,0.751357523486663
-0.329569046814447,0.2142484855984,9.84917913325218,12.1905631371917,2.34157115688538,4.01628333935213,8.05363451231687,-0.570685135397483,0.539539892974367,0.750563928768242
-0.330159393414154,0.214510945504457,9.86512538924946,12.2214502347642,2.31943601423455,3.99104886911082,8.08177008494879,-0.566229429518364,0.5392410573751,0.750711752333358
-0.331620448360223,0.215362751818248,9.89224375983396,12.2357176247586,2.29525338751006,3.96841068938176,8.0985585116886,-0.560284186959775,0.540489224701619,0.751279061767228
-0.333432697332132,0.216475102634593,9.92670057897244,12.2276692660827,2.26911263988881,3.94559541480983,8.1026815750794,-0.553552327130686,0.542101609365395,0.752011820538822
-0.334265426325659,0.216986466868637,9.96207523048544,12.1960100033912,2.24127182627343,3.91964645171569,8.09631813477835,-0.54676359623528,0.543161549466112,0.752686810683129
-0.333923237668381,0.216765471705106,9.99293131527194,12.1409829411796,2.2122959651497,3.89223771028798,8.08183669037708,-0.540519929323535,0.543658280987573,0.752942082959486
-0.332122373650436,0.215621506365873,10.0154331674295,12.064263521415,2.18255732564151,3.86519585996851,8.06210126691066,-0.535163708734285,0.543396150325166,0.752657805892271
-0.329023985575329,0.213649486238406,10.0309586388908,11.9709887882547,2.15211191357317,3.8366193654126,8.04237167521855,-0.530758209073832,0.541348051897487,0.752361586706816
-0.325395655152231,0.211338163546965,10.043904147902,11.8699466633061,2.12122515984078,3.80133974665248,8.02994633923826,-0.52697046591324,0.536017600556382,0.753103737178215
-0.322042264506927,0.209205203788973,10.0564143867814,11.772034365337,2.09081717778938,3.75446107275746,8.03199848964997,-0.523179095533256,0.52633991410867,0.755961128856929
-0.319227148106027,0.207417743587522,10.0665418710317,11.6881943968125,2.06198257482766,3.69364541133576,8.05441509191239,-0.518968835628988,0.512198588551252,0.761684338198962
-0.316883026564345,0.205922168711633,10.0720041087804,11.6267144513192,2.03549818149922,3.61987001883211,8.10128547923216,-0.514394552133873,0.494349710249984,0.770665660796575
-0.314653575932431,0.204473356488512,10.0743418316137,11.5916203465237,2.01221625019295,3.53919202572717,8.17374929542772,-0.509763059013507,0.474437298846882,0.78305033933151
-0.312478627884927,0.203024602943526,10.0769808415959,11.5823298831967,1.99311757621936,3.46105061606016,8.26887550397788,-0.505201598231983,0.454622262864114,0.798720622160408
-0.310284863219523,0.201534898332717,10.0826477286425,11.5923134318405,1.97881606352736,3.39363848911072,8.37826721856345,-0.500368376720605,0.436757609627277,0.816936323694257
-0.307979320793544,0.199954836812392,10.0909051570084,11.6092302078987,1.96966920612451,3.34381335438725,8.48657865036837,-0.494582136684442,0.42247185966844,0.835966251533139
-0.305283554081647,0.198104508235001,10.0981979502236,11.6184374707212,1.96585336902752,3.31754439972741,8.5722724869435,-0.487047396539633,0.41352488029542,0.853231540287987
-0.302751866358718,0.196336934933547,10.1012098599488,11.6084711022411,1.96687727536664,3.31512431076557,8.61428473716674,-0.476934324357409,0.410896696559566,0.866166455392499
-0.30033165984119,0.194621598440544,10.0973949175595,11.5773900637808,1.97175012660188,3.32994642978824,8.60400463311061,-0.463825639420109,0.41397380302029,0.873505996926701
-0.297989886144819,0.192951163759899,10.0864878995111,11.5321266773235,1.97967922349173,3.35576240846103,8.55038191957487,-0.448385703738766,0.4212691291316,0.875673244433424
-0.295594388450182,0.191257642375335,10.0679077959993,11.4787665767683,1.98956025209822,3.38889115769075,8.47161306927751,-0.432165205738839,0.430859330924027,0.873819859821538
-0.292952262128098,0.189431700670203,10.042189858549,11.4207474634895,1.9990880388358,3.42261248009327,8.38663055553262,-0.416804167999011,0.440188760672512,0.869255462144078
-0.290061283379216,0.187478618073933,10.011755633202,11.3687418557882,2.00617766710474,3.45041643617055,8.31453384025451,-0.403810380072911,0.44746061694533,0.863908917020688
-0.287026766023439,0.18546019402078,9.98157198059489,11.3424995092918,2.01042820149654,3.47058992630607,8.27504582800343,-0.394483369349929,0.452358864349822,0.860492291682656
-0.283537913125116,0.183163595350333,9.95725198403382,11.3619756376843,2.01155053283537,3.47894530643582,8.2865203389814,-0.389626030337781,0.454336667897506,0.861918171810682
-0.278798378334728,0.180069314991736,9.94322370891239,11.4401634121526,2.008585088427,3.46942173019924,8.36164429427891,-0.389666727343422,0.452712390613996,0.870405257143904
-0.273030578774064,0.176324490503216,9.94493928146656,11.5816031760627,2.00194737067885,3.44503972374185,8.50346770818262,-0.394748085397367,0.448528307677041,0.886877776124868
-0.267616323044981,0.172824035028042,9.96663354529881,11.7866830101272,1.99439573827677,3.4176816444606,8.70701896140147,-0.404482821496776,0.44425596388069,0.911150795169952
-0.263270249135155,0.170023750853481,10.0114159296078,12.051170714454,1.98945615271415,3.39910592676118,8.96137528325997,-0.417935265713809,0.442019490554562,0.941918250329969
-0.25996933758661,0.167898222367547,10.0774596098741,12.3562135487721,1.98912509635611,3.39295660282423,9.24609665108255,-0.433501288434519,0.442092760429565,0.975971612919267
-0.258305685991234,0.166822685652341,10.1522979270236,12.6639126642343,1.99270726867668,3.3905565257052,9.52691637753613,-0.448639773415464,0.442343445718402,1.00767402603863
-0.255814871908864,0.165197505358795,10.2258868579052,12.9225039012201,1.99740983842275,3.37631180055231,9.75761946077945,-0.460544895876311,0.439411620434509,1.02958097628834
-0.252628959328751,0.163103254151482,10.2857627805078,13.0796706995211,2.00047412660363,3.34300939193355,9.89425708046177,-0.467811961298622,0.431452330348831,1.03529638628161
-0.248987410127268,0.160693902298655,10.3284111817973,13.1077844778343,2.00094686975222,3.30006471979832,9.91803272351204,-0.471421192792327,0.419941754102046,1.02359674182668
-0.245264508156263,0.158215976662325,10.357620306116,13.0191690758841,1.9979340793382,3.2589734852378,9.84431331693997,-0.473918055520132,0.407671081508712,0.999047105116828
-0.241818403148814,0.155907615802114,10.3801388603921,12.8476784964323,1.98895580127443,3.22166218317595,9.70471130267737,-0.477772742508046,0.396408953729928,0.967671162152499
-0.23925231746401,0.154165564576821,10.4023420936449,12.6231485678159,1.97247818295435,3.18968861318448,9.52587568381275,-0.484117096222082,0.387550023371621,0.933344752296123
-0.237572381995246,0.153001561423336,10.428417747719,12.3712213282025,1.94947812654065,3.16441636831191,9.32903271729274,-0.491891947094764,0.381737574345059,0.898740013904567
-0.236571334050467,0.152291468931551,10.4594631279238,12.1211378368888,1.92239054159147,3.13984153997187,9.13698991649897,-0.498279160030758,0.377720013912331,0.867238198189318
-0.236154267235424,0.1519841885931,10.4952194513845,11.9005261989175,1.89513461968878,3.11286555159553,8.97135047274245,-0.500649322308347,0.374286456968558,0.842323835240042
-0.236646547797305,0.152297879513444,10.53696188532,11.7288814205708,1.87280146057816,3.09193148283433,8.84717304558258,-0.498037379729978,0.372167986923083,0.826218325210777
-0.238488279328613,0.153518661357602,10.5868860735629,11.6177632209827,1.85953140909512,3.08746336762299,8.77235050485271,-0.490921421422587,0.372779159212711,0.819639246666592
-0.241773538501017,0.155701818585162,10.6440590371925,11.5691580004093,1.85677546561763,3.10145868810499,8.74686186813106,-0.480485979531908,0.376286497224964,0.821779972099929
-0.246147649645115,0.158610161601538,10.7015541906212,11.5699652962551,1.86286087419689,3.1272533922174,8.7600390439255,-0.468324971232048,0.38119349840764,0.830029037923554
-0.251047835385946,0.16187362850252,10.7489658819293,11.5928660357722,1.87363845736815,3.15452770868299,8.7920474154231,-0.456154839473839,0.385303116562715,0.840516832901724
-0.256064125906224,0.165219719375025,10.7785624820072,11.6092159503843,1.88478389195015,3.1759944613305,8.82309214958304,-0.445329915804025,0.387303238760715,0.849821506703971
-0.261291809394164,0.168697572693518,10.7902335754834,11.6039915964525,1.89434915853983,3.19271700339209,8.84325123628748,-0.436529101927499,0.387647645088499,0.856371069402251
-0.266521836639831,0.172159018470145,10.7884947074368,11.5790739151591,1.90282747502517,3.21214167997198,8.85383683399827,-0.429903995954557,0.38782085594285,0.860352517535349
-0.27175943803241,0.175602630873862,10.7809712852169,11.5441420383387,1.91139891393294,3.24131803391611,8.86096327861283,-0.425258797272242,0.389043713669889,0.862715739345131
-0.277480655465118,0.179338152254655,10.7778814293711,11.506895638355,1.92085270689654,3.28352376931103,8.86925770950293,-0.422204052361333,0.39187808457104,0.864390011667165
-0.283374171850586,0.18316793978907,10.7858791402334,11.4701293463493,1.93137324684176,3.33853789897454,8.87994092231432,-0.42040535331561,0.396496247887737,0.8659994985168
-0.290396332049913,0.18771773573624,10.8108816211593,11.4335495605647,1.94273881074612,3.40377111067771,8.89177749341627,-0.41979278943652,0.402907478182456,0.867892424190905
-0.298822310531609,0.193177106642471,10.8546146293207,11.395957299183,1.95508396430171,3.47682735243865,8.9029201726291,-0.420729498702136,0.411438044239559,0.870236756595189
-0.309148318822188,0.199869763243063,10.9126335618523,11.3549128818593,1.9688186591052,3.55570981657791,8.9112613626864,-0.423855482421682,0.422648732507952,0.873034998619159
-0.320371316657441,0.207137621127276,10.9773287200848,11.3060551700032,1.9830552574368,3.63484178654195,8.91431655259172,-0.429674815767089,0.436670803441867,0.876200858525896
-0.317065587844647,0.205541151028643,11.0449721727186,11.5539120800619,1.80794355051139,3.27584405997489,9.077767154259,-0.44723080376204,0.427864628712796,0.890963413791233
-0.324013622905414,0.208916380324641,11.0715907147728,10.9763958371992,2.13384235750433,4.03761574132638,8.79434001379446,-0.439659539638955,0.479807901855816,0.882597563905569
-0.322120373980396,0.208213697705572,11.0663022131693,11.0890263995563,2.00456001408019,3.80777775108238,8.87505569410685,-0.461977782138032,0.485509296681665,0.894176949561243
-0.323033922681288,0.208811347188738,11.0440293196733,11.0083584805549,1.99839070857302,3.82697665211736,8.85575218293925,-0.480868035100928,0.506791442914123,0.902675374781967
-0.317742582679123,0.205470416819276,10.952332451234,10.9040575944621,2.11026250251532,4.08435927946354,8.77768283384194,-0.500266089888527,0.53302025521359,0.914273291930342
-0.334152691384606,0.21605152422884,10.9230351452263,10.8269532068694,1.9049563228463,3.71371965193615,8.85472590233676,-0.535808886686105,0.563337306415166,0.924288464902528
-0.332175546433259,0.214962662854648,10.7799026323808,10.6871895683339,2.00288221924347,3.9526140923251,8.77945250052166,-0.563996696824723,0.597052718448749,0.939192262199147
-0.33867293212472,0.219371492980886,10.6704548736221,10.5735429373826,1.9992313609286,3.97936287717681,8.77233009840056,-0.597115586129833,0.631107237100261,0.95852748772814
-0.353657645689704,0.229322341747759,10.5909491479609,10.4558887562498,1.99563868618021,4.00660681361424,8.77154669097054,-0.632573347712041,0.667555348770847,0.981051662445805
-0.367955896675998,0.238831756566581,10.5299579392848,10.3498846614083,1.99457056072284,4.03922732629332,8.77957143001924,-0.670038293399903,0.706498081746299,1.00716501905543
-0.375568440904499,0.243938202260194,10.4814345334068,10.2621344619413,1.9978857308403,4.08109424808286,8.79409499257877,-0.709373214737126,0.747728983512153,1.03617946028339
-0.382752849408296,0.248636494137704,10.4579792392044,10.1910782438773,2.00487750165379,4.12837703152683,8.81122840767574,-0.750525188951496,0.790223355082912,1.06671284940286
-0.388576373376633,0.252367991217099,10.4520190260252,10.1330099601489,2.01451956927971,4.17534609394705,8.82816262628294,-0.793464672775046,0.83291055581405,1.09738249034096
-0.392316071612449,0.254777006646257,10.4527642554414,10.0859449131232,2.02690691109375,4.21844510037446,8.8443533912075,-0.838121558488819,0.875245683554303,1.1273257680638
-0.393722953646619,0.255776563129592,10.4524302636685,10.0480791171766,2.04268971154034,4.25644473218345,8.86029671421644,-0.884491205092297,0.917394821686769,1.15616276828281
-0.393312082036952,0.255695921986763,10.4513408093572,10.0176986987441,2.06224019273082,4.2901552635004,8.87679720875676,-0.932785576992367,0.960375583664999,1.18382925533258
-0.379545538908215,0.247030273635561,10.4241421715413,9.99391027376277,2.08567960033793,4.32051904756688,8.89550230895748,-0.983338864696414,1.0053235195849,1.21049176016729
-0.370626109159637,0.241512164479568,10.4153597675933,9.97453515585743,2.11295916938563,4.34615097750722,8.91804854063448,-1.03638993474054,1.05245474237918,1.23629570534288
-0.369757705381344,0.241183334217729,10.4317862644053,9.95654431922901,2.14369017284786,4.36566477959691,8.94474150314227,-1.09225463404221,1.1017237398073,1.26106520248116
-0.370084791836176,0.241590528886659,10.4566903786331,9.94004147889621,2.17790156443403,4.38214509421374,8.97541570686694,-1.15164677052635,1.15412234163815,1.28426671459124
-0.371683035440733,0.242774537683051,10.4915448041492,9.92735472007392,2.21719471729137,4.40236616344186,9.00950601845437,-1.21556165135521,1.21128221372643,1.30502302394422
-0.374148953414109,0.24447986617875,10.5349292528935,9.91779374019961,2.26363610208605,4.43074861299227,9.04425004253098,-1.28487818912993,1.27398151961551,1.32206899741022
-0.377384563302894,0.246663278642946,10.5823171756968,9.90676831681217,2.31739893942767,4.46509759270959,9.07533669573976,-1.36009733311686,1.34149161937111,1.33392938591674
-0.381022961582554,0.249111547912651,10.6258929964706,9.88883676993123,2.37635996011751,4.49779886424691,9.09951875222277,-1.44177333929352,1.41201024209809,1.33922059568831
-0.384688195620996,0.251597382956556,10.6573636824518,9.85904365783396,2.43704889237531,4.51935030702647,9.11548173389036,-1.53020081330032,1.48325034078347,1.33677435636267
-0.393351992817682,0.257340910755284,10.684013244813,9.81343374789187,2.49566360158344,4.52200885660835,9.12326655359093,-1.62579273214763,1.55322076166335,1.32564382931877
-0.401080865794818,0.262500924538188,10.6878989412292,9.75075301269235,2.54901731947134,4.50211718894802,9.12407654797254,-1.72925354763279,1.62108665434406,1.30522994120706
-0.406205782219159,0.266002598711366,10.6646386904294,9.67258142599858,2.59461956547458,4.45941994805975,9.11985025947201,-1.8414505437176,1.68711621808409,1.27538235560504
-0.40844977583503,0.267679115236064,10.6152437878224,9.58114058640122,2.63023443469426,4.3962435376556,9.11152548813262,-1.96332341147435,1.75232633715941,1.23606658758178
-0.408431121143722,0.2679349567031,10.5416746929519,9.47804499289906,2.65382510206123,4.31731171255162,9.09814700443218,-2.09565593362305,1.81828476233291,1.18707639202526
-0.407743563395166,0.267789326390501,10.4454368259053,9.3656927295588,2.66362606245849,4.22702990941808,9.0790074582656,-2.2389591880505,1.88619113936624,1.12859889011858
-0.406667810300234,0.26738396152878,10.3250751964252,9.2493427739509,2.65848572763583,4.12806099348716,9.05586758252437,-2.39334272653703,1.95655752805796,1.06163394938592
-0.40300503420301,0.265224389366217,10.1788130106171,9.13667721320281,2.63896601631473,4.02461602566508,9.03175286883267,-2.55856136628761,2.03011538387746,0.987254284663866
-0.394644133545426,0.259895795211287,10.0111267772033,9.03535782253787,2.60765310501253,3.92210695399586,9.00930799372312,-2.73379087587981,2.10712470433998,0.906416911350251
-0.38482774231687,0.253521595498388,9.84125917461499,8.95146957292417,2.56795573251585,3.82148252287392,8.99174693736485,-2.91725958550269,2.18538337387351,0.821209998189762
-0.382923029266732,0.252222017361954,9.69843647227284,8.8889388268529,2.5237946260243,3.71978706325166,8.98282805247694,-3.1064582404144,2.2608771286802,0.735098129906061
-0.38185398692536,0.251452317511293,9.56365324167372,8.84904553248268,2.47986342731279,3.61564633899025,8.98458842345936,-3.29859582451801,2.33033687329926,0.651515007600029
-0.381185801505248,0.250942315133808,9.43608646906497,8.83095828669864,2.44023830857704,3.50977729750226,8.99679870027827,-3.49113329081272,2.39217371845328,0.573083093454613
-0.380272652883827,0.25026352482313,9.31664269163966,8.83306103819518,2.4073600791179,3.404236967263,9.01781855734194,-3.68234777841923,2.44640170985158,0.501377319023665
-0.378779774912204,0.249186972663619,9.20565717179171,8.85363639938094,2.38295945552754,3.30268708080575,9.04569555220757,-3.87161335913314,2.49415753073325,0.436886150777403
-0.376386751461437,0.247530803475983,9.10343734341669,8.89086477557064,2.36834934696362,3.2074671490458,9.0803088227411,-4.0591018639311,2.53622308891507,0.380230998678404
-0.378746285793256,0.249021920099037,9.02936107449972,8.94128950892187,2.36398907346612,3.12007280465144,9.12192346105698,-4.24471421292658,2.57289292891179,0.332069110077934
-0.382527283367738,0.251544812028297,8.9765875582183,8.99877516000119,2.36974989587436,3.04423551996683,9.16804122990104,-4.4276072387571,2.60482850574712,0.291796607107829
-0.38679826198072,0.254486048888823,8.9403711259114,9.05637120574177,2.3848245640504,2.98236368388493,9.21538852412022,-4.60661947253681,2.63220053673614,0.259119176908184
-0.392461747856142,0.258424186734651,8.91631332375175,9.10705850867049,2.40861680738379,2.93576976811572,9.26038924781908,-4.78051486177168,2.65473253923167,0.234331661325943
-0.399868910472603,0.26359974265364,8.89997938618568,9.14519694206649,2.44203279460934,2.90980283512086,9.29828192205356,-4.94878951558791,2.67340975225997,0.215600727125495
-0.411570790441266,0.271614994516143,8.8843693227957,9.17044159399588,2.48551741743614,2.90841028875229,9.32850696538354,-5.11235622575607,2.68981979400383,0.200609552035249
-0.42670207937399,0.281792500233368,8.80413737924662,8.93835743758606,2.34009882052181,3.04154493479848,9.11749916784665,-5.29782492005393,2.70090784235338,0.133334492387997
-0.420878492154337,0.278345033466885,8.89436676082094,9.39229354695857,2.81309214979078,2.90035139554071,9.59433872976851,-5.40146549857928,2.72201293663036,0.230288699145161
-0.43042737463016,0.284721225425142,8.80259049758562,9.22790098281983,2.65153812857456,2.97994149466738,9.44373023346498,-5.57297827660147,2.72519664084439,0.18064962097323
-0.436823711739141,0.289051117185256,8.77358686892816,9.18251862960203,2.70921684455412,3.06278967040869,9.44080056320558,-5.7192117497498,2.7328768402255,0.166749387703267
-0.442800649753979,0.29313820019442,8.7552691308203,9.16120625850697,2.76689497452255,3.11872690579166,9.46901987215926,-5.8570423564187,2.73568518641247,0.162089560919011
-0.448111142121537,0.296806812410605,8.74471623485956,9.14551226967726,2.82267572263423,3.16027648242013,9.51348676902391,-5.98804711436637,2.73349907643822,0.164173323156253
-0.453660593282033,0.300595489174167,8.73521844451974,9.13607177777608,2.87648865990373,3.18638130299943,9.57482879890845,-6.11249462399389,2.72636071465226,0.17390654220255
-0.459040189478464,0.304219834229017,8.72288961787435,9.133602096164,2.92746032911771,3.19757724182771,9.65162468232937,-6.23065816404099,2.71472691093928,0.1912542680538
-0.463348895776238,0.307150665672311,8.71052950993767,9.13750026309756,2.9744236967153,3.19553474662575,9.74006912682067,-6.34219732199264,2.69915607762257,0.215877599144894
-0.466635571523327,0.309497393933446,8.69494385002824,9.14490978869479,3.01632846965678,3.18223669024691,9.8348462926443,-6.44591822504911,2.68002036154161,0.247633229544307
-0.469328562106744,0.311552154429368,8.67665634032157,9.15020143882579,3.05281071169084,3.16112780289335,9.92866826572011,-6.54062406274943,2.65755013611188,0.285733485345822
-0.471746894276534,0.313446788512486,8.65934799734811,9.14625152682651,3.08412354740204,3.13557686017098,10.0137319835163,-6.62528101386089,2.63169621083467,0.329198732412965
-0.473808730954711,0.315034337469304,8.64663296453093,9.12650105227035,3.11090739372958,3.10728968368272,10.0840598282213,-6.69903260865049,2.60220363425239,0.377355000920393
-0.474833662423191,0.315816262757506,8.63915129403462,9.08652825866235,3.1344339842181,3.07783754096466,10.1360570744986,-6.7621482958501,2.56903762885248,0.428833385142426
-0.474731671744987,0.315722619404651,8.63660229746278,9.02602637662931,3.15754945617624,3.05071479251268,10.1687533660323,-6.81704749834776,2.53272321052184,0.480329813835669
-0.474445754697877,0.315393921007271,8.63988427177475,8.95093458003663,3.1863482382754,3.0309825971696,10.1849794350093,-6.86805186289244,2.49432578316552,0.527009179452232
-0.473251771844522,0.314411487878396,8.65055478916248,8.87252700578372,3.2303545192065,3.02198002478151,10.1923253625697,-6.91920653319967,2.45509955469516,0.565769328873072
-0.479586479242312,0.318284262230827,8.68056324088239,8.80308095991932,3.30057603116564,3.02282862608626,10.2019245719089,-6.97159908602324,2.41622566598684,0.598438176286269
-0.491108424518583,0.325526458179988,8.71880395147084,8.7530306170112,3.40828729599296,3.02954858239312,10.2259037604809,-7.02307094416426,2.37891807329198,0.631031336630598
-0.506973423282102,0.335619171829804,8.76007227766342,8.73371058835188,3.56453400328345,3.0358392080186,10.2781520242994,-7.07004822850225,2.34466760525615,0.671214404665386
-0.531203206855955,0.35118776855218,8.85268466773259,8.54344587727681,3.72483419223786,3.12640960302447,10.2945373125004,-7.10959707729114,2.31428085434672,0.723685629586375
-0.549549223102849,0.362962821509036,8.89259515187642,8.45579519198571,3.87844773530741,3.17409287130458,10.3508540413527,-7.1433280153198,2.28718972783755,0.785669447813856
-0.548643875055915,0.362288518126617,9.0693622444988,7.79465744653902,3.63575092018537,3.41380987485637,10.1215138250188,-7.16842135553712,2.2479197710365,0.834937946528123
