-0.684387155066254,0.453054736250361,9.1518666444923,8.09861029572514,3.21836249060912,3.85430126365178,10.1618521728868,-6.82372741467795,2.3226596382052,1.57088999072715
-0.668869757561218,0.44289011607141,9.07842578689726,8.45209113512944,3.2564518113682,3.77329143199811,10.2338106029799,-6.80148166615672,2.30959979997789,1.49490127664097
-0.655120721669084,0.434024932787559,9.0636736553318,8.87315887487644,3.23608439557317,3.60901204715618,10.4137939887578,-6.76282209641069,2.29722923883178,1.44499877259934
-0.645823668109644,0.428035246015375,9.03546645522026,9.39428282496597,3.23211113125011,3.43401729395777,10.5874190243962,-6.73277802421098,2.28561681045433,1.3750486681885
-0.643924808967278,0.42685118803649,9.03784237116004,9.60912775446066,3.22145188790305,3.37378644616402,10.6272668497719,-6.68966649586178,2.26819965955237,1.30366281332115
-0.642002526902655,0.425639135850819,9.03357427731041,9.82639528035022,3.21760552065484,3.31051784346263,10.6638605646604,-6.63828203797072,2.24978619254347,1.23292089257373
-0.640819630289958,0.424895774372879,9.03061085342902,10.0012872288826,3.21279449826673,3.25930945226789,10.6780640351092,-6.57731155142352,2.22944670734841,1.16297559678138
-0.639872028423891,0.42429810861401,9.03228483473467,10.1367709678129,3.20096948701783,3.21739541337482,10.6731707674819,-6.50711395132222,2.20735372030782,1.09502677188658
-0.639192995301097,0.423859280367592,9.03694326590268,10.2395066502471,3.17769880460945,3.18225248988407,10.6531435435304,-6.42918586876882,2.18398263534442,1.03011717192128
-0.638964942139768,0.423686285762715,9.04421560871137,10.3162027870374,3.1414487752163,3.15537400222747,10.6195947817187,-6.34697208932505,2.16059894902918,0.966982041122761
-0.639264431456059,0.423815306420777,9.05346035865949,10.3724467847525,3.09248737021534,3.14030383087171,10.5721096120826,-6.263974014291,2.13912776365735,0.903149648828137
-0.639193160707708,0.423647494531422,9.05906625118575,10.412404764296,3.03114866880207,3.13672301175624,10.5107180680397,-6.18033662013429,2.12091757976989,0.838786017326574
-0.638737758856375,0.423177368676921,9.05998157665662,10.4394063263049,2.95735492206613,3.13852837796511,10.437485817452,-6.09266043985992,2.10588822310138,0.77794037258591
-0.638364354375194,0.422759460375026,9.06780184249298,10.4584409859689,2.87112559265198,3.13788026873457,10.3570269162996,-5.99772129707495,2.09332689826747,0.725996691580729
-0.637871785778986,0.422302258654293,9.0749093149543,10.4766016119349,2.77336898314778,3.12996568772943,10.2750269710683,-5.89481930155398,2.08306046566441,0.68687039620923
-0.636407013733519,0.421260797248556,9.07667823520863,10.4995224077394,2.66664735915952,3.1143109212849,10.1952929021646,-5.78460939043152,2.07551387137287,0.662321491314638
-0.633442023846642,0.419270752435808,9.07089472912111,10.5286401516062,2.5553508123356,3.09419864727682,10.1178979840799,-5.66767606268725,2.07136620075715,0.652112525880884
-0.629487743004682,0.416639646706983,9.0557827340412,10.561704892448,2.44434531753706,3.07491356359365,10.0404037903801,-5.54429304818336,2.07124969564092,0.655002489327268
-0.628080901788095,0.415594974388531,8.97515719321328,10.383581724134,2.06951989650017,3.03254093153584,9.80602432537301,-5.44207513585976,2.06676395959857,0.628674649515335
-0.621506919779256,0.411380939325713,9.06587614724845,10.8367388774444,2.48192137204854,3.07390381470597,10.0385343236103,-5.24797061831653,2.08422465501898,0.743183617833982
-0.621596287971366,0.411314262567438,8.99157368652092,10.6587001508657,2.13553241478173,3.04906250502015,9.80840402111094,-5.13403620050224,2.08804997008581,0.742322445236109
-0.621217050547008,0.411007283261087,8.9756648689121,10.6590673760469,2.04666534104312,3.07476863910218,9.71168814055462,-4.99134262609701,2.10178963467884,0.787272153056231
-0.622072751166187,0.411495471104184,8.96637315474997,10.6600816350544,1.96138337453671,3.1058238588504,9.61842311888748,-4.84564954529891,2.11665127380898,0.839113826165609
-0.623106580515088,0.412078383328836,8.96405515348534,10.6514492337454,1.88204842149668,3.14879688819971,9.52223319731992,-4.69716996648004,2.13084966787847,0.89495399015256
-0.624455735589865,0.412837635035576,8.96910410193063,10.6324595856257,1.80951901194872,3.20219500598272,9.4229465009266,-4.54510666984224,2.14167515561468,0.95388888049415
-0.626525388652582,0.414044028543992,8.98546300865682,10.6040450457025,1.74480848646423,3.26487000142958,9.32119675001653,-4.38928097719251,2.14672485890125,1.01506680532582
-0.629306927586335,0.415707389133384,9.01978003331382,10.5702807707384,1.68847705173347,3.33706609206242,9.21851555028253,-4.23063919650058,2.14515743279285,1.07677664061612
-0.633326192919078,0.418178436764131,9.07348326185157,10.5360706998529,1.640873437079,3.42085033543741,9.11476491560502,-4.07040405994803,2.13779488575489,1.1360671892283
-0.637970868731194,0.421069050468502,9.14441862079604,10.5036139368294,1.60318672349094,3.51937345788623,9.00758776352721,-3.90932851207666,2.12568116453854,1.19010879429418
-0.642588765020213,0.423954346424376,9.22673828191671,10.4728541649362,1.57639366799279,3.63349071473452,8.895939110274,-3.74809795698651,2.10875594748418,1.23774189651337
-0.646817252539808,0.426594946262179,9.31093950882668,10.4436018221988,1.55868613794353,3.75897827122853,8.78194680933324,-3.58790241762628,2.0862081844391,1.27889713609852
-0.650767323522721,0.429089383416644,9.40806598172685,10.4148078289204,1.54591842686233,3.88796844664836,8.66878611538934,-3.43007222932672,2.05712837084534,1.31358887446017
-0.655185352314188,0.431948369466442,9.53823091852658,10.3823268951711,1.53502744689722,4.01332659664996,8.55791421760105,-3.27542445760456,2.02042980424149,1.34184296447844
-0.658930695532347,0.4343937573322,9.67774673537971,10.340185390444,1.52582384834503,4.13321679789468,8.44790745866986,-3.12460230628286,1.97593648491269,1.36300576292092
-0.662389427591553,0.436640008765928,9.82262984260617,10.2841056914053,1.51999228425409,4.25267240975888,8.33519317745327,-2.97875431225035,1.92584674346823,1.37519635094598
-0.66497579816252,0.438293562284517,9.96031259596602,10.2121201635319,1.51971574685693,4.37996651761652,8.21672978400641,-2.83937281634441,1.87348782483421,1.37674954727919
-0.667549655356178,0.43992713071251,10.0879780280085,10.1245531073712,1.52660012614005,4.51892127849743,8.09447256483027,-2.70779868963025,1.82035877131636,1.36849857763585
-0.669794578872306,0.441349006518221,10.1981130750831,10.0261932889466,1.54061509134463,4.66338863779934,7.97740828219761,-2.58503495943802,1.76534472247811,1.35400651896929
-0.671793589803661,0.442610877879733,10.2817624713748,9.92602194176309,1.55993201427496,4.80041613337809,7.87680288848398,-2.47164762165862,1.70686927030515,1.33714927862039
-0.673267391222695,0.443521873834035,10.33264684472,9.83257992019611,1.58223654250309,4.9179708087956,7.7997355249961,-2.36747664482486,1.64450812500911,1.32010051806844
-0.670491071223676,0.441658111095401,10.3398772462667,9.75157423641755,1.60660229390999,5.00930592996928,7.74790712914919,-2.27161121012381,1.57875501955916,1.30348076688278
-0.664245119926578,0.437512505620228,10.3139784478747,9.68929788716462,1.63393141149244,5.07305879945093,7.72050206785237,-2.18290982353571,1.51092076485806,1.28730939759122
-0.656370100220745,0.432261644119917,10.2712413429716,9.65526316967958,1.66537169000028,5.11058231125822,7.71629036784839,-2.10044166495368,1.44311242182098,1.2716113856475
-0.638949673760511,0.420771406563786,10.1989088174988,9.65911849350782,1.70064062954709,5.12232627281116,7.73342606373485,-2.02349156080989,1.37731091582587,1.25663375785755
-0.613596475183412,0.404084695849517,10.115412281155,9.70631473471683,1.73794246212882,5.10673661956089,7.76907269826731,-1.95155722141787,1.31444352737415,1.24292363763663
-0.600188700424932,0.395073848902412,10.1052685408254,9.79679667577692,1.77529926710287,5.06337701532363,7.81911366435742,-1.88430351657946,1.25467602851775,1.23099943645696
-0.589737366528206,0.387924723077791,10.1474453224412,9.92542542114096,1.81146140637906,4.99546594519892,7.87729736284071,-1.82117820310572,1.19818504839829,1.22073811563723
-0.575311130431412,0.378158030075272,10.2183159393046,10.0836042826558,1.84510270323735,4.90739372478685,7.93667821896753,-1.76127067606339,1.14509645526992,1.21161301074179
-0.564684422123093,0.370816840139047,10.3325048905073,10.2620326316061,1.87460795461637,4.80338617820109,7.99248642326815,-1.70378291315522,1.09535332062264,1.2034340253137
-0.557309077366756,0.365566699364313,10.4722311900396,10.4517957069077,1.90043976300589,4.69259116127416,8.04130070309258,-1.6482374466906,1.04947270630301,1.19607392444942
-0.557917976643611,0.365486924579077,10.6555938242779,10.6440795224906,1.92635083999638,4.59122686680565,8.0791709232564,-1.59430509383041,1.00893236777664,1.18883415135434
-0.55467622793898,0.36290786355093,10.8362851705307,10.8303397479806,1.95572284238076,4.51298398559166,8.10368132146374,-1.54166480104298,0.974899820195767,1.18082897094753
-0.551852971694507,0.360541680870747,10.9705657917181,11.0019798321764,1.98764540455062,4.45965977937009,8.11562016087779,-1.49004846041859,0.946892895131391,1.17161070927135
-0.544024282176294,0.354909734547244,11.0610831086474,11.1507096086551,2.01902832017417,4.42638006048232,8.11686934745749,-1.4394002688362,0.923229051173085,1.16113944555666
-0.536088211482649,0.349236194525182,11.1334820398083,11.2699656129006,2.04912657069342,4.41234669542106,8.10792672253268,-1.38988333597104,0.902325066021461,1.1493802689713
-0.529335209031623,0.34441326147848,11.1916627518357,11.3546726623842,2.07942852255582,4.42160477766672,8.08727510806098,-1.34170893911468,0.883275763403341,1.13595325943529
-0.521635391249081,0.339098345237121,11.228251679147,11.400899835953,2.11029401696583,4.45511159580991,8.05329250679713,-1.29514006440432,0.865404851862791,1.12034350848899
-0.512614120327448,0.333058823132051,11.2466478583756,11.4082959326349,2.13936347616668,4.50478787025027,8.00765858169594,-1.25037026402897,0.847588963568399,1.10253582648087
-0.502430500021034,0.326390406029379,11.246525854992,11.3834485211205,2.162456913489,4.55440884403249,7.9572165957542,-1.20743802065912,0.828356711026297,1.0833397572772
-0.492047596021925,0.319700851186437,11.2343377625286,11.3414131380958,2.17501755928492,4.58370258954122,7.91402166190377,-1.1662963729733,0.806445162950559,1.06439897899013
-0.485281808534116,0.315428633532807,11.2251172704443,11.303143864567,2.17286249368168,4.57227143737388,7.89383820969272,-1.12703586947949,0.781023127016757,1.04803831106159
-0.47944563136406,0.311802727058401,11.2144415975047,11.2855665310418,2.15375829226234,4.50844963125511,7.90867027371577,-1.09015270436738,0.752288328984327,1.0362548133498
-0.471793750208755,0.307027986346474,11.220753104297,11.2900744664024,2.11981554018532,4.40021694843854,7.95557809542338,-1.05658072851015,0.722367956862853,1.0292622616539
-0.463711104957169,0.301973311241915,11.2402529739287,11.30492389149,2.07557998717225,4.26774978714797,8.01769322033972,-1.02715377008315,0.694050846536545,1.02578060125798
-0.454904194622892,0.296435985174437,11.2693661769612,11.319868824991,2.02345948680157,4.12292531184852,8.07886078760067,-1.0018311239647,0.668058472706579,1.0248455824384
-0.444995923420744,0.29016463690475,11.2964919302223,11.3339924197675,1.96386506694322,3.96655464356031,8.13257017515868,-0.979542139298285,0.643042866881446,1.02641567103447
-0.433830226682672,0.283053342074719,11.3103629580043,11.3516598106705,1.89798950255138,3.80101756348925,8.17916324124258,-0.959093120368109,0.618020196040558,1.03052521913678
-0.436793539140956,0.285036933468584,11.3563788850439,11.3764784241558,1.82953938157848,3.63790227606644,8.22050415835185,-0.939735951421375,0.593605505670904,1.03673252559335
-0.433623313558309,0.283025810685582,11.3767396451018,11.4099293114977,1.76563550610287,3.49681396308896,8.25757740622486,-0.920916146181309,0.571351601787652,1.04434083636704
-0.43599923645264,0.284562835035129,11.3936092735069,11.4531531737109,1.7145203464557,3.39682641150111,8.29118342488543,-0.90189998925349,0.552643546804171,1.05270990048566
-0.426983226907808,0.278723573382804,11.3669515493729,11.5069149727819,1.68146534483808,3.3479503385858,8.32220439612017,-0.882284472628843,0.538158826245543,1.0610766955994
-0.421513897616928,0.275174120913756,11.3421735155171,11.5694906706606,1.66757680795311,3.35122110840074,8.34929489063969,-0.862324056254326,0.52816029474025,1.06805190954702
-0.415120881550166,0.271046499952966,11.3127796489825,11.636402909341,1.67064787351218,3.40213711926381,8.36750880820686,-0.843309724859951,0.522980260979513,1.07151119964996
-0.409349902523919,0.267351757021006,11.2816446546966,11.7002992107366,1.68571029447993,3.48966962026819,8.37008658287323,-0.827025772656042,0.522526685205141,1.06917929077864
-0.404450352736026,0.264258070499112,11.2452094943504,11.7493433302423,1.70676714457169,3.59657720285159,8.35096636985601,-0.81446565683054,0.525467528201281,1.05944983914799
-0.399629121809403,0.261254899351525,11.1976944389713,11.771654208113,1.72909395952005,3.70488760406596,8.30792734925853,-0.805204428690472,0.529613556593336,1.04210590395562
-0.388448107733421,0.254269712092794,11.0805443711874,11.7687088415518,1.85957504583763,4.00778709724633,8.17215147341994,-0.796129748352998,0.535866514931539,1.01796027085055
-0.404666588250827,0.264644408580666,11.1538072128864,11.7314135725609,1.54317790572768,3.45291440830649,8.32615187564811,-0.797995668740076,0.528921361137913,0.993031687956792
-0.372641564774211,0.244489736679571,10.8476028593385,11.7019430702217,1.98402661752563,4.32252143147494,7.96792994066361,-0.782026378690213,0.538742200809347,0.963022755987079
-0.385432792601286,0.252660151511033,10.882110125496,11.6791085219789,1.67941109153567,3.75716435571853,8.13366021353678,-0.781970591571463,0.526160479373406,0.940683483678022
-0.373254590534413,0.245007544889816,10.7079755236842,11.6746922761371,1.75905327324684,3.91156008140659,8.05845062311304,-0.77146732221401,0.520333674966457,0.920083566747739
-0.366799394451647,0.240929896240632,10.5730162786656,11.7353984459431,1.74515859686277,3.86305884173693,8.09583390690785,-0.758706953795122,0.507226065876729,0.909861092776903
-0.360497557272676,0.236887970216155,10.4444533151472,11.8527369382199,1.71497159672334,3.7673358756245,8.19096517856416,-0.74443505741402,0.491196473050217,0.908233389233164
-0.321842414474786,0.212298169569722,10.0005793219073,12.4711023185929,1.49343525162679,3.16143352243727,8.62609504721571,-0.728800422278105,0.448072837228354,0.94461955592929
-0.375950017531617,0.246286173563237,10.5086814424988,11.8640033883594,1.90454439078135,4.19627920715071,8.20208701805563,-0.71619761859597,0.487780504146758,0.90455680502431
-0.35458386660769,0.232817372637897,10.2474344911898,12.5620171404409,1.53005444709879,3.30292751872447,8.7892737479072,-0.720472515628792,0.444762347207631,0.945594456360285
-0.345809174825654,0.227039333904925,10.195885362181,12.8505085627587,1.61423160106636,3.48410771274884,8.93668255210474,-0.726807727501655,0.452180171344968,0.961158538326397
-0.345472958297519,0.226677243991965,10.2489435930585,13.2071368723359,1.59255769311494,3.45369601713243,9.19010347123245,-0.745593851657466,0.459561511997438,0.982237614640794
-0.344560809095905,0.225916146831747,10.3208092920464,13.5512310130967,1.62571440356715,3.56220149774212,9.40332048720994,-0.773977210623306,0.480588028002485,1.00234119881025
-0.344491211690572,0.225688348185587,10.4280383116189,13.894861303264,1.66523215354723,3.68963790367346,9.61298378472971,-0.810626558905216,0.508993419908409,1.02381098738369
-0.343564473512004,0.224908550004778,10.5593617708016,14.2233977025497,1.71954182884267,3.85046057977092,9.80203034434898,-0.8534443848242,0.54497716012877,1.04562500779125
-0.400967883211982,0.262282658288323,11.3781229847029,13.7988121811343,1.74231588789206,3.99645615274562,9.66704497114691,-0.932217179151577,0.563843378740468,1.00613693094216
-0.260236012449434,0.170383515316548,10.2529220917443,15.4073266319242,1.87406831280176,4.18977695146185,10.355928840387,-0.920922479887852,0.648476658155858,1.14270853850412
-0.345490608717307,0.225649670719708,11.0572335552986,15.039711223084,1.91558385588016,4.36277579263165,10.2040301216636,-0.990966330713959,0.680559468616569,1.110967982609
-0.347960278294046,0.227133749630599,11.2394052644312,15.2493420277786,1.97864049160669,4.51309807722851,10.2479994532412,-1.03393951714687,0.728486359795778,1.11944012960044
-0.270662255886258,0.176753686190038,10.709841148283,16.5806553523823,2.16532933194013,4.86157940532349,10.6126242238438,-1.03228058557705,0.824313868549272,1.20227838356489
-0.455058245940494,0.296741384439275,12.8970904278204,13.3901127375702,1.85364881136509,4.34045268019153,9.4847754730733,-1.16757455982162,0.724873279493199,0.943029695548723
-0.244744973203367,0.159591557872279,10.452828152623,18.1124973119171,2.45105891458211,5.33882023756798,10.8101700422438,-1.03683344230441,0.956723918229113,1.25969721942988
-0.394698348632709,0.257068700180069,12.4156907603423,14.5066220732178,2.04519275592131,4.56799834765198,9.6392895779927,-1.14491829201202,0.819777775191951,0.978815702073769
-0.345336773893993,0.225090912427079,11.8009492314639,15.4932516290276,2.24987373511597,4.97897930415847,9.54454642292941,-1.13217920253914,0.885103620077943,0.979438964810187
-0.399892840232358,0.260531799392013,12.5411985156832,13.4763040716711,2.00394932368638,4.5631355379611,8.68688363813766,-1.19345747083266,0.808263540492921,0.788056663561774
-0.259914021345239,0.169482178917627,11.1508921075559,16.7046178453478,2.52361461750096,5.25893149995042,9.54350987746143,-1.03830159696835,0.97541396281895,1.02194998085039
-0.333768401509565,0.217453481596584,11.8577780532281,14.8576611030863,2.33640933632446,4.9968073887483,8.64801649350996,-1.07770326507033,0.915437025629493,0.840721000856447
-0.334274186682348,0.21779937110345,11.8632242003868,14.4970763265881,2.34194592886663,4.98529672549806,8.22793365811477,-1.05984219406608,0.918147447244653,0.77229163212377
-0.332169099568519,0.216398997648298,11.8483850963165,14.1460477432569,2.34548469666422,4.95190287256714,7.82713660423994,-1.03351186701558,0.915668225406975,0.712531506435338
-0.329232104890954,0.214411925615319,11.8211579341308,13.764295660693,2.33819794525375,4.87146141195915,7.43655136255379,-1.00268255472674,0.902576094937681,0.657854907569462
-0.325638613149139,0.211921564264816,11.77522424141,13.3586114038397,2.32146166000541,4.74302462268802,7.06593740012629,-0.968443748233001,0.878690478779059,0.60915338284189
-0.320874026055343,0.208765882223423,11.6575619303756,12.7390988597861,2.3270140309861,4.78488273792775,6.47758612665361,-0.953622309300413,0.848203929828105,0.524844235103431
-0.316576836437664,0.205135600865854,11.6686012352966,12.7397672248529,2.25466463377652,4.22995915030135,6.62851489975861,-0.877235619000755,0.816112932491262,0.568237199152239
-0.311612971152801,0.201637980380653,11.5189800406916,12.1876402362792,2.25497192597746,4.26735639176236,6.11850009201017,-0.860914981968095,0.788650349149008,0.498180711580179
-0.305630868991818,0.197356999332467,11.4001843059671,11.8491618917943,2.23164179294297,4.13881037401717,5.85922280402917,-0.827847383983389,0.765140684889234,0.469820805971799
-0.299840660232759,0.193346284720174,11.2748759446964,11.5472810232238,2.21051163290913,4.03198414882317,5.63887783313754,-0.796899391671942,0.745536263439078,0.446862127762294
-0.294372008849393,0.18970321774867,11.1526345205644,11.2722025246151,2.19113660366896,3.94095049098369,5.45675080283086,-0.768889449213276,0.728152083393962,0.428400391238261
-0.289460041049059,0.186597465428912,11.039871877273,11.0186485503824,2.17408862648587,3.86584566339252,5.31075841312377,-0.74438454320711,0.712355055356415,0.413816877899883
-0.285666686336867,0.184419210661533,10.9410526695628,10.7874859866914,2.1598194951107,3.80446008592804,5.19815601950645,-0.723490559192365,0.698069349880888,0.402855728008209
-0.282737915247887,0.182974911541034,10.8608062835229,10.5869122295752,2.14970937972784,3.75067621542114,5.11795086152296,-0.705899203585638,0.685308590203519,0.395938145774529
-0.280817125916918,0.182228353614991,10.8062282930162,10.4234990774785,2.14628947035078,3.70133578136864,5.06995306400661,-0.691337021155863,0.673449731395587,0.393756025404599
-0.278913616940866,0.181373337914966,10.7769979407701,10.2946061104045,2.15193376519971,3.66112575284504,5.05194318657773,-0.679622375174216,0.661168179625822,0.396556510017047
-0.275923444024123,0.179584541781291,10.7673298500111,10.1934152538771,2.1673657666636,3.63743529775116,5.05955976314284,-0.670826634989418,0.647393964262571,0.403646882155089
-0.271922709659435,0.176900449880492,10.7747253979485,10.1165764927063,2.19177127533087,3.62832173205156,5.09028118066652,-0.665495828007398,0.63122015737323,0.413758495631588
-0.26814078489964,0.174206547874786,10.7989770774745,10.063979498261,2.22428775138773,3.62240485742229,5.1446912984571,-0.664166384870889,0.611608395766293,0.425831875181022
-0.264757012343619,0.171730111889882,10.8335955495341,10.0363992169403,2.26489569120974,3.61078258472166,5.22261554261813,-0.666525373960542,0.588363922441855,0.439187037247365
-0.261410989432473,0.169297381513359,10.8745264402857,10.0367085099974,2.31424962304351,3.59567568702999,5.31993211705643,-0.671407935679661,0.5633572430686,0.453228536462306
-0.25827198225723,0.167039683058495,10.9216373565245,10.0693946060846,2.37283860663344,3.5898593286602,5.42953102651557,-0.677534738490542,0.540153044793098,0.467484741888876
-0.255655228728234,0.16515348133107,10.9800495645784,10.1366801790691,2.44029370666315,3.60520247539507,5.54546976533645,-0.683925178474603,0.521512267069782,0.481960921087759
-0.253517969289155,0.163574006927855,11.0545626137967,10.2370555425601,2.51570542170371,3.64265929225646,5.66534801796732,-0.689932743743641,0.507863237646998,0.496948045087903
-0.244309529158471,0.157413198591358,11.1408384273655,10.3652921231094,2.59786030022537,3.69412258816853,5.78856975352886,-0.695392304268863,0.498085490542088,0.512327000295228
-0.239450755614598,0.154079609553476,11.2424773222258,10.5114894778678,2.68486972137119,3.74502496949129,5.9159645297585,-0.700872304506625,0.489749012414301,0.527588055554752
-0.221280576944345,0.142235976507643,11.3220751547568,10.6650699752951,2.774689904026,3.7799815558905,6.05056165897905,-0.707383432543692,0.479840438858698,0.542495113100847
-0.21310154125648,0.136947977172061,11.4142227564926,10.8225083863615,2.86662614371708,3.79587877019869,6.19514727628187,-0.715517222705107,0.467298954357884,0.557173063380108
-0.208297636431463,0.133946051444063,11.5064460081252,10.9876301367911,2.96209686194181,3.79869278926262,6.35098824013493,-0.725060195037643,0.452689603111663,0.571784640716666
-0.203272100133648,0.130862411997734,11.5973203089008,11.166627383805,3.06403314719701,3.78960176406318,6.51861753125996,-0.735345259200347,0.435817467939503,0.586438714752544
-0.19739602374964,0.127171679543956,11.694607213033,11.3672386717187,3.17565226185033,3.77288747013525,6.69669142897386,-0.745546754109684,0.416946354716771,0.601160248377849
-0.190989231239026,0.122976013196309,11.804827820765,11.5970663846663,3.29892816418799,3.76758573369012,6.88264116000896,-0.754706775228514,0.398417324323567,0.61609625872339
-0.185802991214889,0.119428703555693,11.9328430725289,11.8557036771602,3.43280534699106,3.79292674076281,7.07542963746664,-0.762011748622819,0.38231869087596,0.631886798503733
-0.18232795168839,0.116937857218438,12.074153960435,12.1308649869221,3.57263728496043,3.84902688205585,7.27382783990801,-0.76688436445258,0.368403469001924,0.649412081279242
-0.179847081819776,0.115090178073209,12.213054270956,12.4070590953251,3.71249277546928,3.92164967444559,7.47223459571205,-0.768969451590393,0.35589221506082,0.668996609348346
-0.178939775559824,0.114261844644292,12.3353127512621,12.6749604312166,3.84817559732982,4.00003042778572,7.66178170881749,-0.767774897634389,0.34577621389184,0.690060536522887
-0.18699167048023,0.119206968274233,12.4425160786013,12.9293392775662,3.97778248440341,4.08139355736139,7.83550075301187,-0.763163096583004,0.339936357866606,0.711689145574784
-0.184467687197056,0.117319397029119,12.5065216353242,13.164670169096,4.10098642820915,4.16358307122875,7.99032054136362,-0.755199134208407,0.339164682671945,0.733283457921272
-0.178733435396116,0.113358484279889,12.5552412890631,13.3751920886601,4.21814339572748,4.24652557326991,8.12402478213088,-0.74427819560393,0.343394505568967,0.754246296901885
-0.171281306881345,0.108303943267847,12.6029349764192,13.5560231731266,4.32881814739145,4.34026958415416,8.23265702074439,-0.731110791560664,0.352994711688139,0.773304479568017
-0.164106412759247,0.103452388309236,12.652709531295,13.7071100530267,4.43226059183704,4.46057001229309,8.31372853747548,-0.716869687816571,0.368359254002447,0.788762764578688
-0.156544439182242,0.0983710526845102,12.7075092793184,13.8373782632498,4.53034812169489,4.6117066556187,8.37193250927193,-0.703093017344767,0.387991992128356,0.799708550150692
-0.14898299895924,0.0933030535639655,12.7717848296517,13.9611492672011,4.62828724697222,4.77526413875724,8.41904797232092,-0.691067560800652,0.407642948167597,0.806812893519113
-0.141604245024966,0.0883667448936409,12.8487255782112,14.0890886995724,4.73141560723238,4.92100018208738,8.46698730391599,-0.681245276291165,0.42207021197696,0.811647361002158
-0.134039116277134,0.0833249251513591,12.9380260402202,14.2232478586102,4.84238026661405,5.02896283367087,8.52221726156196,-0.673429842172855,0.427676897820841,0.815548363924947
-0.126106588338744,0.07804425619997,13.0347543591419,14.3595071939556,4.96095611183975,5.10054015367071,8.58619368512626,-0.667007704094002,0.424012954749849,0.819334797025714
-0.118251337432192,0.0727898385514419,13.1321268730199,14.4918620056592,5.08489294817727,5.15425267917651,8.65761358971953,-0.66153030684982,0.41381579476054,0.823427284500062
-0.110073547333724,0.0673100762427218,13.2200789154532,14.6121952944423,5.21058386364519,5.20819382637035,8.73273487827098,-0.656680341133698,0.400533459826622,0.827868415806336
-0.10316878011715,0.0626667865346089,13.2947558373276,14.7101697874996,5.33400814018434,5.26305306550568,8.80577446178775,-0.652045550050176,0.385338262723548,0.832461792392543
-0.0998217709140284,0.0603618694690196,13.3565497081599,14.7802118788704,5.45275968505935,5.30434608164622,8.87180195579761,-0.647383847127135,0.367368163862161,0.837102785902228
-0.0986534443982002,0.059505786841711,13.4028850288136,14.8268173285627,5.56744418229178,5.3149948807961,8.92939091101654,-0.642828302878619,0.345556782507399,0.842163507848641
-0.0968367600780274,0.0582464762652561,13.4349692655965,14.8600795308234,5.68045558675006,5.28637473190634,8.98021534589467,-0.638587458632505,0.319859422720502,0.848554689168237
-0.0947248827105396,0.0567768492868981,13.4507030033504,14.8877521259341,5.79323479674038,5.22661393965388,9.02660482489203,-0.634918681186626,0.292157418107148,0.8570596080061
-0.0911346187660213,0.054307354035235,13.4523095618422,14.9118430454513,5.90493273643072,5.15234479268959,9.06928324101321,-0.632081358897475,0.265262752132519,0.867689644610466
-0.0801331026594714,0.0470044062273929,13.4502458710193,14.9333330162825,6.01465753899424,5.06739521014275,9.10798169424162,-0.63008213184563,0.240398389374942,0.880206048208007
-0.067065436260881,0.0383404950950103,13.4369994356097,14.9589659899444,6.12457759698753,4.96540760731559,9.14452354192324,-0.62849010528709,0.217309155956052,0.894941794420747
-0.0525998829449996,0.0287676082234571,13.4188293333999,15.0001943839797,6.23947790330677,4.85199086158625,9.18379325281746,-0.626887449755371,0.196222369211706,0.912584520458549
-0.0372611774945639,0.0186322038871748,13.4026519601236,15.0672185914785,6.36410843771678,4.74176671702775,9.23063983618089,-0.625093718757953,0.177462481036114,0.933528425650796
-0.021580396329359,0.00827432517374255,13.3920443891267,15.1624745119241,6.50063262014314,4.64127028578908,9.2851818124157,-0.622768505563142,0.160354271249278,0.957387750639819
-0.00761083134622914,-0.000977985413983695,13.3838233628539,15.2757763250673,6.64672551225542,4.55320621525143,9.34117746700404,-0.619156244448643,0.144177647863438,0.982574808844878
0.00438493449769567,-0.00894449424057997,13.3892688276611,15.3918618098227,6.79758420411306,4.48563483784708,9.39093930436813,-0.61353766969471,0.129095134579836,1.00668035879459
0.0158906890360737,-0.0165635592647225,13.4042991370171,15.5054132398732,6.95083496862713,4.44628336343832,9.43170543923685,-0.605854523401788,0.115505855428806,1.02766628639088
0.0310313635227081,-0.0264908642246972,13.4169903086853,15.6237099443474,7.10785832721863,4.43782862644921,9.46652817736854,-0.596699628898928,0.10354168779124,1.04459872188252
0.043422551323794,-0.0345964164362494,13.380724614339,15.7181539505635,7.24756619164538,4.20976717636685,9.46168984419747,-0.589876107699747,0.0915517301094635,1.05187780243499
0.0625387292321122,-0.0471591656174118,13.5423386188168,15.9147906341204,7.44843746561426,4.76096775973923,9.56969612483725,-0.571391411349024,0.0860273648450558,1.07123187657124
0.0726581962431105,-0.0538416306427202,13.5377959089902,16.0567985536271,7.6035414388895,4.57185965918961,9.57559162438291,-0.560929946560485,0.0741536539192466,1.07572999510677
0.0893724346811797,-0.0648610255885073,13.6112492718027,16.1860884239952,7.75129847716471,4.61527254331236,9.60121857204285,-0.549211014595517,0.0652225598401213,1.08046687685727
0.099746122537147,-0.0718398349098432,13.6994031407828,16.3124887515904,7.88931105405383,4.66501742672967,9.63062413851159,-0.537646633330927,0.0567153283452227,1.085577593653
0.116857824452876,-0.0830485696962988,13.4784802008249,15.3965484670308,7.51784430250598,5.70618561303537,9.37477778838548,-0.554987832039784,0.104046867932612,1.01802556811538
0.0757196631753513,-0.0570951851436129,14.2210573833312,17.5657257388301,8.60615707081507,3.57909691395057,9.94521920256642,-0.506586187660055,-0.000812080332500992,1.15590484411292
0.0978049657083135,-0.071377563711851,13.984500036725,16.5790743761822,8.20385089522437,5.04993777808826,9.72769974815063,-0.50831900623399,0.0519955040635087,1.09749814742942
0.0942269560606886,-0.0692521991197547,14.0307050998574,16.7863869341323,8.33696218552859,4.78139735324464,9.75476646340508,-0.505714195722221,0.0403244592216907,1.10507959405793
0.100128913627952,-0.073162537540934,14.0945108617438,16.7418709011601,8.35847958777199,4.85789626235338,9.71068263642716,-0.495038845816969,0.0350720084627546,1.10330621539005
0.101153770055727,-0.0738928887624815,14.127542566862,16.7344166875803,8.38960004479864,4.77331270793474,9.64089430072365,-0.480784641356394,0.0223284773354784,1.10313587512774
0.108862841162569,-0.0789114729272258,14.1312350164446,16.6851703569701,8.39584870189639,4.67146116058518,9.54142172384856,-0.463056955955364,0.008653076910593,1.10142051032252
0.113164863054818,-0.081693810120288,14.1081799860608,16.6487586513198,8.40293309644865,4.55685567297627,9.45087941687872,-0.443846833568704,-0.00263279107625419,1.10176594148244
0.11657060029872,-0.0838534472064894,14.0734336177516,16.6551953414261,8.42718677622186,4.47003938800889,9.40255955105143,-0.424691908835648,-0.00849510590330643,1.10685864234699
0.117969504011542,-0.0846821628804287,14.0454865940011,16.7297968112782,8.4826152875591,4.42253568892983,9.41654259055483,-0.406546474675334,-0.00907171269494556,1.11875753408721
0.117193231730689,-0.0840911152878506,14.0422708921805,16.8852071212083,8.57696173438007,4.41863271009662,9.49917783436103,-0.390401872382584,-0.00591086043160988,1.13818046323888
0.116179905106555,-0.0833483363249801,14.0747885666643,17.1275330802941,8.71337838161184,4.45366710795665,9.64628483763954,-0.377700426185385,-0.00121884473957887,1.16445043950387
0.115464397331782,-0.0828027187851183,14.1411192692414,17.4480627602503,8.88565840683725,4.51597557628864,9.84169720394854,-0.370454845188333,0.00237519755194943,1.19451242008778
0.115896779945199,-0.0829955828830928,14.2274779041394,17.8077054270671,9.07088623807121,4.59295637769053,10.0535436640287,-0.371296555352814,0.00242986187230232,1.22151173267816
0.117703024698279,-0.0840526505829023,14.3089443052112,18.1320207431786,9.22757101388206,4.67135528663754,10.2331458702587,-0.382908431372674,-0.00263261133797854,1.23501264724053
0.120476392454985,-0.085679121561982,14.3590768929633,18.3370000730437,9.310111904362,4.7394624190482,10.3308766042577,-0.406711277342651,-0.0127988244047509,1.22539300681776
0.123400067068733,-0.0873318689093558,14.3655590081305,18.37658290565,9.29573736492286,4.79889557918626,10.326522639146,-0.441227543112856,-0.025547043049806,1.19064979649613
0.125488566931733,-0.0884065797133711,14.3338769630269,18.2619726046914,9.19561833476737,4.86500275600055,10.2383120406014,-0.481383570542151,-0.0360441688681378,1.13829105014772
0.12586757348993,-0.0884053733609865,14.2758450404851,18.0308455804257,9.0365480514994,4.94936652539055,10.0975546919054,-0.519907779201509,-0.0392907983364656,1.07974920302252
0.124188755056603,-0.0871733834070806,14.2020851518558,17.7170846385059,8.84120890463718,5.04877505410164,9.92713804068622,-0.551054696738187,-0.032816754673415,1.02443515037547
0.120817051775259,-0.0850061257614365,14.1240614920381,17.3535668760834,8.62726611157769,5.15123630911254,9.74470208863191,-0.573735771921073,-0.017814827840449,0.977959378681567
0.116501348459362,-0.0824021107181943,14.0514049046057,16.9757125280197,8.41045444106773,5.245255343446,9.56714064264448,-0.590868683229961,0.00204974539301139,0.942053776655941
0.111937866890972,-0.079729888555873,13.9842670403318,16.6106298685143,8.20249072070001,5.32297096354823,9.40588298656871,-0.605764511871427,0.0229720652677733,0.915427747563163
0.10766245331186,-0.0772029352079321,13.9210884137735,16.2739041839186,8.01131642046137,5.37925168740875,9.26589806282585,-0.619608140645721,0.0425760114154246,0.896197919099053
0.104352635974,-0.0751790443556066,13.8534017269092,15.9755777493587,7.8430013327182,5.4102528384588,9.14874783310183,-0.63196564239058,0.0597577482071262,0.883389445690997
0.102809091127309,-0.0741793411905395,13.7797072088855,15.7221276846888,7.70095368807642,5.41415755328841,9.05288449622676,-0.642467924759863,0.0736054716490065,0.876066262397563
0.101352659652405,-0.0731538075806868,13.7069990180172,15.517761171293,7.58633472920272,5.39501802152724,8.9753858759254,-0.651474351236629,0.0831629304557638,0.872553810481368
0.100826390991245,-0.0726817164106853,13.6434716927525,15.3674165102578,7.50054884827923,5.36454233489019,8.91609268342822,-0.659667171598331,0.0882404538599028,0.871202913537171
0.101004999910538,-0.0726578009310068,13.596461232267,15.2755166350377,7.44507128483608,5.33528852452871,8.8770319606325,-0.667558021071635,0.0894987391182719,0.871228380635121
0.100983355799078,-0.0725372828504051,13.57017650881,15.2418720887715,7.41905641876958,5.3115954769701,8.85796381445089,-0.67534336674961,0.0875593683056828,0.872528183740124
0.100028443641555,-0.0718710246648784,13.5645474191811,15.2598214899551,7.41847918868538,5.28899881876939,8.85466880187876,-0.682941872687957,0.0826777007254068,0.874991096128205
0.0985154850522774,-0.0709019263035994,13.5752196866296,15.317661718383,7.43728727630374,5.26064575203649,8.86101148944167,-0.690087951084267,0.0752745497456284,0.878186485401365
0.0967567016238288,-0.0698167956429911,13.5987750344906,15.4015817541463,7.46875348552501,5.22529545096766,8.87214440647091,-0.69669705982927,0.0666718078112093,0.881513677938853
0.094889618341973,-0.0686887662345355,13.6336775729627,15.4972482539534,7.50571147514492,5.18962016657714,8.88538334750426,-0.703200586246215,0.0590297981647194,0.884259705838467
0.0932753012814865,-0.0677457289928307,13.677735155824,15.5910763469199,7.54090966113181,5.16103072934793,8.8983529290686,-0.710268169699147,0.0541343778738448,0.885591999221262
0.0921853576305152,-0.0671620941058711,13.7275013429547,15.6744257586902,7.56937245796048,5.14279309052999,8.90913861480505,-0.718347730883862,0.0526440035512937,0.884919275718937
0.091625615095681,-0.0669258641746305,13.7788205110352,15.7463586345459,7.59035242185691,5.13663527128985,8.9180935963565,-0.727468836826748,0.0544609729522607,0.882330068964203
0.0912709589515781,-0.0668007974410051,13.8282271786921,15.8097050810654,7.60562373843743,5.14287539313177,8.92652807239935,-0.737158119013156,0.0589906739024418,0.878508277331478
0.0907604722026059,-0.066540418942809,13.8737840580884,15.8656879542816,7.61657469552777,5.15722325834517,8.93419673084511,-0.746521073348098,0.0650357049349318,0.874344379902989
0.0896167163253685,-0.0658333832440255,13.9114716493163,15.9124405058767,7.62337503593823,5.17011046783148,8.9388879912525,-0.754419913461983,0.0708168508281436,0.870712217081299
0.0879077339676105,-0.0647175681934464,13.9347150718416,15.9454704064179,7.625209964148,5.16955225651439,8.93718216287975,-0.759654997951151,0.0743294835370276,0.868304604249535
0.0858713561443911,-0.0633480122488148,13.9397305076842,15.9595960562174,7.62085496198368,5.14706747131655,8.92627073434935,-0.761309715616282,0.0742668239607142,0.86748940170986
0.0828184771419235,-0.0612961375777678,13.9240893973678,15.9528487526582,7.61006028443715,5.1012787667954,8.90598419285879,-0.759020602953018,0.0706838802684493,0.868344387095434
0.0787118828457976,-0.0585549617744184,13.8841242566459,15.9295065109195,7.59478934455645,5.0359992026747,8.8792144461352,-0.752975196394331,0.0645510014813407,0.870743133756471
0.0737041414982071,-0.0552296454295471,13.8191020733178,15.9003026401735,7.57945265092544,4.95949102004776,8.8518982641068,-0.743923781864426,0.0571477967569308,0.874423375812512
0.0680927543877693,-0.0515124608087585,13.7330352105869,15.8799278856433,7.57009622359979,4.88497551604304,8.83266437776296,-0.733080826930905,0.0497622394404039,0.87919996778897
0.0622369312298044,-0.0476354666638863,13.6355340450404,15.8833544285536,7.57306397911974,4.82704113516927,8.83099568910951,-0.721742752711692,0.0432062674803981,0.885251328605826
0.0559695831039967,-0.0434858157551591,13.5393184428354,15.9231275005081,7.59397571956824,4.79822551263603,8.85557860600849,-0.711121314420946,0.0377211213746758,0.893153626381833
0.0510825037673527,-0.0402118623560375,13.4619345890046,16.0080326463633,7.63720926921606,4.80825119555799,8.91369800404935,-0.702425057026653,0.0334385143504216,0.903685725650545
0.0477083733002311,-0.0378978761465113,13.4121462249937,16.1420875265319,7.70536779291263,4.86086127645483,9.00980021327993,-0.69662471915105,0.0303229440648615,0.917679049879461
0.0450035774642227,-0.0360228785155682,13.3943990086102,16.3241912494832,7.79890862602033,4.95157883640033,9.1440035075789,-0.694095877867958,0.0276810257767782,0.935889085080315
0.0460370039787185,-0.036610035624492,13.4146833075982,16.5503537084649,7.91684298406294,5.07340411998558,9.31375278103908,-0.69483022390849,0.0244873334708306,0.958783956013107
0.0479226757627852,-0.0378267325627454,13.4721368791155,16.8161867515667,8.05711502489475,5.22030997944826,9.51550103591661,-0.698887145167267,0.0201158438526336,0.986223079728509
0.0513027251225611,-0.0400986275245754,13.5658781201082,17.1148346793898,8.21482223675179,5.37942790394019,9.74165910952048,-0.706239432269482,0.0141862255100649,1.01708621276256
0.0558739926796699,-0.0432205485544628,13.6896313214413,17.4332110994464,8.38089068338397,5.52868006700758,9.97849318138237,-0.716361675479032,0.00626206407897778,1.04925456834204
0.0612940967701034,-0.0469540975515147,13.8348756443645,17.7535886061244,8.54428034016891,5.65012038699826,10.211020246834,-0.728386377825018,-0.00352502285207051,1.08018783834258
0.0668604343206937,-0.0508258876100054,13.9887253874559,18.0596721142943,8.69568313600536,5.73973295789902,10.4289905720331,-0.741492006815716,-0.0140050373971348,1.10771196112284
0.0718777449873967,-0.0543657331010742,14.1415252678541,18.3405282693202,8.82909929891504,5.79909939348426,10.6266229384579,-0.754736803243003,-0.023845421167389,1.13059477013649
0.0763788580097529,-0.0575714383307729,14.2880525298014,18.5895627890161,8.94091532774191,5.82563318510199,10.7996225745054,-0.766828084481075,-0.0324151259450834,1.14870205722623
0.080642754019125,-0.060600332056754,14.4264299086286,18.8009881018305,9.02824467307852,5.81898588338668,10.9454621476914,-0.776672736201041,-0.0392609500703654,1.16267534391105
0.0865535516810287,-0.0646473562382544,14.5553500980417,18.9666562835409,9.08763871765535,5.78766235894578,11.06348959497,-0.783855343432632,-0.0437845302598733,1.17348868494785
0.122268873271253,-0.0879857385544716,14.5194808667518,17.9816064938652,8.6044541117597,6.34440624852825,10.8417358399142,-0.819533817069872,-0.00813087949636571,1.11122369484302
0.10500306277259,-0.0766803845337645,14.9312193225698,20.0290554090653,9.53056125103385,5.15329500719963,11.4560389534096,-0.770239946604381,-0.0731322389035569,1.2410964068259
0.0997135984031557,-0.0733244980251587,14.8647721363213,19.1307181641236,9.09083801954131,5.58648988931838,11.2427415875774,-0.78710304118539,-0.0423755526015357,1.19632119659525
0.0999980112418946,-0.0734136703432969,14.9181753443498,18.9508403628174,8.98061192526483,5.53621089107579,11.2036570218335,-0.781219362172493,-0.0410493984792645,1.19855123164876
0.0994545770377397,-0.072979504940617,14.9316062911671,18.7382224722314,8.85972650669497,5.44523440240414,11.1378902252737,-0.767839665278429,-0.0438977496529516,1.20345448159441
0.0959796415904194,-0.0706909054711724,14.9072505637694,18.4528657490296,8.70859426473629,5.33614921756795,11.032309085745,-0.74882918788093,-0.0486792328891605,1.2060037236293
0.0924101196450016,-0.0683509907713339,14.8460747463915,18.1068276764036,8.53158394952732,5.20321633509666,10.8896673503461,-0.724566372623725,-0.0552934707880603,1.20479594209085
0.0896343594242982,-0.0665185957657946,14.7564323068269,17.7208397729154,8.33635412504911,5.04375519608634,10.7172571972943,-0.695821299632368,-0.0631072600834798,1.19888360028761
0.085436730813035,-0.0637538468560626,14.6521096450788,17.3151897300526,8.12993137952105,4.86303468009908,10.5243629529965,-0.663981499260567,-0.0704902076546093,1.18750079854563
0.0805479735277782,-0.0605035979557847,14.5423417379038,16.9055174460133,7.9173666542225,4.66855008244477,10.3193850868241,-0.63058759780133,-0.0756936297902145,1.17038959509736
0.0756910968240435,-0.0572252696763977,14.4358643773216,16.5008295566421,7.70151862708888,4.46642826909116,10.108026986674,-0.596838705905879,-0.0775764491554001,1.14807970118391
0.0712246845953039,-0.054161847312759,14.3329450574299,16.1026665401542,7.48290580723009,4.266669456768,9.89350260487849,-0.563686926130364,-0.0753388143914965,1.12167850852327
0.064849802826676,-0.049838182709899,14.2326006328792,15.7081450841655,7.26048241981168,4.08598685978011,9.67788710262412,-0.532299555639001,-0.0681914772104074,1.0924205298481
0.058498448833247,-0.0454980621637113,14.1293472904372,15.3183588949391,7.03450837846854,3.93983993539816,9.46396125036892,-0.504249707578967,-0.0556888889652848,1.06146035541475
0.052405186623263,-0.0413041323970573,14.0231757858402,14.941763782312,6.80809956597171,3.83327485796989,9.2553421181465,-0.481144154987654,-0.0381703530656482,1.02983208284901
0.0474247847061699,-0.0378439271651015,13.9178929214171,14.5874524274367,6.58519701969936,3.76130787541365,9.05452761061113,-0.464035557117495,-0.0165528774395433,0.998399639512213
0.0427061853351684,-0.0345920514702147,13.8122468589043,14.2604776373369,6.36880467487388,3.7143444493099,8.86279766122629,-0.453312288548761,0.00811572632293235,0.967919179106528
0.0391128022645538,-0.0320980229760543,13.7022750520747,13.9634009680122,6.16106483072616,3.68072175145923,8.68171671268468,-0.448901657166715,0.0344617844521473,0.939023434460927
0.0304081081872428,-0.0263007086545617,13.61947002136,13.7648227563454,5.99453541412431,3.36643361116433,8.52249674539042,-0.452739547742077,0.0531106257056785,0.910625821695005
0.0404229041913458,-0.0328284090254476,13.4754094420077,13.3331278125836,5.71376892107484,4.15280465293201,8.33289490436427,-0.450482266678158,0.0977751395721229,0.889901279154901
0.0100085895263728,-0.0131361469487697,13.464683400729,13.4145643666262,5.67597689439114,3.01857280231856,8.26068444346644,-0.471738257836169,0.0912160445521904,0.863308164202588
0.0104193071199817,-0.013645249537753,13.3400548643373,13.0280217274868,5.40300338537913,3.78365769505285,8.07043947700549,-0.481301202302421,0.130566132413542,0.839788294432011
-0.00671352476162357,-0.00266353624000903,13.3021290768603,12.9695668081726,5.28863887403303,3.46700059439565,7.98961872053477,-0.502095585463471,0.140803480722478,0.817405807386618
-0.0158915482301776,0.00330990554159832,13.2566163247785,12.8488574839395,5.13718525282585,3.45460781579876,7.89705324290735,-0.524477124732639,0.159868283171116,0.794199735071224
-0.0269619967801064,0.0106644969940943,13.2152523126741,12.755548160318,4.9919029940604,3.46765633805044,7.82438121349189,-0.549727344258938,0.181019540025915,0.772064669964275
-0.0395337817796181,0.0190841005733383,13.1732351312618,12.6915511090334,4.85262874841418,3.51732098690907,7.7713699646474,-0.578004019624344,0.205683791349002,0.751780444555346
-0.0513514433617808,0.0270314779972804,13.1265171694121,12.6598184216131,4.72076047170838,3.60896535720545,7.73691791455767,-0.608768036265768,0.235176214728706,0.734151618900717
-0.0618939587900144,0.0341227276151231,13.0741222158409,12.6530642391717,4.59665977167948,3.72803952759154,7.71540043786981,-0.640573435419951,0.267994252635216,0.719244310633709
-0.0685953000638053,0.038690565395169,13.0243961696123,12.6545501245395,4.48037853882595,3.83877713290971,7.69813234146104,-0.671404213996265,0.299032287590451,0.706498304583587
-0.073051999620392,0.041751271677367,12.9807300868842,12.6498471793481,4.37211954400011,3.9171326672219,7.67801009276487,-0.699565617819802,0.324286773083368,0.6951072810951
-0.0757893092504938,0.0436158707933514,12.9496448376536,12.6323088982514,4.27081667192993,3.97147339093139,7.65050250679029,-0.724153763906308,0.344028209758714,0.683945554035857
-0.0757722971459822,0.0436206693150455,12.9339957633241,12.5986944931639,4.17316488524002,4.02666708032796,7.61011117957362,-0.744595459900941,0.361150206653876,0.671312389522597
-0.0745466985804946,0.0428041225989298,12.9373062808127,12.5462460370289,4.07511325567289,4.09778541445205,7.54901632052348,-0.760758141438685,0.378387359210692,0.655435002726543
-0.0761855409563377,0.0438498040650137,12.9523638868111,12.4742837716725,3.97474134011263,4.17761368145779,7.46161762330455,-0.772008113727097,0.39661487121576,0.635630240033659
-0.0569311961405986,0.0314763878445889,12.9456830666829,12.3863001652995,3.87333476398389,4.24530914579681,7.34940804959986,-0.778074256228107,0.415054840082912,0.6126871347998
-0.0598078648780292,0.0334828695531833,12.9360579754977,12.2894284836767,3.77340120221477,4.28406299373539,7.21984687716587,-0.779278450124734,0.432875828515001,0.588087437439792
-0.0652078095958092,0.037257715301634,12.9018005821598,12.1916859551746,3.67653313353084,4.28976767185336,7.08152264801259,-0.776520980370546,0.450280537399446,0.563261057941021
-0.073018158929735,0.0428148814975325,12.8374920277421,12.0975536971279,3.58251515324771,4.27021836638986,6.94016113514581,-0.770755819152797,0.468342015437511,0.539307960940536
-0.0827541474012322,0.0498907711492722,12.7419229326126,12.0058318836603,3.48933594178272,4.24202558964981,6.79840849218442,-0.762858779631664,0.488237265000872,0.516990987931104
-0.115041512664982,0.0716620730497485,12.6300572853656,11.9145891736713,3.39504757234905,4.22486646127514,6.65991830563368,-0.753849517363778,0.510503779838343,0.497092635036905
-0.124035964948293,0.0782746223079365,12.5156303618358,11.8268170858542,3.30010472256085,4.23219036164434,6.53085443736978,-0.744858544476298,0.534718462823642,0.480491758759198
-0.133509140160654,0.0849211800971596,12.4004717483884,11.7492154608508,3.20722293839365,4.26647278291406,6.4153451493865,-0.736659462990541,0.559996108074238,0.467595087064063
-0.141701496501524,0.0904725165246222,12.291298929076,11.6872620349949,3.11938052612042,4.32148978519346,6.31298440728661,-0.729470555110096,0.585410968922895,0.458053620061606
-0.148562307196936,0.0949662864133685,12.180907959542,11.6414105162112,3.03844315179684,4.38432520723938,6.22183172927911,-0.723171382211846,0.609558659218136,0.451033604325392
-0.152516870135317,0.0974494980480601,12.069114101703,11.6080386695732,2.96528249038887,4.43844962069805,6.14214871605806,-0.717613649021648,0.630607725641027,0.445681120399763
-0.155651926406836,0.0993131625171176,11.9551003511855,11.5841362814078,2.90017312883508,4.47373621880142,6.07673949711454,-0.712746114063257,0.647670032708614,0.44145583967142
-0.158303016853118,0.100818071423752,11.8465596665906,11.5679217577013,2.84260379710866,4.49325509487977,6.02733771945095,-0.708522968388425,0.661400969464138,0.438012885878924
-0.161107604838735,0.10245136577987,11.7512630577603,11.5576709135124,2.79223914549803,4.5016102150872,5.99348780087509,-0.704793765906561,0.672203780953057,0.435322862680417
-0.165137483281961,0.104971108320507,11.6692399770102,11.5537655994538,2.74975666141782,4.49250382618342,5.97507432149978,-0.701392858891351,0.679028195032292,0.433926414146358
-0.169177206787876,0.107588482367205,11.5922242231212,11.5575203999629,2.71504815651213,4.4566790392454,5.97190093455514,-0.698165220610371,0.680731096330293,0.434323371461818
-0.172727473716746,0.109930680019203,11.5142284927099,11.5669769460903,2.68581292704429,4.39435454207839,5.98122521337373,-0.694888144811428,0.677426882298553,0.436222187300409
-0.175550162042876,0.111806784984886,11.4321055787017,11.5782887169213,2.65913987064546,4.31752430165624,5.99739796108219,-0.691287760414099,0.670781032945213,0.438604643535041
-0.177946962045283,0.113411307747503,11.3480464044068,11.592095068078,2.63413423689443,4.23982897921315,6.01587311581577,-0.687270751011068,0.663078969781623,0.440517010527557
-0.172786773597679,0.110175976210812,11.2520529075148,11.6139331964755,2.61188244744316,4.16496763524035,6.03748026848547,-0.683069313643906,0.655565787891841,0.441781680624597
-0.163604702894128,0.104408300413929,11.1526441584293,11.6462465241147,2.5926041510191,4.0929004184867,6.06471424774516,-0.678953155511616,0.64862000249967,0.442609503774564
-0.167201835472557,0.106922095296464,11.0825197740317,11.6859917693358,2.57468357855792,4.02689072617585,6.09725545422809,-0.675031249694583,0.642567329789124,0.443037036397152
-0.178548032256915,0.114409271939623,11.0363653598577,11.7328580271472,2.55659735236122,3.96877257769386,6.13477153449691,-0.671472833793545,0.637612042746406,0.443338281534504
-0.186876405829258,0.119891444197248,10.9884238810226,11.7926646939576,2.53815135272675,3.92121968231445,6.1780020490203,-0.668610456947975,0.63437256933994,0.444139009550391
-0.186914062184178,0.119984668793751,10.9280571353927,11.8687044009648,2.51955834429594,3.88967817974792,6.22600830867205,-0.66686922334936,0.633653917059783,0.445653337187573
-0.18659559226736,0.119836636127366,10.8668331274577,11.9563412992821,2.49990683949368,3.87509668691598,6.27705960489518,-0.666961340092827,0.635336440766148,0.447427644852783
-0.186338645860579,0.119716297194695,10.8107625825703,12.0496655426459,2.47712997148242,3.87412356410135,6.33174436503913,-0.66999755351833,0.638969854341757,0.449045748989568
-0.187526933807921,0.120512761774432,10.7687066546791,12.1470653337763,2.44931697021438,3.88463400620322,6.39341547693403,-0.676904997678173,0.644725925345866,0.450814720008357
-0.189900582735234,0.122079132736189,10.7392765528138,12.2484839165721,2.41555274875396,3.9053721119409,6.46581462700252,-0.687575205699272,0.653041006938461,0.453568172047299
-0.191758550850249,0.123336561836115,10.7146667625659,12.3545882218605,2.37611936344692,3.93331521050966,6.55192823982647,-0.701121853959246,0.66403579023172,0.458095413068414
-0.1938801339276,0.124781596327778,10.6915045179189,12.4685228205724,2.33233574185109,3.96350887621561,6.65457396027084,-0.716711767720797,0.677230869322685,0.46498378779509
-0.194934794192421,0.125544385727226,10.6702138969234,12.591812459562,2.28586275561681,3.99194505068234,6.77445166607615,-0.733579572734538,0.691627792744728,0.47445054356913
-0.196165017494308,0.126430023877565,10.6535099965987,12.7218947255192,2.23834769204083,4.01624804405573,6.90943555757862,-0.750761175069068,0.705968984034709,0.486291417146176
-0.197736851632326,0.127552561963769,10.641814623976,12.8583567428491,2.19150465345684,4.03403187116652,7.05773684703607,-0.767365840904723,0.719178328179744,0.500380085738013
-0.19945036320238,0.128776600486173,10.6328751498739,13.0062656915197,2.14698903862748,4.04559823779185,7.21785384423658,-0.782834328028303,0.731038550762301,0.516754793384766
-0.201053685806191,0.129914760362916,10.6270744866173,13.1687799810392,2.10660361515912,4.05631307860143,7.38557040307586,-0.79687469742117,0.741703799158893,0.534972349675057
-0.202380608853924,0.130831051324779,10.6274572400701,13.3407420148644,2.07268619459729,4.07315372062863,7.55459265282647,-0.809297367094814,0.750433700917718,0.553873573524922
-0.203012632223292,0.131242838423685,10.6345036697371,13.5143963705823,2.04755840957939,4.09868611423466,7.72008363535809,-0.819718154139937,0.75573451982835,0.57222112085358
-0.202209578330054,0.130677226116843,10.6448047141422,13.6871958788545,2.03235094322131,4.12652753371166,7.88008768544594,-0.827248737799212,0.756290470600643,0.589319988743775
-0.199528640387329,0.128863358706574,10.6561484314791,13.8572828058676,2.02653174480811,4.14435638537367,8.03276245668969,-0.830734706853045,0.751136379571776,0.604750677261505
-0.195372474851033,0.126079945287136,10.6716641259038,14.013720060641,2.02861066765901,4.14483549418068,8.17222818466816,-0.829407648155072,0.739919593654405,0.617695297683569
-0.190781666852761,0.123007499005594,10.6973296126099,14.1384481285767,2.03680941576317,4.13146640809726,8.28866874955897,-0.823305756982926,0.723891871463465,0.627005745019513
-0.186536622676969,0.120141573431704,10.7368158520751,14.2179034324485,2.04839572851452,4.1101480206099,8.37392321460686,-0.813280216976655,0.705752681210851,0.632040005476938
-0.182776086771229,0.117560807276335,10.7902220539343,14.2456441894452,2.05921608574732,4.07945039757615,8.42498380033148,-0.800395180540384,0.687687187185985,0.633074989666863
-0.181282744248851,0.116421751224339,10.8548351712889,14.2145942720912,2.06491176137904,4.03285380559008,8.44153161757392,-0.785569998065557,0.66997478389041,0.630935897727882
-0.16932130279059,0.108806601028418,10.8785746243225,14.1038462943245,2.12043384835222,4.16044988630498,8.3179283916188,-0.779657749258762,0.652880465466484,0.614269375279598
-0.167865438321465,0.107178168627644,10.9803252401699,14.0076921211303,1.99199309246517,3.70016082527603,8.49524714903609,-0.745890529724193,0.638065121210433,0.636665999364239
-0.176807736957767,0.113083998144421,11.0032022480849,13.8166499885823,2.02479661501399,3.82381389109413,8.32382073788553,-0.74270087933552,0.629996734056296,0.621262439029021
-0.202634442107129,0.130737655376405,11.580988279894,12.7275551884361,1.62402246466621,2.91508895091724,8.06263312617629,-0.777590539311255,0.548265798761192,0.559890833869176
-0.112807447318899,0.0708163939835267,10.3186770550926,14.3500280653439,2.42561902199195,4.85126648259121,8.28175959777318,-0.664721256553041,0.69780849286475,0.699945560459494
-0.190421139779283,0.121465114125059,11.0100157341466,13.1472571026576,1.83736433290941,3.48821467438398,8.14077125740003,-0.697230020767554,0.605308897638812,0.650957240820874
-0.184457971188474,0.117828609637791,10.8785663141436,12.852206811832,1.89143397768875,3.7707662995511,7.93087979054983,-0.690425046429981,0.606837337346388,0.645242278580522
-0.183871051683311,0.117552941205147,10.8029712576258,12.6033125424106,1.81147673252971,3.64359830407725,7.8711263045662,-0.683580113526165,0.590447547625628,0.648292251181753
-0.179751548073997,0.115030344416712,10.6809341765722,12.363684737776,1.76667358877492,3.62321098484039,7.79382318679067,-0.677267043037016,0.578846733531201,0.648903370327743
-0.176609451603074,0.113167621449256,10.5583782970191,12.1603409049582,1.71704781925278,3.59389048927197,7.74118528596559,-0.673965954505848,0.569712248499217,0.648577633143971
-0.172725970232206,0.110831051452393,10.4368837606968,11.9821925028376,1.67571032317079,3.58661553836058,7.6992184456464,-0.673099687397771,0.563609054053111,0.647129522214104
-0.167956899593699,0.10789460526517,10.3193926891214,11.8260571900621,1.63855130467764,3.5778264516485,7.67135065579137,-0.673752461746278,0.557668956678146,0.645688833521644
-0.162332164694601,0.104351316455504,10.2087533529647,11.6934942526146,1.60571462451147,3.56377583959046,7.65768065676729,-0.675236090507502,0.551137281895102,0.64510564091407
-0.156360734841227,0.100512761021219,10.1119357448361,11.5920974129897,1.57686164181929,3.54833450055686,7.65962527977569,-0.677654137283378,0.545146404597442,0.645844227160813
-0.150467910868442,0.096645374114475,10.035584870323,11.5265394269821,1.55148311924015,3.53629666783601,7.6777242441082,-0.681362309571849,0.540781654476858,0.64792412169445
-0.145470898952393,0.093278530151112,9.98331560040728,11.4945166507084,1.52858017127221,3.52487000150071,7.7125101060626,-0.686251323205275,0.537413522721238,0.651343687847278
-0.142335935732586,0.0910490009457721,9.95660959411648,11.4908710075166,1.50816142757027,3.50950060474949,7.76478151444512,-0.691711907973208,0.533775235384168,0.656323827649239
-0.14039909546184,0.0895494530007342,9.95225279468745,11.5117892761372,1.49207084573249,3.49282249196056,7.83433992430142,-0.697114384048012,0.529898910105232,0.663096710650735
-0.138394901895588,0.0879850953105542,9.96597697447895,11.5551721225333,1.48284128210017,3.48450300389106,7.91952493118271,-0.70232813484793,0.527365610757205,0.671671904142542
-0.136986672320199,0.0868037268601976,9.9936651973395,11.6197312878203,1.48235611170117,3.49655936710176,8.01751733118907,-0.707884061364072,0.528339141684284,0.68177435399718
-0.13342252587441,0.0842456816419796,10.028428472498,11.7023712885295,1.49135099440371,3.53684804895765,8.12489718008027,-0.714396574070275,0.533789683630768,0.692927353343333
-0.112241829845052,0.0703421858766669,10.0535669011355,11.7976262237292,1.50889346447304,3.60318599689996,8.23921835665291,-0.721989132057713,0.542307685346566,0.704704291667646
-0.100337085323505,0.0624509439865554,10.094686235475,11.9013946358499,1.53283187368228,3.6864236315236,8.3581047621676,-0.730397680963293,0.551424086993715,0.716668423773987
-0.0938056544002146,0.0580542113988569,10.1540805525408,12.0116096379808,1.56048873588043,3.77373112732734,8.4764626990521,-0.739072862603435,0.55900633171288,0.728060475351559
-0.0888061782585634,0.0546784864360192,10.2180485514325,12.1222160062695,1.58850516366395,3.84872174914713,8.58564077412796,-0.747158414839208,0.563251810900566,0.737807292000142
-0.0858685994509983,0.0526600696995464,10.2922694021156,12.2190399866085,1.61246436821323,3.89361750130139,8.67396720347003,-0.753736097807391,0.56257392536058,0.744569956061457
-0.085241204973753,0.052146196769639,10.3719371798632,12.2881329654795,1.62742627012281,3.89373480417824,8.72942527274854,-0.758244404897316,0.556312537075186,0.746750014460276
-0.0850443657574926,0.0519124922942854,10.4445196990557,12.3260355314759,1.63058878320153,3.84543618680099,8.74546514571975,-0.760801722163051,0.545530498978884,0.742945960297051
-0.0848570819231646,0.0516850477145506,10.5001371497508,12.3320850852334,1.62258324801407,3.75430138117539,8.72449946856092,-0.761664127562894,0.530959331822423,0.732546630923171
-0.085894617401769,0.0522516849619376,10.5327968366438,12.2995204734061,1.60559528827302,3.62797643885646,8.6741472791463,-0.760557163723604,0.511759031138833,0.716016478991687
-0.0842998700118368,0.0511248650867872,10.5289241232524,12.2262736833105,1.58247940018844,3.48212081722926,8.60138521832093,-0.757302308809791,0.489085770384284,0.694988048423909
-0.0892343880310032,0.0542065062786683,10.5139102537537,12.1255516447555,1.5566127647443,3.34075676678236,8.51315514699853,-0.752543365028829,0.467366005554458,0.672250585338488
-0.0956344309233171,0.058230168955374,10.4794505414524,12.0196514151903,1.53068608874347,3.22275775781851,8.42058648759717,-0.747364110443979,0.450611737309855,0.65142014595209
-0.102328609035843,0.0624394313815455,10.448208386186,11.9259119153037,1.50666971997581,3.1377046627128,8.33663323575481,-0.742627789398586,0.440313687753245,0.635880631782192
-0.105093695179628,0.0641126701398496,10.427615969678,11.8468080864276,1.48612059934399,3.08915283494487,8.26941528701649,-0.738782054951867,0.435880196829909,0.627488281826909
-0.114954847629321,0.0703748177070106,10.4180902582914,11.7786066839959,1.46944536691308,3.07592359651857,8.22319545663364,-0.736417108117022,0.43594472291189,0.626498698950013
-0.112895234078236,0.0689659593457554,10.4023795926443,11.729253788969,1.4568546279994,3.09901691704152,8.20363751674493,-0.736878513849224,0.440647555138229,0.632404894863475
-0.110676942221298,0.0674846655996054,10.3937829967909,11.7132408902304,1.44976148702351,3.16348706455516,8.21550438823808,-0.741705527157289,0.451288288203882,0.643931379134584
-0.109507242935703,0.0667112689166669,10.3931772479398,11.7359301715419,1.44870923591162,3.26567654554227,8.25909541537163,-0.751608896103913,0.467179401911521,0.658828694899109
-0.108608757643188,0.0661361480185094,10.3976103207556,11.7929706912778,1.45181789917194,3.38886225104727,8.33077985805071,-0.766155847317298,0.485231161032468,0.67454386751554
-0.106407227398954,0.0647344565879967,10.3999320869806,11.8705301263565,1.45744778004168,3.51450212804641,8.41944189470019,-0.783397069776887,0.502067819491569,0.688738353481487
-0.102787508178345,0.0624285731041232,10.3946627621833,11.9428685079497,1.46446472972385,3.62140265371308,8.50441971079613,-0.799216071945503,0.514148442000071,0.699645588627672
-0.0989227099866515,0.0599718794558643,10.3841414402545,11.9808321744949,1.46934029196579,3.67872822868178,8.56410063145625,-0.808175196390598,0.517369222948912,0.706753542771284
-0.0921996296547931,0.0556678079167829,10.3704012647789,11.9677116749653,1.46811629332095,3.66315599883975,8.58738662222564,-0.806488789978932,0.509498922748539,0.710799182403028
-0.0849269973741445,0.0509907710791252,10.3575063174257,11.9084683392427,1.46050106638319,3.57862241732267,8.57830356784822,-0.794344675850502,0.491981086115871,0.712984062835393
-0.0770504845835635,0.0458913956759075,10.3475487483607,11.8259320632457,1.44942141579657,3.4500129563169,8.55212772541163,-0.775087867408575,0.468569971315247,0.714582600897815
-0.0636876611319241,0.0372231321020472,10.3162070438814,11.7498808126289,1.43861444563465,3.30717295421368,8.52715280370035,-0.752834664102598,0.443609334330814,0.717041818726917
-0.057904446213131,0.0334075726122941,10.3183184404797,11.7055010755232,1.432034323224,3.17684303957837,8.51715715782787,-0.730788422260661,0.421069900125759,0.721799706100241
-0.054020949647019,0.0307963203431862,10.3381076555046,11.7060557384661,1.43315884428489,3.07654733118802,8.52887251197368,-0.710529373986307,0.403428383645177,0.729949814590314
-0.0519292881580962,0.0293343083923016,10.3760574576944,11.7532730712765,1.44175701444924,3.00350813988782,8.56596929773571,-0.692006406060938,0.390285244093585,0.74232659270974
-0.0510791822542912,0.0286812617710367,10.4316212002461,11.8401657189469,1.45317090784721,2.93611853347163,8.63106737186554,-0.674200642591978,0.37870208971596,0.759451519442027
-0.0512622037476324,0.0287089994278982,10.5028044836661,11.9515705714595,1.46279025263726,2.8554136546576,8.72084968364015,-0.656188116720928,0.365941874433009,0.78089537994539
-0.0630835589744156,0.0362568924721485,10.5945363443033,12.0652296763456,1.4685477088487,2.75876965287379,8.82270620283282,-0.638143333164618,0.35132383790198,0.804725824418726
-0.0646548132243153,0.0372078625853955,10.6687537338682,12.1541327966465,1.46955940389317,2.6557895952767,8.9161039895004,-0.621842516038516,0.335738475948901,0.827229933977663
-0.0626636474061945,0.0358833592565051,10.728878218302,12.1926558672331,1.46549753675806,2.56095382253625,8.97777320471922,-0.61024885650181,0.320472566998403,0.843385513041365
-0.0609723468325986,0.0347820485089757,10.7735450810351,12.1695325003776,1.45756107552732,2.48915784435231,8.99252578213723,-0.606004059890731,0.306655751193754,0.849208394965264
-0.060611166101129,0.0345690770371835,10.8026398356821,12.095188185649,1.44942955930738,2.45462173388535,8.96093681326732,-0.609720201115065,0.295761507205283,0.844375125443379
-0.0615538089512485,0.0352197553434249,10.8221249394587,11.9926291767784,1.44549284130992,2.46710618838461,8.89579838422673,-0.619822283317224,0.28961481261944,0.831994665791943
-0.0639083017746519,0.0367899942471484,10.8385756696811,11.8839236865598,1.44728598799085,2.52372001288252,8.81415688557009,-0.633863892937611,0.288941939163924,0.816055324003566
-0.0673321756422501,0.0390415421632266,10.8563911482602,11.7848900360773,1.45322472520152,2.60917750337012,8.73081903764726,-0.649539781258658,0.292716613109395,0.799473455359234
-0.0718917878371915,0.0420028613818159,10.876340755861,11.7046241873891,1.46111830419074,2.70536681843463,8.65406708182605,-0.66492600460046,0.299158562479227,0.783717812374057
-0.0771992446317156,0.0454207215373319,10.897235849935,11.6457840013857,1.46957712249022,2.79862242347764,8.58647525498504,-0.678666263565447,0.30665929327511,0.769300693356886
-0.0824476309350257,0.0487827938035253,10.9160236914333,11.6066362457919,1.4780068269532,2.88170223482333,8.5290152954836,-0.690256178561093,0.314002679559192,0.756424669819641
-0.0868679037652992,0.0515995563352177,10.9308365796481,11.583767852883,1.48596316367288,2.95201940322052,8.48363390921106,-0.699803715629654,0.320328957477635,0.745435998626462
-0.0895202252856513,0.053265335876307,10.9434677788451,11.5734245350811,1.49278350973491,3.00888306066002,8.45238191149356,-0.70746619809139,0.325141878266087,0.73684137993291
-0.0909537870480077,0.0541393059957235,10.9525160081702,11.570794515384,1.49815058536427,3.0531145308478,8.43499736736969,-0.713172245424882,0.328407629390908,0.730962768261375
-0.0921403761138686,0.0548538235543086,10.9608422669246,11.5686632623605,1.50244521702323,3.08698190134352,8.42723924185423,-0.716737431321292,0.330338562296686,0.727608945938964
-0.0838854495294184,0.0494863657039408,10.9485589956562,11.5597302075264,1.50606725433637,3.11293224394895,8.42279573386016,-0.718138853662266,0.33108244950702,0.726216994245921
-0.0824443993977711,0.0485183569075912,10.945776701611,11.5426556999615,1.5085807677764,3.13259446352986,8.41818531649104,-0.717780917813248,0.330761678380839,0.726345243725209
-0.0827251196839889,0.0486671926590041,10.9458716872162,11.52374849536,1.50897384440501,3.14706731187586,8.41490064875451,-0.716428129515174,0.329602697147998,0.727866787059329
-0.0822161427657588,0.0483168233631722,10.9419499406853,11.5103025698273,1.50729024243944,3.16019771657673,8.41559576521805,-0.714845484372824,0.328213869557645,0.730666400475962
-0.0826194973245122,0.0485647073641357,10.937940392756,11.5050789523426,1.50463726089283,3.17783541781177,8.42051911885351,-0.713560052443304,0.327494323590222,0.734445887008799
-0.0871185226446171,0.0514584039706604,10.9450596202706,11.5087741152527,1.50056172992048,3.19907414407894,8.42916439506597,-0.712766763417927,0.327651881563882,0.738960244028261
-0.0917976328145199,0.054474012059572,10.9508328737321,11.5218269678457,1.49327246846592,3.21700162564248,8.44203966579187,-0.712570576230661,0.328206424471962,0.744129572765696
-0.0957539104160852,0.0570321421878639,10.9540242475327,11.5406565796957,1.48326834184732,3.23141426469507,8.45797092275182,-0.713220965400222,0.329333208655744,0.749829621202348
-0.101685805524125,0.060876508872454,10.9656044512837,11.557178997008,1.47376708599033,3.25033254219152,8.4731464367351,-0.715096546101943,0.332024879300725,0.755799448782971
-0.109360749749996,0.0658661747042832,10.982917889612,11.5645615165724,1.46688644131302,3.27767657393746,8.48415849297572,-0.718479270333977,0.336841316827367,0.761886063832827
-0.116997003970962,0.0708621538784133,10.9970223914295,11.5600350002016,1.46199672282922,3.30838576741509,8.48965374428737,-0.723501775216882,0.343425620578694,0.768165263401563
-0.125084612722117,0.0761865267483657,11.0048404936215,11.5421668735951,1.45908606438682,3.33942265293545,8.48866212129938,-0.730366619838283,0.351567890177189,0.774765477023308
-0.115301163591831,0.0697152978470912,10.8590487407021,11.8334234844597,1.26021019828026,2.88778512086862,8.68756549631513,-0.745045008944353,0.327860020107745,0.798769256355173
-0.168663132128443,0.104815867011824,11.1745668764242,11.2367193159463,1.62383865954629,3.79505936995154,8.32281478999643,-0.741831187846897,0.394181159107556,0.78514253968179
-0.152587881285708,0.0944620935939622,10.9718598821615,11.3953762941597,1.49739457428132,3.53656424917028,8.43561126541565,-0.763058784643776,0.387498307427554,0.804042095668377
-0.161727525094767,0.10056716368066,10.9547334005673,11.3485488121667,1.51195649981421,3.59574407277508,8.43019082907124,-0.780982240364741,0.402389184044336,0.817471667906237
-0.169239731764488,0.105617819218317,10.8910935108083,11.2905503216093,1.65064513294192,3.91236339410798,8.35527816757485,-0.799998633392014,0.423934403374367,0.832526414544283
-0.200716021646979,0.126281546104373,10.9561517868868,11.1859751643928,1.48716354239038,3.64001965724077,8.45008190784261,-0.832004160202327,0.445845385476927,0.845859426443265
-0.207965867636538,0.131234327280736,10.8834803619891,11.0834411332614,1.63066116965793,3.98660838645376,8.37041506968762,-0.859436593998888,0.475454309614276,0.861699838434184
-0.217070419375779,0.137419849594658,10.847196638819,10.9829639670678,1.67882821836766,4.13986555181977,8.36103278520428,-0.892273872146902,0.504947967552352,0.879808697322613
-0.225455601239577,0.143083324022389,10.8126935940702,10.8766641823138,1.73271042803205,4.306395034274,8.35240769356528,-0.929311968899977,0.537492729895211,0.897758916776527
-0.232716373289914,0.147899373825375,10.7749075729391,10.7681216402962,1.78702254626432,4.4718899981545,8.34415138277493,-0.970813639095464,0.572295261814633,0.914372848428673
-0.223922053661415,0.142204958643365,10.6964432533697,10.6578799620366,1.83653197612162,4.62100652577135,8.33567102871664,-1.01691058746104,0.607976958123727,0.928412967512503
-0.223213421430162,0.141608023142145,10.6635778468299,10.5484041847856,1.87666071613711,4.73663759042082,8.32984011178174,-1.06802762674847,0.642560787158575,0.939353850537259
-0.22739442716523,0.144173990706085,10.6429623575035,10.4406520349501,1.90765798074583,4.81252953458089,8.32838907742392,-1.12443728972211,0.675003644789542,0.947001903331967
-0.2298101213441,0.145692994918482,10.6269436979713,10.3321178017898,1.9339775431438,4.85560910278371,8.32942141126608,-1.18653508176445,0.705754663384834,0.951220285335502
-0.230671650230546,0.146308072944383,10.6152396652235,10.2197486115521,1.9594620474388,4.87501774872395,8.32977933212089,-1.25435104636394,0.735638554858262,0.95214797874947
-0.229916774557349,0.145950432455749,10.6087137911623,10.103009637569,1.98549380957232,4.87589368647417,8.32760032949226,-1.32737086133756,0.765108451327746,0.950339454133995
-0.227388445680383,0.144490484920126,10.604837782851,9.98389147107266,2.01387019713152,4.86528150871684,8.32226039887046,-1.40500698714855,0.794933146514479,0.946503797062619
-0.227715065786958,0.144893383000577,10.6098803462387,9.86676833138806,2.04693078565754,4.85212653396792,8.31504411196225,-1.48700045428275,0.82630470185324,0.941379617751839
-0.227089118957738,0.144693972455414,10.6136241574403,9.75883667556946,2.08432406989997,4.83821397908195,8.31096182655868,-1.57335791030819,0.859642731082208,0.935920706807433
-0.225975192023321,0.144191679829542,10.610943854275,9.66717106278823,2.12361393845582,4.81830053821015,8.3166553323223,-1.66426424106102,0.894209896614733,0.931001657313688
-0.224756792571879,0.143633341786796,10.6004926911873,9.59537615106169,2.16218804407674,4.78564886916248,8.33698896614097,-1.76010677145895,0.928835062093555,0.926911401732873
-0.22356699118365,0.143100321312371,10.5764837410613,9.54305091501055,2.19698048989434,4.73448978998018,8.37364414025117,-1.86175721066145,0.962731147643913,0.923172478273028
-0.222923215554662,0.14292111864382,10.528732181543,9.50456267768261,2.22593620560554,4.66537331837063,8.42279296895742,-1.97026128371521,0.996320400467135,0.918185444580974
-0.223142201452193,0.143296500908171,10.4585204808866,9.47089789798513,2.2491506284453,4.58545220576734,8.47621389848273,-2.08634123908693,1.03102345497176,0.909458989803177
-0.224670496108414,0.14451120656319,10.3684635479486,9.43655864609837,2.26656486062014,4.49914714919679,8.52786445045426,-2.21057131238372,1.06785721771143,0.894943389072813
-0.225952304452446,0.145558247065926,10.265026513683,9.40193512923942,2.27667603033593,4.40407736320179,8.57667808908695,-2.34349219095255,1.10664982431652,0.87381263694917
-0.227450621304777,0.146743349979293,10.1564562943908,9.36831180157846,2.27891684165379,4.2986674677386,8.62231060821255,-2.48506486578576,1.14690680601422,0.845790941691807
-0.229454486532974,0.148266818196781,10.0402087987025,9.33488540384274,2.27529300751749,4.18819388300354,8.66237253727825,-2.63456813830792,1.18899609141687,0.810448435647312
-0.230158589022188,0.148970987788146,9.92032138919361,9.30233793119905,2.26801799455865,4.07832667847821,8.69653557574925,-2.79137788938289,1.23341614541551,0.767968807437269
-0.230325355252486,0.14933862236187,9.80928471045885,9.27505561757041,2.25735199075795,3.96756453804961,8.72969316533247,-2.95517757413458,1.27927675810671,0.720164054404986
-0.230001696285306,0.149372156264517,9.71360430870803,9.25678304485761,2.2433726474471,3.85223403170714,8.76686667393552,-3.12506057744368,1.32503465124204,0.669455400354999
-0.228799456477909,0.148805719789058,9.63371314345889,9.24706225662719,2.22867616015068,3.73592548688018,8.80726759804776,-3.29940351108154,1.37056258222266,0.616767130490752
-0.22838514858628,0.148734533804811,9.55930522165228,9.24378032287709,2.21815064577647,3.62930549299077,8.8460670113043,-3.47702875978805,1.41736786054272,0.561064168517856
-0.228126782205073,0.148779453952805,9.49532991509518,9.246226424603,2.21599244932771,3.54206228181035,8.87958615326188,-3.65780754507477,1.4670432820409,0.500579130832707
-0.228540136410176,0.149281301478161,9.43669925703792,9.2550702590874,2.22264105552648,3.47568151879217,8.90837794485281,-3.84216190486055,1.51964744041012,0.43447363510182
-0.233147284300541,0.152505262594402,9.36859251046329,9.27124009754875,2.23458273275,3.42220745092422,8.93740684598414,-4.03014617092247,1.57303344495585,0.364031375584068
-0.241587742267607,0.158215180965931,9.30544019862814,9.29351487877526,2.24784421005863,3.37204584954201,8.97148408385478,-4.22065324557432,1.62433891506121,0.291646236551242
-0.24938301834912,0.163518085363971,9.24247608467619,9.31667261009917,2.26096132334151,3.3226412770413,9.01028005123873,-4.4116651833205,1.67215929337086,0.218482067835859
-0.255670948067067,0.167856354875725,9.17477954671649,9.33426778593782,2.27363062326954,3.27661781568265,9.05048361694726,-4.60155015066058,1.71657688915183,0.144107902577992
-0.260509182178086,0.171264315412046,9.10292860177525,9.34323642351559,2.28466309731668,3.23427184523718,9.09106508673814,-4.78939027103039,1.75755447852389,0.0681716332994253
-0.26705736659806,0.175790173600223,9.03938262904466,9.34547147659915,2.29332177041537,3.19175825672111,9.13382225410081,-4.97416587141206,1.79406380176786,-0.00837191800959325
-0.297308078169686,0.195678091311223,9.07135845473459,9.34673086803285,2.30098736624152,3.14447249031759,9.18127247767993,-5.15481226912615,1.8246727403543,-0.0833204145477801
-0.302706539144149,0.199508873751255,9.03426587044025,9.35274609180669,2.31016887842468,3.08922132105243,9.23522564016493,-5.33053759847087,1.84820645580573,-0.153524164550881
-0.308769482384518,0.203756354720953,9.01518835365619,9.36371954510467,2.32347840840681,3.02703907542994,9.2937248045785,-5.50028746051247,1.86439211540932,-0.21625046184082
-0.315396867351232,0.208321174111785,9.01608881152246,9.37454813640981,2.34297715172026,2.96482136873312,9.35050486839276,-5.66302600601843,1.8745499497183,-0.271097548521832
-0.322357379329734,0.213033993293459,9.03353153914866,9.38086614709626,2.36818521810464,2.90962548012917,9.40093309829891,-5.81851287887246,1.8808092479594,-0.31884785671063
-0.330081370950067,0.218173481304815,9.0576988915449,9.38201004013069,2.3954402326553,2.86398177905051,9.44515437205624,-5.96712582288907,1.88494907007416,-0.359711022326793
-0.342134579969266,0.226059243339475,9.08748332314014,9.37970612928991,2.41989467125472,2.827392415343,9.48541116677395,-6.10918470424505,1.88821141715493,-0.394021924849951
-0.349958285861105,0.231165083482479,9.08346075040339,9.37634892923896,2.43780833055334,2.79712363485431,9.52474464017052,-6.24402838126908,1.89105493641279,-0.421859260194082
-0.358383307468602,0.236674962466727,9.06827803618666,9.37393742894537,2.44823288192541,2.76954169068163,9.56690823369839,-6.370116923726,1.89339347221839,-0.441898051551335
-0.368727458013931,0.24352094918462,9.03381288671237,9.3738517295278,2.45329938829917,2.74352207541597,9.61488442993292,-6.48643253045528,1.8955939579574,-0.452306566814964
-0.382577928737678,0.252816413447193,8.9964207843754,9.37634253659142,2.45620982823618,2.71983080486035,9.66973185565478,-6.59228543815334,1.8984821507014,-0.451334321685886
-0.388064263181822,0.256873237882441,8.93661328031978,9.37985689283555,2.45940368864066,2.69938989851312,9.72972603379685,-6.68640540661533,1.90287126891215,-0.437767871496356
-0.408478493231126,0.270421984773539,8.84981566641371,9.28886132202323,2.36064377276556,2.74717001736477,9.66588537667677,-6.79095843531778,1.9056721116174,-0.447858096267367
-0.398998760251536,0.265314896931024,8.93931484827387,9.45554303974676,2.60056811265223,2.64172381778018,9.96214195184917,-6.81638643888451,1.92376093442899,-0.34655947364951
-0.41767802201839,0.277593819840065,8.88138160145074,9.38061016781255,2.4901594781056,2.69297500070197,9.89733044830582,-6.90172626647092,1.93249590812172,-0.344294174872329
-0.431304587945969,0.286726733914273,8.9016730807631,9.34786865972807,2.51850100860556,2.74067905036581,9.91964783043252,-6.958462821536,1.95034185336036,-0.311103401323361
-0.444337619879851,0.295394004112331,8.92403852394559,9.3136376681443,2.56018220747335,2.7936354912124,9.94350706185719,-7.00472964994047,1.96914836484682,-0.272216563641686
-0.4568488647874,0.303649691476935,8.93362213592762,9.26792068739641,2.62127261062474,2.85966190758625,9.9630863235473,-7.04301396466703,1.98835442002205,-0.230921100557834
-0.469452327023849,0.31191861847173,8.93333758920071,9.21587942574607,2.70634344391791,2.93387615525138,9.9858268492066,-7.07524102152343,2.00712146000312,-0.186520111586464
-0.482412037115757,0.32039889191999,8.92562185428917,9.16808522224377,2.81820529783087,3.00689992079221,10.0227431123711,-7.10252802034332,2.02435101063743,-0.136622218334619
-0.496771597945558,0.329771909968276,8.90960131806978,9.1362415432785,2.95999772922177,3.07302436494853,10.0808905784245,-7.12688296410099,2.03926067183329,-0.082055296611569
-0.513643042841916,0.340730749187255,8.88238355107658,9.13364561379212,3.13575863335378,3.12994768117437,10.1641278032784,-7.15131443929715,2.05163526769341,-0.0264637950636732
-0.535954996360353,0.355086656262507,8.89613874440018,8.91919206522744,3.27806862279257,3.24521236333488,10.2162824682834,-7.17110770141637,2.05892707818641,0.035500447915935
-0.552589103862984,0.365739618559212,8.88062778671961,8.81763010912192,3.39556429835454,3.29680911083966,10.2974897454209,-7.18709177555336,2.0607193401071,0.102370352521475
-0.569449833002616,0.376634983319459,9.06961287932446,8.02704394121829,3.11091183238767,3.50244576479421,10.1202359052936,-7.1842290880943,2.04467067341061,0.171583173363981
