-0.145003194794637,0.0984614005042718,9.07035162387056,8.43414315519456,2.8671131559185,3.78375671296062,11.3779853595167,-7.75567544294897,2.07094861555483,2.21920422966345
-0.145003020896414,0.0983596498157821,9.12875283859298,8.96206479874103,2.76838991847331,3.66721169017843,11.5054782222562,-7.65615118621002,2.12959608872082,2.11926296604802
-0.150420970457353,0.10186058610576,9.25170540710155,9.49235968501831,2.68250202949756,3.52790802952874,11.6974337639184,-7.55015487572257,2.18803220034258,2.03312812878193
-0.157656589928002,0.106566906879585,9.41402886357671,10.1874585990578,2.55597738166521,3.33807982618095,11.8991059818704,-7.43983654675508,2.24703726511212,1.9456828058966
-0.162899889748961,0.110200130323344,9.47701637858008,10.4666595855032,2.46998864334967,3.30446669835921,11.9581717286965,-7.32503594485845,2.30886760167023,1.84090286968551
-0.166182656589603,0.112635274351918,9.5262787585514,10.7320790295454,2.38059959385495,3.28009233338129,12.0041236442907,-7.20301294149241,2.3711091117833,1.73911217834392
-0.168195665303282,0.114243177349171,9.53816537973766,10.9253805875286,2.29267299811368,3.28081175310948,12.0190160616735,-7.07166295296324,2.43156158961913,1.64340651109747
-0.169914727460465,0.115590132650947,9.51794610095459,11.0512907493985,2.20682270473067,3.3008213951821,12.0094699927797,-6.93040458829135,2.48824770854585,1.55838530094948
-0.171132906859837,0.116524890306327,9.47522989340032,11.120541617363,2.12367691151988,3.33476095398838,11.982675354701,-6.7801009560323,2.53972517017471,1.48665127216912
-0.172131743055998,0.117243410818589,9.42133631298466,11.1459386291996,2.0435263126285,3.38001779400401,11.9439654988564,-6.62254421942742,2.58533580880765,1.42844594011833
-0.171489164354899,0.116836697242555,9.34930913295887,11.1405059848129,1.96597820214152,3.43566273360563,11.8964927843658,-6.45980962542256,2.62498784384716,1.38225228287219
-0.169063146854186,0.115235210737097,9.27129295510003,11.1156197501969,1.88999703812439,3.49883518248177,11.8425258491124,-6.29281396256768,2.65813620093997,1.34704624585916
-0.165514491019514,0.112885305231867,9.19561964219227,11.0790605016875,1.81421374205037,3.56303733728475,11.7842336296822,-6.12067342910535,2.6829205049628,1.32383658702263
-0.161113930158217,0.109969357853655,9.12474359806145,11.035441463256,1.73810495435916,3.62198592040357,11.7230520150339,-5.9423775150872,2.69715457084118,1.31367649500894
-0.155889071702827,0.106504615843277,9.06407286046906,10.9887518350077,1.6632309150015,3.67457924110233,11.6595218731138,-5.75889656610799,2.70024633871311,1.31504845447356
-0.151415705710921,0.103500097404978,9.0123525697038,10.9433889550391,1.5930200651082,3.72488905195499,11.5943242375758,-5.57292814080523,2.69355920684756,1.32456460108696
-0.147439082012408,0.100781627999353,8.9607985197919,10.9025150456992,1.53088271585182,3.77800421657431,11.5286952292542,-5.38713576435548,2.67903798094821,1.33946921705765
-0.146841151321217,0.100154523486639,8.83824496628162,10.620953574135,1.2403651973879,3.76683710708271,11.3220083904842,-5.21479284448193,2.65410898898689,1.3292327383161
-0.139373018348826,0.0952536539513304,8.93662469305912,11.0746681974143,1.64125389242757,3.9527965925776,11.542383793219,-5.00688785859655,2.63117900638243,1.4105368317738
-0.138620585440984,0.0945291884115303,8.82226024225338,10.8162853146584,1.41471157098656,3.97036388928937,11.3536745348408,-4.83894400323528,2.59716552927948,1.41361140920741
-0.1366335048973,0.0930691213889939,8.78383017222212,10.7778156027186,1.40968317629213,4.0562421641908,11.2964470420727,-4.66368725891267,2.56057463358074,1.45072901002194
-0.134918092870066,0.0917820857707106,8.75760170295779,10.7451763492669,1.41617238619272,4.14349079055208,11.2474888885694,-4.49200854686052,2.51882090737232,1.49663234875204
-0.133049258527703,0.0903856502889471,8.74360971848045,10.7099368970738,1.43116003411726,4.23348241825238,11.2015234274837,-4.32490638014576,2.47249129743007,1.54930011859464
-0.130132336399285,0.0883028267897571,8.73784618926483,10.674657858009,1.45107816087525,4.32612517415964,11.157680790465,-4.16351468931442,2.42287733221558,1.60598223237306
-0.131802105422958,0.0891833090478505,8.76209686627431,10.6429214285917,1.4735026576405,4.42131741535799,11.1158649006915,-4.00855839479962,2.37080043351204,1.66412565474964
-0.132592907030457,0.0894899693463072,8.78963057448106,10.6175723317347,1.49634353637666,4.51579368300546,11.0769086192316,-3.85998068771049,2.31542804788753,1.72232832211538
-0.13239815052083,0.0891606600739317,8.81753652520261,10.6031227372573,1.51695804784694,4.60367643964378,11.0429983825739,-3.71747694223144,2.25537093289787,1.7792637792096
-0.127366032285183,0.0857024921864946,8.8164267472184,10.6066493467557,1.53297033504108,4.6807094293903,11.0168166483514,-3.58128017580667,2.19066508958695,1.8324871682688
-0.122019720420831,0.0820386239290181,8.80744491485307,10.6344893945231,1.54425442979781,4.7476078781155,10.9996316034002,-3.45219449613521,2.12322535115581,1.87883458786699
-0.112440153762611,0.075629465762595,8.79253145846238,10.6883338163958,1.55306913120094,4.80803153852074,10.9905457702333,-3.33102156815798,2.05530753338669,1.91615550131029
-0.101168723628396,0.0681063864362676,8.77713184133093,10.7639240040469,1.5615600192727,4.86297874230631,10.9871560885481,-3.21816898955905,1.98769260240851,1.94455204348032
-0.0932488415082235,0.0627129143838019,8.7543682205894,10.8529223702073,1.56980122899277,4.90859471089003,10.9863610575237,-3.11361454890955,1.9196147417733,1.96587776428263
-0.0864527398457923,0.0580164496239811,8.7462972574628,10.9462754091611,1.57610915886827,4.93952497393353,10.9848368356501,-3.01726604574875,1.85040382826601,1.98224348723753
-0.0756609324734319,0.0507225159664811,8.73498144179093,11.0368815477733,1.57873817307402,4.95384590469191,10.9790616771237,-2.92916188791058,1.78108896617021,1.99474928705513
-0.0482919364972741,0.0327299742258486,8.69329644604911,11.1208562000077,1.57755815736976,4.95445701330213,10.9658491489016,-2.84908201249608,1.71404198033357,2.00350015978453
-0.033599832874146,0.0229554531810214,8.67151395957896,11.1971596133874,1.57363321038026,4.945189046924,10.943516823804,-2.77605363102072,1.65085542954669,2.0087965331356
-0.0193316908233504,0.013507421272287,8.65452945540937,11.2662625474243,1.56724669051928,4.92687643225353,10.9119229393464,-2.70843108255318,1.59104014456248,2.01170211534463
-0.00357353003584603,0.00315944961688288,8.62536056907727,11.3300686822513,1.55788791883198,4.89872843980068,10.8717404446124,-2.64446444271576,1.53283468061837,2.01330953082955
0.0116396181195886,-0.00678568793797809,8.62769520739235,11.3934650240912,1.54634793697781,4.86286740854789,10.8245629496803,-2.58285786094714,1.47502200508363,2.01390372493332
0.0172030968001178,-0.0105090402477939,8.65445834389141,11.4648748959306,1.5351647801608,4.82547222076014,10.7732369845621,-2.52292492885249,1.41786334126078,2.01301833328477
0.0230552415046071,-0.0144781441435988,8.69997775686926,11.5523447399055,1.52653439553469,4.79268689717222,10.7204969391839,-2.4643609774198,1.36228919110217,2.01006783493638
0.0276972803713232,-0.0177222005472605,8.75714611542922,11.6568950102267,1.52117365971356,4.76831610594629,10.6664515698017,-2.40718953708949,1.30912772219555,2.00455176371996
0.0295621754483159,-0.0191792523890828,8.82774218138973,11.771221823186,1.51903047105599,4.75530950452044,10.6086532548461,-2.35193587033467,1.25940638330494,1.99597603063325
0.0319680659995199,-0.0209481526733285,8.8924493261464,11.8847691368608,1.51902177181119,4.75399101700871,10.5452154433665,-2.2994299248399,1.21399006665915,1.98428279779075
0.0365755569496633,-0.0240833319092117,8.93992587303377,11.9879219470638,1.51765334030048,4.75848711387862,10.4769656807306,-2.2503750807182,1.17271597642134,1.97019989653741
0.0270419790744308,-0.0180314922478656,8.99948960700838,12.0738742286174,1.50967607549247,4.75968326579675,10.4069888277646,-2.20521334911459,1.13504703278759,1.95471141119658
0.0295165201831784,-0.0196708090602548,9.01868047608207,12.1404308657387,1.49161300150233,4.75246009618489,10.3394717458463,-2.16412746595525,1.10115304365646,1.93845815396913
0.0342719235005241,-0.0227389588810856,9.02282338896211,12.1905084837162,1.46410706984243,4.73713533707379,10.2793032866837,-2.12681935522271,1.07111939500217,1.92200206436048
0.0378890187422458,-0.0250600350513256,9.00852546604063,12.2316830496494,1.43056743979293,4.71542407384544,10.2319703021136,-2.09243133994161,1.04385644698688,1.90623400886318
0.0302108627241804,-0.0201017591858603,9.01913267813098,12.2754459448376,1.39505045020742,4.68946918230788,10.2024089814344,-2.05998079615143,1.01801347560721,1.89199090463537
0.0324727321855292,-0.0215710594446901,9.01118658947056,12.3336671034384,1.36107464096102,4.66264498966629,10.1928230660824,-2.02877931445309,0.993132912292108,1.8794986558227
0.0358434023639745,-0.0237596606967917,8.99476318125597,12.413524486679,1.33011020520457,4.63643465057664,10.201348812653,-1.9984182329535,0.969051705219373,1.86853146416974
0.0372131298823874,-0.0246583099695163,8.99266621476048,12.5153137007045,1.30101045891516,4.60824194002597,10.2225317877177,-1.96870928091932,0.945256458367206,1.85878836019285
0.037327282775394,-0.0247553987905174,9.00538139835535,12.6336664242264,1.27204956310221,4.57516553158927,10.2489764500813,-1.93971298617564,0.921566495898769,1.84984993653488
0.0376316453014768,-0.0249794932103231,9.02523314552467,12.760507147385,1.24276195614269,4.5372821437981,10.2736749584303,-1.91151491768797,0.898511583198155,1.84120031625791
0.039313888820503,-0.026066995560777,9.03793883908065,12.8887797828324,1.21363626384611,4.49684606896209,10.2921751949524,-1.88403232212916,0.876845242021776,1.83251140983462
0.0420666591359254,-0.0278047155698588,9.03532422790485,13.0141383544667,1.1857877304722,4.45750965886345,10.3029782499173,-1.85696416937598,0.85711079768369,1.82373073692621
0.0468225943742447,-0.0308260320408091,9.01429109561567,13.1336335240015,1.16082126916647,4.4233122905482,10.3064734102674,-1.82974438104774,0.839250770515631,1.81499760558663
0.0504195206401348,-0.0331241382701285,9.00321551591997,13.2459636865622,1.13985702758453,4.39685026073403,10.3044205871614,-1.80171019272394,0.822702035406637,1.80654724318028
0.0505592354951474,-0.0332152813202601,9.01803057602881,13.3531482891098,1.12276816896269,4.37890821585761,10.2996312804948,-1.77247049408244,0.807086638623601,1.79850384646235
0.0483797189758237,-0.031816218700131,9.04505403306823,13.4584173028362,1.10858567062375,4.36945033022922,10.2944620926196,-1.74198647079615,0.792460484298624,1.79067642698896
0.0456142323911189,-0.030022833409613,9.071485341714,13.5622840086404,1.09667499396456,4.36826956061613,10.2893352944026,-1.71040120695025,0.778938537111437,1.78260903237374
0.0424833369859029,-0.0279450434378784,9.09650536699946,13.6619205067858,1.08706144716024,4.37385850853572,10.2829911755979,-1.67788702042316,0.766262174047427,1.77383221655444
0.0385021624017322,-0.0252352000335426,9.12374959266095,13.7530439552593,1.07947755652776,4.38215388033345,10.2738659130817,-1.64453131125341,0.753735200535019,1.76403830796004
0.0348250900469533,-0.022617201068809,9.15599281323086,13.8317228481029,1.07277634242962,4.38760738532548,10.261004763562,-1.61030331761484,0.740622370972245,1.75310198085368
0.0310751623536654,-0.0198477039968776,9.19503724182341,13.8950348851369,1.06541038126856,4.38534142309129,10.2438814170012,-1.57515343520917,0.726533756609523,1.74101102755978
0.027188636425514,-0.0169338398203547,9.23917666213999,13.9403694965073,1.05624063542548,4.37273837787777,10.2218379672962,-1.53912022724843,0.711487229332091,1.72773381351937
0.0235814024808417,-0.0142620505379227,9.28441457748976,13.9649205655215,1.04485844139454,4.3502865305499,10.1942035572683,-1.50234606543112,0.695937424269277,1.71315537590439
0.0202297679178991,-0.0119391452847788,9.3276803219551,13.965831517878,1.03145040408331,4.3211371787116,10.1606005696411,-1.46504571564854,0.680653629530362,1.69713453621781
0.0181879028205365,-0.0107319147871124,9.36332339420048,13.9399930682266,1.01662466454622,4.28914952121146,10.1205363318861,-1.42742248105264,0.666195236031532,1.67954748255719
0.0181917474539148,-0.0111632838367287,9.3867818388233,13.8844897377112,1.00137834923044,4.25757622782562,10.0730940307448,-1.38958658994837,0.652607000954685,1.66029021144296
0.0221666076021477,-0.0143619780537363,9.3943165363791,13.7982927340979,0.987505498548443,4.2306686228504,10.0172803242224,-1.35171780238738,0.639842403518913,1.63925395019516
0.026259331889077,-0.0175522712573446,9.39274565324963,13.6828372775559,0.978164775083519,4.21640882001023,9.95211905574367,-1.31422120892072,0.628459011952463,1.61623023237179
0.0292799892078434,-0.0197208975989697,9.38234266359174,13.5407055724466,0.977533339299698,4.2256352395366,9.87666471426193,-1.27771175926337,0.619524518738571,1.59090718751118
0.0298342076931216,-0.0198703839744696,9.36566360586696,13.3748182323024,0.989332173168536,4.26680684800227,9.7911232148763,-1.24285679449441,0.613516672227421,1.56311709114649
0.027254659589584,-0.0175993210081911,9.34488775768406,13.1904831646479,1.01533487220469,4.34142001612651,9.69877228432296,-1.21014336873201,0.609704139590232,1.53317472700316
0.0201412858021064,-0.0121982477910886,9.32742548124848,13.000119030298,1.05438475705702,4.44164049564755,9.60733897539906,-1.17986440271523,0.606442127138796,1.50215448555633
0.0108623850513698,-0.00549052896255718,9.31455596310494,12.8259325108861,1.10272513089307,4.5510868002024,9.52895638879242,-1.15157918390813,0.601620604556704,1.47193860925273
0.00165056793419592,0.000895677353803769,9.30553566641334,12.6962197740805,1.15644863143018,4.65284422381872,9.47849352230199,-1.12495578979836,0.593710740603089,1.44490210868375
-0.00600319448100255,0.00598551101364083,9.30556811853779,12.6336513219106,1.21309653835302,4.73694874008171,9.46850787089442,-1.10003940711002,0.582678168712763,1.42326950437635
-0.0102582088174048,0.00863355962757155,9.31306094589259,12.6401234320215,1.27017679840071,4.79755178352954,9.50081403063098,-1.07701154350627,0.569167499229862,1.40817119819714
-0.0123956634107875,0.00967005993056613,9.31807768194277,12.6946327391757,1.32407968028159,4.82932848582296,9.56308982371195,-1.0558615560058,0.553397135478199,1.39902278014775
-0.00549803969219861,0.00463525696655778,9.27946758779628,12.7532969489583,1.50334950238247,5.06897340610071,9.60168933766378,-1.03353825307702,0.542377610207884,1.39552849967601
-0.00306302775295433,0.00235793196906774,9.33091130996231,12.8622536104135,1.27642562345557,4.57140405010087,9.73623643764973,-1.02362878301823,0.510289010918711,1.38832381977635
0.0367687925587074,-0.0239802915523327,9.41799716135231,12.9158791034136,1.43535722570956,4.77282736464245,9.75255420364567,-1.00437242244468,0.497308321170106,1.38657237023669
0.0501844913170008,-0.0330834055559556,9.4875759200448,12.9870071940539,1.46670945497768,4.76231958883659,9.77779898239327,-0.988741011937731,0.478820458213195,1.38205201975825
0.0501034602705514,-0.0333402433656201,9.47570278487921,13.059430497402,1.4804363629334,4.74458908165334,9.7814803627433,-0.974565748741671,0.461927199808435,1.37459554885855
0.0461367367274872,-0.0310302083433163,9.39219647454384,13.1360771733332,1.48588918294144,4.73840017636906,9.76485894996065,-0.961870674165366,0.447970911480671,1.36405876217369
0.0430244475818693,-0.0292505868494869,9.28144992407221,13.2178355641907,1.48587260128276,4.74416036348895,9.73473768762975,-0.950930580501772,0.437365642392005,1.35101028560116
0.0346637390604079,-0.0240630354703079,9.20165203594509,13.3053682369857,1.48265366543393,4.75708059126237,9.70066708287485,-0.942099030027273,0.429844132584906,1.33651720853217
0.0307189044645984,-0.0216889293499502,9.19187914939257,13.4005171429418,1.47775451199079,4.77143755297666,9.67295217628215,-0.935894374461377,0.424931659679136,1.32170634870658
0.0619987261707889,-0.0421846632415148,9.09457227985484,13.8532484248666,1.3431658326233,4.55982403983266,9.79492433642932,-0.934041602044722,0.413207146068791,1.32186758585057
0.0194523804647019,-0.0143660921154796,9.21172188400987,13.227173802374,1.68512725852878,5.20041764882112,9.50270626592569,-0.929248794019769,0.437514199871275,1.28071370014345
0.0222863593353284,-0.015949252646687,9.09755646778236,13.8194392297833,1.38380282291393,4.66001976914972,9.75077840338697,-0.941225380134246,0.414314410526235,1.28839018830666
0.0177701020834249,-0.0124112390211815,9.03516431786448,13.9368548900883,1.45812474979592,4.81408563726086,9.79295118641383,-0.95240529500906,0.421542266202685,1.28209856207621
0.00914287550137138,-0.00609670131973275,9.03785620355695,14.1531802422538,1.43769623077705,4.79160850675597,9.91549986320327,-0.971091027386909,0.423784761268223,1.28346619292214
-0.000420514690954429,0.000857420211423807,9.05993937008559,14.3905935713875,1.45917911553137,4.85924560856226,10.0523545426238,-0.995386817349095,0.434328522637809,1.28973264849424
-0.010390665634525,0.00807356782417866,9.10921913747566,14.6809504481155,1.48638996407865,4.94753256673285,10.2181798412341,-1.02508673547274,0.450876935541399,1.30285141054661
-0.0180046747273503,0.0136162944724757,9.18210863582555,15.00558239357,1.52603304194856,5.06171764178916,10.3986305288988,-1.05835148075598,0.471702038450645,1.32254953971502
-0.0233973503287586,0.0174158491399252,9.27930545348406,15.3340618530423,1.5709489565977,5.17608767712742,10.5799262780186,-1.09288909133704,0.492201737706912,1.3471512346291
-0.0271660704445592,0.0198985940196834,9.39389845591704,15.6286865304776,1.62141168392393,5.28423772333506,10.7440284714674,-1.12647280561188,0.510087599277545,1.3730155395695
-0.0311292977163011,0.0223912606034563,9.52279136615856,15.8699888420648,1.68061618082193,5.3943911159926,10.8776760042937,-1.15740230002604,0.52676576391308,1.39604637417155
-0.0343341607987772,0.0244115618047431,9.64658134332438,16.0643628911968,1.75169240422405,5.51974167608644,10.9749658261196,-1.18439027441495,0.545702298682368,1.41315017205028
-0.0350337377156227,0.0248998368933007,9.751552896948,16.2268891278128,1.83457292818721,5.66639524356282,11.0346976429561,-1.20648660723572,0.569351302444207,1.42254932048764
-0.0330005269796498,0.0236852958218159,9.83100637433269,16.3589980137766,1.92598742998621,5.82912006247372,11.0565635526562,-1.22333308232529,0.596893655993332,1.4232770455495
-0.0314056152521397,0.0227283214185342,9.88943745720132,16.4498547354994,2.01920532582959,5.9896337869458,11.0408451977858,-1.23520544158392,0.624245844028997,1.41509752184571
-0.031674050711705,0.0228615503276664,9.94064362132382,16.492244717497,2.10524018706392,6.123599913123,10.9887757209127,-1.24256536629228,0.647097168595779,1.39882447654038
-0.0346305500236391,0.0245491571699608,9.99808495969759,16.490941417604,2.17532348009337,6.21007178172463,10.9025871015433,-1.24577549467912,0.663279309045138,1.37650647903561
-0.0388124605009026,0.0268192504836133,10.0657560026734,16.4560468276137,2.22263198219303,6.23298803081963,10.7861227205688,-1.24537054791657,0.671519517070551,1.35092386938281
-0.0500714514958166,0.0334801429077737,10.3125867885266,15.2545878578801,1.95346717781712,5.58154896720378,10.2573519516828,-1.27227577838746,0.614144544478429,1.24783285411269
-0.0302131719463717,0.0202303984947798,10.2371475019632,17.3252038305165,2.50626624798394,6.61648390639615,10.837000231513,-1.20367250521693,0.705441133521465,1.37738103477317
-0.0429515236138457,0.027889322072234,10.2135161634655,16.1738248065244,2.25832079577361,5.98032961376424,10.3245987488383,-1.2182107727384,0.640060929770041,1.28331154531705
-0.0425027802541136,0.027224165379702,10.2250259099952,16.05582030289,2.24727593083891,5.85037302032692,10.1571929877818,-1.20691333440676,0.623727156097897,1.25324727177973
-0.0421161633531774,0.0266995675315189,10.2010586228829,15.9565184819998,2.25908081977793,5.79519309832319,9.99974803031973,-1.19325310934991,0.617212730476586,1.22333299427062
-0.0421989900746506,0.0266106349635351,10.1509442533987,15.8563834561783,2.28335367845077,5.78381651213262,9.84594854944296,-1.17831569566498,0.616311023014395,1.19268196442091
-0.0432985582445656,0.0273781586215726,10.0787383988986,15.742936284029,2.31364630247501,5.78277387012776,9.69660263919878,-1.16204898385165,0.614179309530525,1.1631210242034
-0.0457604220546441,0.0293133987699125,9.99078986929048,15.6077701310636,2.34582463127456,5.76752950385945,9.55136713771986,-1.14444127578201,0.606147393745027,1.13603501690136
-0.049158841016132,0.0321264336915208,9.89828137414895,15.4454391491142,2.38212849325804,5.74559867294587,9.40197597997705,-1.12511067426998,0.594929568489533,1.11026330669152
-0.0521630706205439,0.0347631600354536,9.79490906305107,15.2570715784925,2.42697240847664,5.74329012782205,9.23594552265298,-1.10342532490819,0.58801858712006,1.08290064107434
-0.0538758590378643,0.0364363692639097,9.70739885733941,15.0524203755014,2.4798667733183,5.77151042426355,9.04623264327656,-1.07903823168025,0.590161038563529,1.05196275281456
-0.0536209443556251,0.03665785060686,9.64885424652374,14.8429594303162,2.53527903610518,5.81696995604797,8.83500476582997,-1.05216563223572,0.600158925668825,1.0176007132672
-0.0507160418512591,0.0350348535671362,9.60271370855373,14.6388800101605,2.58650719723653,5.85505498006729,8.61342029594727,-1.02374743939828,0.612669546385904,0.982016861991405
-0.0450838009935374,0.0316330087198068,9.55777008770725,14.2675526819866,2.69344055583687,6.06216366871591,8.23753462601652,-1.00511869578091,0.623773771701891,0.924707225484645
-0.0434262192266976,0.030310377344197,9.6165608320384,14.6648872640348,2.54203984711056,5.44883801922978,8.51488651747781,-0.950213509118599,0.621934404286271,0.966939553446322
-0.0329364132495345,0.0237788312032184,9.50109112810397,13.8103222828869,2.80049373396872,6.15688787985935,7.71859229249029,-0.961770222074138,0.6245099253385,0.850833248871586
-0.0308972660106341,0.0219581300714098,9.56651367878395,14.2930697185956,2.64714381525999,5.46250067818831,8.06334163926369,-0.910330873884459,0.60670697422269,0.907749169961901
-0.0250767442636692,0.017959379206066,9.50872451673809,14.041929660099,2.71674866105217,5.52768895168473,7.80547971108162,-0.898524376946213,0.588133764995811,0.877075051954514
-0.0230531806463201,0.0162580805596392,9.50245203028008,14.0021811858429,2.72240439795507,5.3565725421967,7.74340259808862,-0.881496813973455,0.560414669208474,0.877064016924954
-0.0214388466703432,0.0147998354536566,9.47912334586121,13.9634147632596,2.72817439114035,5.18274537266999,7.70886124844714,-0.868809763512949,0.529356488415311,0.882387125343922
-0.0191618282841603,0.0129584997441426,9.42557898440371,13.9165723122103,2.73536461750864,5.00954316217578,7.69646816934658,-0.860088327343572,0.494928609264518,0.891348796353223
-0.0160451821874044,0.0106753791249552,9.35376382699874,13.8567869265576,2.74696453954669,4.84097137846497,7.70029943461589,-0.854427515855935,0.456625326286323,0.902574838075351
-0.0134818672551417,0.00886426048436396,9.29778607447486,13.7845353114968,2.7675240364852,4.69732396389387,7.7120622474888,-0.850972103934983,0.417925291494658,0.914405370892342
-0.0122368918048458,0.0079952659911775,9.26236541430102,13.7022017410543,2.80088121400143,4.60562722519599,7.72348618437439,-0.848976417852239,0.384328372280569,0.925296133915337
-0.0121197340525799,0.00792345391871078,9.2369856117257,13.6122722380323,2.84732952687569,4.57474696456667,7.73164361111288,-0.847858122821187,0.358129779563268,0.934915069895204
-0.0127309355058378,0.00838444013256769,9.2320157965382,13.5212933658237,2.90467957556075,4.59239192021554,7.74124982413498,-0.847472594769982,0.337781616187398,0.944497069751218
-0.0138075776126798,0.0091877674564073,9.24922645168528,13.445789822545,2.97102142259175,4.63581937790404,7.76344736219132,-0.848561349324894,0.320130280787876,0.956329868901192
-0.0150074682421452,0.0100655278441041,9.28352540608794,13.4069156524799,3.04686439990302,4.6894115212376,7.80863791729968,-0.852077083098321,0.303669218797876,0.972242247437755
-0.0159291348107812,0.0107056471967281,9.32911562118388,13.4172525353661,3.13518499568473,4.75873291092928,7.87892582663247,-0.85804322281241,0.290709830023969,0.992366491333903
-0.0162182091965055,0.0108457841476639,9.38212234042495,13.4769569925333,3.23867544842914,4.85825472028474,7.96984356544312,-0.865579615152192,0.284639637014101,1.01585362604274
-0.0157983250181443,0.0104369289422712,9.43798534818374,13.5771367641404,3.356205559556,4.98269540146414,8.07642717588806,-0.873721821068731,0.284356048327036,1.04214009224815
-0.0134753197237896,0.0087357021559164,9.51057657062636,13.6971894628543,3.48133040152538,5.09879425777389,8.19333010561067,-0.881852467215476,0.28255345003348,1.07064007369155
-0.0099439848313094,0.00622725623998052,9.58868748687679,13.8074970469054,3.60543298794235,5.17114291616698,8.31295873367704,-0.889640291091566,0.270987136302318,1.10019009735892
-0.00511684222010211,0.00288959000290938,9.65127837185817,13.8900019949544,3.72399222710245,5.18872766812863,8.42972144609073,-0.89689003635578,0.246788083008056,1.12998307864722
0.000826944865207402,-0.00113104250685311,9.69971685701753,13.951897616078,3.8390344094361,5.16114978078331,8.54454972887746,-0.903591557521612,0.212447862116559,1.16040560077999
0.00696245049311608,-0.00521512902283848,9.75048300657305,14.0131247199621,3.95559870764691,5.10160381514728,8.66157843961043,-0.910003223419988,0.171770886067504,1.19227142073975
0.0127432101835037,-0.00900385460231046,9.8065105677544,14.0909005952804,4.07840480838792,5.02230183346215,8.78321683277338,-0.916761135803684,0.12786033571484,1.22585657502262
0.0186876736660552,-0.0128407163094228,9.85178607792662,14.1995617456283,4.21255846782836,4.94435738724795,8.91098390883258,-0.925219351564215,0.0846057679839265,1.26111832867695
0.0300924738209607,-0.0201687148529346,9.92654453396584,14.3511668360845,4.36431963579757,4.90270547834427,9.04754838110312,-0.937251196647681,0.0477487695795582,1.29829525831831
0.0437739933272628,-0.0289596330584993,9.99623808376078,14.5468227106494,4.53817352526129,4.92615406704043,9.19501159415547,-0.953756689115207,0.0211073754330133,1.3377772676638
0.0539388327267174,-0.0355220900492111,10.0436205782676,14.7712635862269,4.73325287159241,5.01118323844511,9.35121147399987,-0.973281670312199,0.00192879615236621,1.37928726251395
0.0645691382338785,-0.0424863163244202,10.1004190453164,15.0020692291732,4.94421748641914,5.12796917485168,9.50906116013828,-0.992736312429623,-0.0168245194581537,1.42131867313257
0.0735488100148046,-0.048505745116624,10.1673604136718,15.2213697117884,5.16464935050027,5.25001638378682,9.65983248159427,-1.00951690257143,-0.0400242025486863,1.46141482521164
0.0781564522433883,-0.0518079442879751,10.2461237077657,15.4165968655042,5.38802682674224,5.36670418061387,9.79576617258461,-1.02247081192671,-0.0680456505724532,1.49693645809858
0.0828638282517349,-0.0552493614189033,10.3252771191707,15.5811575269874,5.60823737667664,5.47631166816055,9.91088920101998,-1.03165331132558,-0.0980608175437942,1.52580786084016
0.0865432494449914,-0.0580607987011006,10.3948768754765,15.7181062838688,5.82088852709449,5.57644164531228,10.0003016880124,-1.03789984045948,-0.125873109612336,1.54671087406815
0.0931434623279812,-0.0627545250544092,10.4709388087486,15.8354192577929,6.0232321558158,5.66007498486123,10.0600960937511,-1.04211387689646,-0.148236240229949,1.55926572662412
0.103689902629015,-0.0699690475180779,10.5938237675885,15.9379195125633,6.21418827852566,5.72409916311651,10.090897077205,-1.04494076446353,-0.163838219669913,1.56468214826337
0.114387097916017,-0.0772199764199752,10.7187452100898,16.0272900486513,6.39487238643245,5.77513683673554,10.0994558672844,-1.04695127115659,-0.172734123085503,1.5656853928439
0.123318482582704,-0.0832367499129227,10.8310644972717,16.1063888084892,6.56773700850064,5.82110046676257,10.0949431286235,-1.04875209451069,-0.176105726836633,1.56546820848845
0.134705418654202,-0.0907088100634853,10.9393445457745,16.1769869757886,6.73462684197016,5.86674947700134,10.0841493054203,-1.05067003557399,-0.175705365933036,1.56644679578469
0.152755590973027,-0.102350804496293,11.0624692255905,16.2363302687047,6.8956232195465,5.91543332347747,10.0689659317865,-1.05249944474236,-0.172740762214883,1.56948234244378
0.168313400681403,-0.112285877342825,11.1580889077609,16.2842197410883,7.05016783240228,5.96269245314245,10.0487297241687,-1.05378551388192,-0.168179935562027,1.57431178811008
0.175814243676811,-0.116995720956904,11.1814656833504,16.3275527253057,7.19870904171971,5.99593710081921,10.0246976295948,-1.05437835899231,-0.163597374686097,1.58036470062143
0.172384372378342,-0.114722783315865,11.1334541036284,16.3715402913632,7.34244453251801,6.00932592813386,10.0005108330031,-1.05446749834656,-0.160483364508438,1.58685673956588
0.156821900592996,-0.104770171945273,11.0414437857273,16.4134593607751,7.48154723209197,6.00505687224491,9.97921667123636,-1.05435648694988,-0.1603686895682,1.59282082817123
0.149043523830779,-0.10005221798846,11.0274169983339,16.4453124954889,7.61350503628537,5.97970374027298,9.96030844007598,-1.05432418908503,-0.166059693188413,1.59737494998417
0.145220060732356,-0.0980067737390145,11.0614002364818,16.4596734489161,7.7351313827646,5.92718454898689,9.94000267489427,-1.05432035974768,-0.180259670848669,1.6000115130814
0.138529122145861,-0.0941972295636372,11.1465229140531,16.7165924114923,7.924730813827,5.63789959164888,10.0011143490821,-1.05112043826886,-0.209824491196636,1.61576925874013
0.143538460063342,-0.0977395794236652,11.2659773272528,16.1689051950991,7.86844199586186,5.97545149457021,9.79810279916335,-1.05327343493789,-0.225631739677914,1.58501019795791
0.144870445244202,-0.0990410729373083,11.3943342322586,16.3508641158141,8.02875169416321,5.68852743395396,9.83141081023923,-1.04585521235951,-0.262146109266529,1.59567251483242
0.152394652070637,-0.10421683061061,11.4893441884031,16.2585236835458,8.09575302362359,5.5852078170321,9.76865134969928,-1.03784043389614,-0.291711290908302,1.58912354359369
0.161605037785023,-0.1104038777224,11.5461655395592,16.1097755775312,8.13181519032464,5.49022171440117,9.68249456256124,-1.0273017846505,-0.3176809807458,1.57837551953535
0.174524302635535,-0.118901914770433,11.5989787172138,15.9319252885098,8.14377488613724,5.39326667743795,9.58284453479461,-1.01575554564764,-0.33877083381643,1.56519444741103
0.18475179256068,-0.125538223732738,11.6147918726953,15.7484007732262,8.14013412563542,5.29314328718134,9.47830343742084,-1.00455245163583,-0.354287355869346,1.55135715826418
0.1940436658331,-0.131474372033319,11.6300308338507,15.5834256120102,8.13084748979055,5.18349173258874,9.37616082147299,-0.994505721579318,-0.364864149409784,1.5387155414419
0.200449556579268,-0.135484574613956,11.645604955141,15.4548367668067,8.12389101116596,5.06037936361486,9.28163567972763,-0.986450393166113,-0.371350572705387,1.52854825890386
0.206018558856141,-0.138939318848818,11.677265488549,15.3686830823173,8.12337232905446,4.92979331814907,9.19802578524137,-0.981375685542559,-0.374320315361042,1.52120442828147
0.208969092189888,-0.140719128909644,11.7152640009557,15.3230639714665,8.13132897951992,4.80468882255222,9.12804602657362,-0.980016264429264,-0.374448322541432,1.51654114918169
0.209168741218324,-0.140777898776271,11.7465163180654,15.3146370099595,8.14985525882002,4.7006621823079,9.07513821096994,-0.98283921054372,-0.372018484471556,1.51434190080873
0.206974516998965,-0.13939194736285,11.7581565176281,15.3370324403655,8.17976528743446,4.63539837003793,9.04218186254091,-0.990128183251137,-0.366485753744061,1.51400044492976
0.215927850966801,-0.145543788747311,11.5737555056258,15.2246764879416,8.27135883690607,5.38188660070216,9.10881347294359,-0.993697582136572,-0.318134717794316,1.52570494701305
0.163787250389597,-0.111961138938175,12.2438669239296,15.6817140811314,8.23673567803838,3.74158071385759,8.95669228414346,-1.02920898131337,-0.387349410471182,1.50181377194127
0.193286415119986,-0.131397118928248,11.6913073305541,15.3279369472352,8.27213662133259,4.94233566753895,9.02113605509458,-1.03603776680526,-0.320835118754485,1.50651348759568
0.183475514708306,-0.125458601584171,11.7585207569769,15.6039316580481,8.41664336129218,4.90299352784595,9.10903573754049,-1.05484184409463,-0.313590434432774,1.51564571274425
0.176294344141708,-0.121034431702113,11.7297038944021,15.6496328575867,8.48759619832413,5.12093739812527,9.15898087944085,-1.07190527589871,-0.295993095160424,1.518835149713
0.166689558697841,-0.114840202036819,11.7256074731553,15.7439190087737,8.57524616118578,5.27404172364168,9.2174982488236,-1.08862916976864,-0.283480446150099,1.52429056441232
0.157756196267803,-0.108865946655891,11.7056328251757,15.822303144253,8.66090394181193,5.43416361012997,9.27325776058013,-1.10386739615431,-0.272517988179806,1.53059907332874
0.149769787198309,-0.103367462846522,11.678054982539,15.8973551962979,8.75081426809918,5.5864124118698,9.32511255500606,-1.11732645635664,-0.263654705483778,1.53733307703363
0.143425711040673,-0.0989128723336168,11.6524542748445,15.9663057423212,8.84404914092213,5.72402242617306,9.36738091239809,-1.12836059139875,-0.257875213794884,1.54359141808472
0.138394164596305,-0.0953983962333889,11.6438043962203,16.0290683433306,8.93786462492896,5.82925989834939,9.39472008045739,-1.13622887984642,-0.25717371971354,1.54877310049721
0.133933766613913,-0.0923993373280875,11.6584160895966,16.0809592024005,9.02766077140637,5.89733910216907,9.40483763433996,-1.14056025816011,-0.261889522069765,1.5523692727452
0.12971114037198,-0.0896982338921087,11.6916556149017,16.1181044810492,9.11077894857584,5.94183004686512,9.40083013783563,-1.14181880085718,-0.269254835625033,1.55410593483191
0.126752405082093,-0.0879290405519202,11.7506513584566,16.1426113987972,9.18749407271879,5.98150374962802,9.38913972395938,-1.14102008944263,-0.274695194856956,1.55392566583736
0.124330811119647,-0.0865625251397754,11.8249092909033,16.1633170592766,9.25969171620766,6.02341928217981,9.37619349963879,-1.13925148568527,-0.274897840927358,1.55189999714619
0.122387275344721,-0.0855015547491905,11.9120486837573,16.1924259172216,9.33045024242361,6.06384977406506,9.36816469001538,-1.13774994850357,-0.269132440926293,1.54858678163198
0.121058426758619,-0.084791724539789,12.0117170621173,16.2405739511793,9.40404744252729,6.10059010454445,9.37208494489199,-1.13809945373793,-0.258359725305378,1.54537034282191
0.120045408741955,-0.0842184138906518,12.1213640402837,16.3150395849948,9.48504647811716,6.13446174453723,9.39447361360861,-1.14193342612743,-0.244507955914022,1.54419409335298
0.118829962898697,-0.0834472857035983,12.2353356547089,16.4218852348608,9.57787183778473,6.16469180277446,9.43998504558292,-1.15076803979413,-0.230235067403366,1.54716501242819
0.120184933980618,-0.0843113882560495,12.3825391455585,16.566770248525,9.68745536938347,6.19385978597192,9.51311126511918,-1.16602027107015,-0.218204527024562,1.55645718607913
0.121602907468474,-0.085210948143213,12.5363358352879,16.7538843899976,9.81936614826641,6.23264367496447,9.61924910455877,-1.18883678191518,-0.210343278366031,1.5741061136231
0.123007821046456,-0.0861238311219409,12.6937902536435,16.9840900692046,9.97732041854291,6.29111944873924,9.76168301750699,-1.21956874166984,-0.208190168001768,1.60140579345756
0.124091171772372,-0.0868625822061288,12.8543593438851,17.2517144047099,10.1589896783295,6.36465259990741,9.93675101575137,-1.25723865794069,-0.213803466568525,1.63822122001689
0.124934780207686,-0.0874791312217887,13.0156993856413,17.5415604719721,10.3540816429693,6.43233858570773,10.1313675104349,-1.2990556321863,-0.229124242089429,1.68256019782289
0.125977632713008,-0.0882499601943234,13.171776698622,17.8268858180763,10.5454420577444,6.47207016709733,10.324551110906,-1.34037806534598,-0.253560766416229,1.73054793354935
0.127633903360492,-0.0894269972145711,13.3110285065711,18.0647670441451,10.7084348525295,6.47418243465049,10.4885942156553,-1.37509834292023,-0.28251218848069,1.77645075099009
0.129565593481719,-0.0907685201834834,13.4173168033226,18.1903087829501,10.8076785107394,6.4377642895557,10.5863327560605,-1.39556236567137,-0.308600594887363,1.81237588946087
0.130628641052127,-0.0915212392245285,13.4762197882454,18.1343108271815,10.8046330629138,6.35707280832606,10.5772617852538,-1.39404427750712,-0.325144180306173,1.82949952820242
0.12951466656623,-0.0908499145175156,13.4854941319138,17.8752837548538,10.6849013320293,6.22419732868924,10.4452527635408,-1.3680115927761,-0.329557437869248,1.82267925291437
0.125583760727617,-0.0883594402099928,13.4555629161486,17.4694681482915,10.4779988495514,6.05183879669589,10.2205015103107,-1.32367184418751,-0.323364683997451,1.794285145202
0.119365853696615,-0.08439590317811,13.3979288227569,17.0121114530048,10.2397729497481,5.88153050165592,9.96175680544986,-1.27209203990043,-0.309481479289462,1.75222225031338
0.111983060548965,-0.079689792212589,13.3217546075825,16.5788863120171,10.0175744724431,5.76002912485215,9.71982706492211,-1.22296436781224,-0.290649907661356,1.70509233349071
0.103953515995273,-0.0745960314712801,13.2378108227702,16.2079529864767,9.83480694210352,5.70959766866149,9.52060736650452,-1.18241541591322,-0.269841078127952,1.65954037647309
0.0950962350430667,-0.0690046125656358,13.1558700316176,15.9147878019013,9.69825938417073,5.72213180257184,9.37070527299946,-1.15345234592746,-0.250441798498993,1.62006742606037
0.085449317547152,-0.0629293512295162,13.0826088614139,15.7064110817252,9.60920961716496,5.77536130745966,9.26821823553738,-1.13675709468968,-0.235107915068965,1.58942637241925
0.074161808475547,-0.0558027495071014,13.0228816267852,15.581552476524,9.56551255002056,5.84874614980178,9.20707050768475,-1.1312590052064,-0.224454243512116,1.56848962997929
0.0636555916365826,-0.0491522800277268,12.9766517149702,15.5244680440831,9.55748048582636,5.92668586499753,9.17593141239978,-1.13453727557182,-0.217360896819138,1.55594816639384
0.0590643403980613,-0.046256835745881,12.9509821821174,15.5059693927049,9.56708981632403,5.99333667863009,9.15828694977944,-1.14330568588303,-0.21257915767932,1.54886536430129
0.0635244857817807,-0.0491325689606796,12.9475949016772,15.4950998486382,9.57461657913907,6.03097651965517,9.13717127552494,-1.15412789708295,-0.209685139212848,1.54417663189244
0.072971788145748,-0.0551575377573462,12.9410638532927,15.4716421323858,9.56700251361154,6.02473828036538,9.10083682273416,-1.16410894598292,-0.208963580278893,1.5399358534012
0.0856547518202653,-0.0632137549383651,12.9295084154709,15.4272838168879,9.53967025448899,5.96911809138405,9.04426720138584,-1.17110878831412,-0.210750463892876,1.53523800280961
0.0993399803213101,-0.0718591345273958,12.911103316591,15.356566417358,9.49190117490775,5.87263744279685,8.96734091071894,-1.17362677198046,-0.214622021863456,1.52937598010185
0.113076549795936,-0.0805037497414035,12.8715685827315,15.2530169421042,9.42395885220429,5.75360910135239,8.87307364114304,-1.17091961253274,-0.219637158847497,1.52175576333954
0.123808559895019,-0.0872314561496121,12.8137983376998,15.1155111419908,9.33911455735309,5.62942724558813,8.76731720611513,-1.16329416068419,-0.225626645527171,1.51260937942272
0.130276178823489,-0.0912616116683852,12.7458025444402,14.9532487499079,9.24542971807052,5.51181899218632,8.65877494312505,-1.15197120279586,-0.233437440559236,1.50320610100565
0.134033707623742,-0.0935933861012484,12.665863468522,14.7838545155584,9.15444534260935,5.40780861465455,8.55735819667041,-1.13852338076008,-0.243907306106101,1.49522776619219
0.135372391684092,-0.0944080163073078,12.5786106720902,14.628409143959,9.07803101953281,5.31868644105044,8.4708891208987,-1.12435751251599,-0.257434784995096,1.48989106344505
0.135348138257558,-0.0943971401452617,12.5038125622597,14.5084383372157,9.02698842866835,5.24206348034814,8.40446417549058,-1.11048668980669,-0.273709095733715,1.48768345099646
0.135151114918731,-0.0943414213087658,12.4604849023273,14.4463825436664,9.01348532667252,5.18196763283512,8.3647638486482,-1.09769717355026,-0.290739718950253,1.48913868832941
0.135812255064379,-0.0948980641969395,12.4546805240344,14.4647173515975,9.05151889681229,5.15042474014549,8.36211692281645,-1.08685521814588,-0.305704514326855,1.49553004242273
0.137638178421306,-0.0962410574340432,12.4994350469261,14.5827726835364,9.15265377156758,5.15185783202002,8.40583826887273,-1.07881137055781,-0.31815289129436,1.50852590913541
0.139733105097576,-0.0977680903172119,12.6057165714069,14.8169822800809,9.32541837036476,5.17971483827277,8.50307339123848,-1.07448065702107,-0.33059327805322,1.53017072759875
0.142042524260809,-0.0994419083533745,12.7860252269263,15.181624801889,9.57857493171215,5.2355577472283,8.66392658813017,-1.07539185339757,-0.345153682927424,1.5635290465136
0.144523333327417,-0.101238324004134,13.0431517065309,15.6796996897564,9.9159307166063,5.33040203758388,8.89679341131639,-1.08300673637679,-0.362283628684976,1.61128968560631
0.140446096312213,-0.0987916870173666,13.3473433692197,16.289905023619,10.3252744694353,5.46290649741597,9.19483143361133,-1.09708646801099,-0.382715828437683,1.6730163652621
0.142770823842632,-0.100482840931602,13.6824803289027,16.961686988945,10.7739910933854,5.61360818655685,9.53145783834966,-1.11554757126982,-0.407679744158217,1.74451741422098
0.147054405124506,-0.103436420892829,14.0159717571461,17.6120345744628,11.2081949308986,5.75668954235394,9.86234302093673,-1.13517642551003,-0.437019128621414,1.81800676081621
0.150247889398961,-0.105671701134823,14.300921760708,18.1271767505878,11.5547282988682,5.867495304585,10.1280704801935,-1.15175787250772,-0.468040943987768,1.88171701778976
0.151869538552031,-0.106858814843063,14.4942230623951,18.3956792867645,11.7414157100731,5.92527865310224,10.2701527474041,-1.16106251264155,-0.49570576793305,1.9226816328675
0.15160068130098,-0.106776657087271,14.5731609811114,18.3675435526353,11.7339059543572,5.9192366122905,10.2602901403859,-1.160934383729,-0.513914326408292,1.9330725960437
0.149288232016526,-0.105331557454436,14.5430420568985,18.0828978183494,11.5564302545669,5.85903779220917,10.1168559357785,-1.15206146274395,-0.517615152500783,1.91402903723299
0.144920151409906,-0.102525490885184,14.4225038253023,17.6411718256521,11.2749214242694,5.7773594273198,9.89257104136833,-1.13710614835714,-0.505118173261431,1.87380806191321
0.138907249105609,-0.098624189394973,14.2336341614374,17.1508871454589,10.9628405796779,5.71504683840805,9.64784523112048,-1.11984322144395,-0.478448585676941,1.82339534025149
0.132216435926664,-0.0942506792045281,14.0028787488859,16.6977026419494,10.6763889620221,5.69873363439955,9.42967233029581,-1.10425153167735,-0.442315746378105,1.77284151420889
0.126329263556549,-0.0903614555273745,13.7600765598049,16.3295125703583,10.4424690577774,5.72267115547232,9.25890262051708,-1.09307282537929,-0.402940448459095,1.72840446533924
0.129704809352098,-0.0924326987385002,13.5437727101453,16.0596984604591,10.2628764039319,5.75294134833057,9.13209401867483,-1.08716746369073,-0.367416083746747,1.69201749447945
0.137539767798356,-0.0973559890050364,13.368882084225,15.8858030351722,10.132706821013,5.76072051824467,9.03917652055977,-1.08643155806346,-0.341333065544823,1.66366113982424
0.14746405350907,-0.103605323705994,13.2465200524387,15.7977817603952,10.0496972187983,5.74922226772046,8.97629993123806,-1.09061551962906,-0.325765106916899,1.64330125095429
0.15997869205605,-0.111516551622673,13.1712512632361,15.7739454259253,10.0087506520016,5.74511451196104,8.94302981199058,-1.09904391086203,-0.317320246405088,1.63067020355619
0.170344278098253,-0.118042102022771,13.1235506741194,15.7860539591179,9.99950471393163,5.77304379833294,8.93671102172933,-1.1104288801639,-0.311510806836539,1.62490165444126
0.176346930010411,-0.12178085995011,13.0945967119444,15.8106608266789,10.0104072829346,5.84252694369285,8.95241241345103,-1.12347669756164,-0.305605518869097,1.62493582448467
0.176552867752295,-0.121829618368418,13.0749143249788,15.8332493930622,10.0316233959344,5.95091892898584,8.98571254440924,-1.13746919506899,-0.298974357307501,1.62994449812661
0.170360143322752,-0.117807496070095,13.0583218171573,15.8471569063863,10.0557965905202,6.08765593525693,9.03363655666011,-1.15200159570507,-0.292402926361327,1.63939843400067
0.159358029807557,-0.110732244154609,13.0386338034587,15.8513032140636,10.0779300888366,6.23507559427201,9.0925647342775,-1.16618607070024,-0.287199288415586,1.65278412950692
0.145784963201902,-0.102027488084353,13.0110039191132,15.8455347793793,10.0943344413586,6.3741623823628,9.15689062911073,-1.17835026057695,-0.284023059605917,1.66913304087442
0.131725126627686,-0.0930057381740772,12.9699867000609,15.8261377243093,10.1009044980694,6.49007369012339,9.21894110809593,-1.18647505414862,-0.282613211768451,1.68665583855432
0.119813483428409,-0.0853474691384415,12.925778816512,15.7885661557614,10.0935261728586,6.57013308967469,9.26932545986511,-1.1890666853416,-0.282687043553254,1.70303418049649
0.114831203431083,-0.0821569670127811,12.9102929942638,15.7367114536206,10.0730721128491,6.60687043597826,9.30121305166139,-1.18623196114932,-0.284226687906191,1.71646385168692
0.113500210283595,-0.081329553418194,12.9159627515459,15.683949078512,10.0469559826481,6.60314758820708,9.31311521214743,-1.17962573256619,-0.287110614829213,1.72581066020292
0.112537097743202,-0.0807520929510231,12.9166016886255,15.6424084718757,10.0223900911974,6.56457996604488,9.30469201971096,-1.17085422228685,-0.291389187346912,1.72975680025535
0.111558054711469,-0.0801900229841764,12.9200972900933,15.617774766976,10.0028672127399,6.49467533884217,9.27595636444565,-1.16064880216579,-0.29727335776911,1.72745283272817
0.110427998455294,-0.0795521253611837,12.9332694325413,15.6140364612843,9.99117409492917,6.40029430597375,9.23179396029395,-1.14969496250229,-0.304393744743578,1.72011974043245
0.109270942158769,-0.0789014875825952,12.960199785302,15.6354551451506,9.98986513334128,6.29152677739971,9.1812996486096,-1.13928980851757,-0.311704746695012,1.71068534692317
0.108043737245382,-0.078174632654273,12.9976551227783,15.6815293721,9.99861166604778,6.17754169529797,9.13258309530846,-1.13065178434843,-0.318214717583605,1.70179658561737
0.10871095374267,-0.0786095029769403,13.0472714673142,15.7436017991782,10.0137422963283,6.0664610068707,9.08963127699587,-1.12411082549489,-0.323442633654534,1.69458784773717
0.117642426683406,-0.0843256585559876,13.1322143234053,15.8091716516521,10.0311478037567,5.96692105626774,9.05326515760884,-1.11924387025039,-0.327296333030732,1.68910998653087
0.129630761960904,-0.0919429997361993,13.2077653144266,15.8677553097334,10.0486511450481,5.8880259687761,9.0233831438406,-1.11542751699431,-0.329852463936414,1.68508895502176
0.142451756530887,-0.10006801936493,13.2661580598218,15.9132893461144,10.0656805404183,5.83587735074448,8.99950874569892,-1.11206905024083,-0.331477929146211,1.68213544938681
0.153987336040632,-0.107404878829445,13.3234577086269,15.9448264785583,10.0824893679941,5.81098442698523,8.98112560746575,-1.10874213003611,-0.33286062424846,1.67991446456927
0.160911868641028,-0.111826334261804,13.3584502774887,15.9650867916849,10.0995799714575,5.81029311209992,8.96878707965881,-1.10541077827162,-0.334640611381381,1.67841108880774
0.163647114683687,-0.113599252154532,13.3725517865782,15.9777161849817,10.1162013408778,5.82608335571951,8.96274914506322,-1.10234369116242,-0.337348140543068,1.67781805386559
0.163691962752018,-0.113669373576665,13.3712225425822,15.9860294035224,10.1296375641328,5.84362456154703,8.96044359130244,-1.09969731875942,-0.341527813707863,1.67811051364749
0.162983470136377,-0.113270872233868,13.3595917004925,15.9933936919132,10.1377117950329,5.84974789056712,8.95852141312897,-1.09742346582814,-0.347128104361342,1.67912460349181
0.158081910478461,-0.110181795661802,13.3680686777922,16.0034693300341,10.141140110795,5.84179243086178,8.9563082122087,-1.09556028065085,-0.353115752769797,1.68099315256727
0.15349806172832,-0.107296901186738,13.3911225201585,16.016648141791,10.1408451781235,5.82292839226672,8.95384240891878,-1.09419144918791,-0.358494890920144,1.68371544528154
0.149111399690679,-0.104517347176711,13.4193232435666,16.0263348104125,10.1347725243773,5.79682645897807,8.94916850448889,-1.09324773987864,-0.363018877751177,1.68653274805453
0.14457133829661,-0.101614596599063,13.4374232416108,16.0237135230633,10.1200561785587,5.76887945895908,8.94020111621119,-1.09276588504105,-0.366453971349185,1.6885149777995
0.142359414999565,-0.10020879486101,13.4366860459409,16.0052755650409,10.0961373082759,5.74372954707995,8.92628799623442,-1.09305139873122,-0.368290144247689,1.68933399884431
0.14072331130896,-0.0991696716806555,13.4136714535934,15.9732494405848,10.0654623567686,5.72424333086761,8.90843121317897,-1.0943309745364,-0.368296500267481,1.68918493919437
0.138406217166333,-0.097669662214342,13.3601334222644,15.9328417100069,10.0340855490888,5.71802207330846,8.89092607307335,-1.09649465105963,-0.366519809195455,1.68847726178212
0.136662445043723,-0.0965156660460753,13.2793992192806,15.8906713382173,10.0098983708231,5.73659090176839,8.8799757442088,-1.09920772103586,-0.362974016211004,1.68758705683405
0.1397547371413,-0.0984671634920868,13.1831981253824,15.8521143400791,9.9975469198462,5.78538071635574,8.8787951322916,-1.10217573753279,-0.357616915564369,1.68663752659767
0.142820480325458,-0.100369911094389,13.0755148128541,15.8197586793901,9.99670387689103,5.85956476049229,8.8860660544147,-1.10527522936394,-0.35070305715679,1.6855756295276
0.147318903374895,-0.103173865174884,12.9882133948324,15.7952707018788,10.0050417558783,5.94692869816687,8.8981926571751,-1.1083732210856,-0.343268998103759,1.68440257299506
0.15166567285246,-0.105860533713127,12.9299492417737,15.7799644551228,10.0203528745709,6.03455312943159,8.91196368128076,-1.11125137267939,-0.336623938860495,1.68326145334196
0.15415004799564,-0.107344327881702,12.8921160530885,15.7732379342006,10.0404797825435,6.1153263880798,8.92598561930726,-1.11375028987349,-0.331339425333093,1.68241053320384
0.156086636748464,-0.108505142501537,12.8705069479356,15.7732419934433,10.0630623471278,6.18538249191085,8.93951394559775,-1.11589405467062,-0.327519513676048,1.6820844778874
0.157261197186791,-0.109215599775085,12.8700572775595,15.7781185696999,10.0855321202543,6.23911701376625,8.95094884849219,-1.11761390955445,-0.325512186744105,1.68229735559425
0.157776978837219,-0.109529344889751,12.8926979852262,15.7849775932015,10.1053363359357,6.2726997660679,8.95880311166582,-1.11871502656215,-0.325547148932369,1.68282576011134
0.157554922025022,-0.109376273461269,12.9350970251524,15.7906389929277,10.1210409504669,6.28817354752543,8.96301103657796,-1.11904554977739,-0.327250120183067,1.68343262709354
0.156299724389942,-0.108553705444311,12.9910900755692,15.7946391902126,10.1332800790638,6.29004243017702,8.9641539675957,-1.11857618049035,-0.329963447817469,1.6840161004517
0.153935880473624,-0.107014877476642,13.0554443083718,15.798907715443,10.143785510129,6.28101783951222,8.96217070213632,-1.11733870035353,-0.333262495650398,1.68447751334881
0.150873076930539,-0.105038194288215,13.1238941359184,15.8046231407622,10.1538128944667,6.26308598952768,8.95680079594466,-1.11548643362465,-0.337064620616362,1.68463349752365
0.147901970598417,-0.103144770120868,13.189837612375,15.8107114695901,10.1637352109051,6.24044881766388,8.94878609973583,-1.11334487876986,-0.341286671599802,1.68433806194176
0.142710862842887,-0.0998381329908414,13.253212999854,15.8145197037178,10.1731868146487,6.21882852326009,8.93958252385549,-1.1112190390877,-0.345520337472421,1.68351612216127
0.137074820593429,-0.0962450308278724,13.3011343836224,15.8133513239322,10.1813677307945,6.20238944789524,8.93027442464486,-1.10920335681358,-0.349129120318703,1.68210492429498
0.131206703402496,-0.0924838388811975,13.3294358892424,15.8061849439079,10.1875856294327,6.19102676278955,8.92090999071034,-1.1072288482125,-0.351701754525103,1.68012161597571
0.126362234229972,-0.0893527810729031,13.3331070172785,15.793808228995,10.1911321038492,6.17930516318481,8.91034544866586,-1.1052425826572,-0.353450305809412,1.67777354370749
0.122779767634473,-0.0870047586476131,13.3146976025972,15.7760183755951,10.1905254410335,6.16191447590498,8.89808219994343,-1.10344742442322,-0.354817244663966,1.67550621439071
0.120259101962331,-0.0853107802001396,13.273977315097,15.7507494436833,10.1839913203027,6.13964345751183,8.88649120408163,-1.10241195948913,-0.355794377764237,1.67407391053853
0.118494237987249,-0.0840789397679477,13.210460047956,15.7183828258517,10.1712681342289,6.11484389375383,8.87964757314212,-1.10275900495117,-0.35622474358039,1.67458876333588
0.117563013246036,-0.0833719442909091,13.1264083428728,15.6839736867772,10.1541127204703,6.0851751269514,8.88055032269839,-1.10480279733909,-0.356517960031013,1.67819444133903
0.117346530729635,-0.0831253802247998,13.0257842398955,15.6540110753779,10.1352118461017,6.04643462123051,8.8905848463772,-1.10852868478349,-0.357621209845159,1.68560730924901
0.117774454378401,-0.08331276547798,12.9164512230964,15.635692203361,10.1191812273801,5.9992559043177,8.91188711405715,-1.1138710376241,-0.360457462583245,1.69727381314723
0.119070647627128,-0.0840942124971083,12.8099437016973,15.6387813151459,10.1142390715696,5.95202197166512,8.94966973401033,-1.12091349331779,-0.365518847375232,1.71389174453635
0.119754894896316,-0.0845040673116426,12.7260610128064,15.6733149177367,10.1298069317345,5.9157937969565,9.01030365385541,-1.12978614500235,-0.373044553410018,1.73623440521681
0.121622780521478,-0.0856628846975519,12.6525322167085,15.7465661688798,10.1722958633262,5.89428266614471,9.09672056987863,-1.14024349128064,-0.383565716224174,1.76448922560294
0.121865641908389,-0.0857482581162811,12.5965890442718,15.8619555505553,10.2433103488736,5.88132790378803,9.20660343895021,-1.15161996551296,-0.39779953790334,1.79788228843956
0.11954803178144,-0.0841877833172487,12.5814999789588,16.0161035704174,10.3398962313596,5.87149478417216,9.33470509808476,-1.16295874935626,-0.415542753118892,1.83463492183844
0.119319590070114,-0.084008528726395,12.612010741672,16.1978993334715,10.456195553648,5.87013096230771,9.47570389730298,-1.1732768596756,-0.435006594465234,1.87213653192586
0.120520196892959,-0.0847777082515668,12.6729214968758,16.3937764384954,10.5853589251102,5.88816336218317,9.62375578145828,-1.18174899190791,-0.453603628435131,1.90724550488123
0.123246925117121,-0.0865563592698839,12.7577050568367,16.5931494466883,10.7204572243934,5.93134421985006,9.77115744477306,-1.18774471699065,-0.468898499076273,1.93685535074365
0.125086163324239,-0.0877767720157589,12.8474133470376,16.7891852435427,10.8558395660633,6.0021488389339,9.91187054217466,-1.19112671402128,-0.478556321384662,1.95906419097858
0.12395245145878,-0.0870795703082995,12.9286794577249,16.9768996180047,10.9880316603016,6.10706828150957,10.0463619816007,-1.19262568210558,-0.480247098274322,1.97401035749504
0.120216872534321,-0.0846914043517485,13.0000045588632,17.1521619018771,11.1132967768463,6.24735581981021,10.1778322738559,-1.19353785459292,-0.473324007189858,1.98294572201444
0.1147088463496,-0.0811308353835539,13.0634326813388,17.3136040151826,11.2256602169406,6.40394724495893,10.3045019292711,-1.19516584338392,-0.460605300033699,1.98684449112877
0.107900208637586,-0.0766841702241251,13.1213441606407,17.4610776633177,11.3184522876796,6.54925900379963,10.4211739316136,-1.1986518058695,-0.446182554634828,1.98636234702295
0.103948350777381,-0.0740343137067661,13.1847437298474,17.5891533702957,11.3851237292381,6.6686409102459,10.5245163514661,-1.20477633997131,-0.432221960326642,1.98206533073485
0.099511272837653,-0.0710165939162938,13.2364948815219,17.688221673549,11.4191625620682,6.75345874397694,10.6106126991649,-1.2134096001887,-0.420029024419556,1.97411564390592
0.0967555345051782,-0.069060315371195,13.285096756518,17.7500789006852,11.4150908230629,6.78874882115546,10.6718741495898,-1.22327815741029,-0.411569704333893,1.96236050942284
0.096272170870518,-0.068579177136223,13.3316642189403,17.7652729854038,11.3683750448601,6.76469251433755,10.7012136328486,-1.23248256342991,-0.407691894979094,1.94698183114444
0.0998655791984736,-0.0707565019782092,13.3823719729722,17.7212918373617,11.275109726703,6.68468880857363,10.6956645220635,-1.23906791777748,-0.407186808480727,1.92892718510454
0.105178182193931,-0.0740514510808695,13.4187146187528,17.6107018884786,11.1344971176725,6.55468799621615,10.6555012585946,-1.24117441861194,-0.408404556749023,1.90992851918006
0.111392350816528,-0.077945359892343,13.4390735843689,17.4370706249961,10.9512771723698,6.37979596324698,10.584831305839,-1.23714011620293,-0.40987981689582,1.89209359043775
0.117371754185096,-0.0817381247940012,13.4423246323968,17.2111594053001,10.734194834301,6.17063781098857,10.4919132153748,-1.22586780344333,-0.409885265864954,1.87686572765346
0.121722188980552,-0.0845459211809552,13.4256030902711,16.9446577501255,10.4924847798232,5.94173107548885,10.3854662142614,-1.20708787585315,-0.407082134368136,1.86420295937672
0.124238100630974,-0.0862242506967596,13.3917125719012,16.6445037291778,10.2324440260012,5.70663378309186,10.2708865926018,-1.18125839676439,-0.401240678622743,1.85260959642677
0.125725076697109,-0.087269384501046,13.3450477530874,16.3109184384038,9.95646824448517,5.47987527372572,10.1504100803168,-1.1493914711129,-0.392605145173326,1.83965922595343
0.140720812708578,-0.0971392130708427,12.6936382303641,15.6622713083387,9.64403288925531,5.97512785553823,10.1119754323709,-1.1064968310117,-0.339062707759271,1.83682394499157
0.0942398239307463,-0.0668662618492997,13.6715163705255,15.8331549176696,9.41462468400038,4.51212536349698,9.84122356029943,-1.08452368927587,-0.399453430267997,1.78868409257495
0.112776132366337,-0.079032100016375,13.0349877344571,15.1632465000516,9.08127274442089,4.96062209321755,9.77699030579148,-1.03928521112909,-0.349026751901281,1.77068588321649
0.111359600344003,-0.0780797312897974,12.8820193171046,14.7792447243889,8.80805133158022,4.8788876190136,9.66852462675064,-1.00088200961522,-0.333461409455973,1.73924259704672
0.110599434628352,-0.0774693242327767,12.7108514945534,14.4377236119049,8.56038054819264,4.80835844069819,9.56591483799279,-0.965974791792301,-0.319245448904534,1.70336436957115
0.112608907520207,-0.0785810739546921,12.526993962947,14.1303140204786,8.33258650765298,4.75375094861236,9.46593972824866,-0.935549466780931,-0.304921670475322,1.66374609332547
0.112425018780167,-0.078261296264942,12.380969735184,13.8500491951466,8.11584431651261,4.69989315025334,9.36290155849012,-0.910583897549057,-0.290927195420208,1.62116187351051
0.112265258844983,-0.0779775250154096,12.2693689328892,13.5956512392684,7.90575068217129,4.63971474202546,9.25575070952472,-0.891819305032036,-0.277767826215896,1.57728754102545
0.111208553568083,-0.0771330978946951,12.1672843166883,13.3715357583131,7.70342550156619,4.57916466906713,9.14886282237116,-0.879516600133059,-0.264687900363397,1.53460501052376
0.121405524492854,-0.0836005576345641,12.1567982243498,13.1863120683902,7.5144958418244,4.53314909786709,9.0515676757193,-0.873558562665593,-0.249536783307954,1.49621715221749
0.123680013001171,-0.084899810817528,12.1050912267631,13.0458044702682,7.34429748545245,4.51671303929778,8.97365334638573,-0.873398875955728,-0.23015436599709,1.4644730398002
0.117806568703873,-0.0808594874395018,11.962637157197,12.9465993841743,7.19367446004761,4.5367823056232,8.91947772617261,-0.877818480662929,-0.20609591060811,1.43960699743341
0.111630374075231,-0.0765975595260149,11.8121704334306,12.8805130465071,7.06072940995926,4.58922811180938,8.88766657773807,-0.885361944261188,-0.179206621813518,1.42044740419437
0.107659338602132,-0.073784537657093,11.7275963743565,12.8369662160917,6.94191921417267,4.6664781867489,8.87361581255199,-0.894381322894536,-0.152053303610329,1.40554913989654
0.103739812040531,-0.0710371860007815,11.6627741023115,12.8010034273056,6.8317084190525,4.76831405819824,8.87146201113448,-0.903471698241806,-0.125580230358433,1.39346755602078
0.0975098793600589,-0.0668428261204538,11.6068640218106,12.7642807893615,6.72712913045515,4.89494375011951,8.87760891089386,-0.911366791087924,-0.0993943826907828,1.38335623396872
0.0875097262134081,-0.0602422944334769,11.5388312180362,12.7379152363242,6.63149048529174,5.03097449063376,8.89267070691061,-0.917464598601223,-0.0740352863541369,1.37551206340507
0.0727497421333275,-0.0505588865484961,11.4472075608078,12.741855521019,6.54941223898699,5.15073064198176,8.91856870902894,-0.921974333032083,-0.0510100599194379,1.37070246144522
0.0540424864892231,-0.0382813760035356,11.3283108812436,12.7832093890862,6.48017436936159,5.23735781291799,8.95504082397408,-0.92530628014205,-0.0311503052537742,1.36913879664732
0.0349005127851647,-0.0256602338136377,11.2100235809314,12.8526675335188,6.41889453104445,5.29108859170577,8.99896937274737,-0.927591615355985,-0.0140779760299533,1.3703112762
0.0118813988694526,-0.0104350713544316,11.0047521797993,12.9352300859456,6.36123841197469,5.32704588206561,9.04620455984139,-0.928564211287714,0.00188990092245363,1.37343829675102
-0.00726990280475182,0.00236149684407108,10.8126909792635,13.0175849337223,6.30474862255829,5.36685141497303,9.09422502538781,-0.927647035545704,0.0194761568450851,1.37779346922681
-0.0183714013602503,0.00999357598120433,10.6974958507171,13.0924025672146,6.24895096161169,5.42408357011516,9.14186140666159,-0.924163254567012,0.0404897292483758,1.38252963521477
-0.0281130317241548,0.016768844990612,10.6143463447558,13.1598228113869,6.19502890095288,5.49683733207635,9.18654757271758,-0.917587348989187,0.0643427569465393,1.3863449100868
-0.0385658167570027,0.0240047437146651,10.54467083815,13.222194080352,6.14288503088854,5.57255642755049,9.22338285085282,-0.90777081232094,0.0889395086711638,1.38760152071848
-0.0477583337136378,0.030392013239274,10.4961850150576,13.2783262130891,6.08870556874017,5.63198027617232,9.24645713033695,-0.894807119678862,0.111634103352378,1.38477384563734
-0.0556577326666003,0.0358599510148843,10.4628953973876,13.3249302031105,6.02735216482112,5.65648829774017,9.25235506134576,-0.878818251312616,0.130235725602087,1.37719862844504
-0.061405657804154,0.0398082758250635,10.4438304383015,13.3658537704095,5.95874090322159,5.64632954447892,9.24435579591136,-0.860320095673422,0.14558033351074,1.36606718414843
-0.065212779965708,0.042366277975422,10.4209570798631,13.4194527190493,5.89162085992473,5.63043327164369,9.2317085942561,-0.840616141217635,0.163094294373249,1.35451648572165
-0.0670743869603758,0.0435707670778206,10.4124868331596,13.5068772497714,5.83722604118751,5.64750380557225,9.22167650413742,-0.821131355955265,0.189671867667286,1.34578327694311
-0.0685626625823223,0.0445170835754323,10.445269650057,13.6265414839443,5.79680460913275,5.70731397895748,9.2110566016517,-0.802175981165769,0.226696462087455,1.3406503836364
-0.0722584401776294,0.0469696860200802,10.5003813542101,13.7480268057597,5.75858675159897,5.77749652122122,9.18831426653338,-0.782838941581081,0.267416261161029,1.3372730725095
-0.0767748156044396,0.050093834980349,10.5678397648647,13.8381874951024,5.70877342516688,5.81819413403781,9.14608230139322,-0.762336239796174,0.303515283402561,1.33400283206755
-0.0824927499640054,0.0541102689204361,10.6375027219786,13.8855397213878,5.64071476908611,5.81199892505042,9.08678942367888,-0.740823148816999,0.331374941547183,1.33107001778153
-0.0869871432885847,0.0573509054396909,10.6699561110448,13.887010671895,5.55054803954107,5.75412628751437,9.01216649849653,-0.718479307502244,0.350282528060321,1.32805322561997
-0.0917810523970015,0.0607101325670738,10.6510173818786,13.8244506187307,5.43150186960624,5.64172754738064,8.91572022761768,-0.694835434497495,0.359455916633143,1.32176879726417
-0.0965771411056416,0.0639892848252151,10.5844473912885,13.6807714967218,5.27974149560688,5.48292493578362,8.79351479586478,-0.669924176489219,0.359963511461324,1.30929624623634
-0.0960351709547577,0.0638013690125966,10.4989384498599,13.4691546709356,5.10157588004604,5.30421579803415,8.65402084220504,-0.644956462593869,0.35757196241465,1.29123695257929
-0.0939832596128418,0.0626819868626577,10.4028201303403,13.2230418600781,4.90952928926516,5.14072280203596,8.50957359724696,-0.621324717042967,0.360616948733905,1.26992942283728
-0.0926861890464335,0.0621142043954911,10.2826104944507,12.969522345074,4.71362724868221,5.01096668107391,8.36545484023113,-0.600252361209893,0.373514141865472,1.24645832943635
-0.0948258967747878,0.0638064855660682,10.1517621006294,12.7277322451298,4.51956999176177,4.90614417361467,8.22386244462505,-0.583511042058045,0.394031571318399,1.22119790464583
-0.097369349103892,0.0657193369205047,9.99492638028818,12.5175991191165,4.3328758587473,4.81409688743034,8.09277930957015,-0.573099232814107,0.418150988113982,1.19571485176768
-0.103567754281743,0.069875824430971,9.84416802412636,12.3558461617054,4.16036406942523,4.74257408941644,7.98324887689951,-0.569813055675802,0.445377758153862,1.17242433090278
-0.108608543288931,0.0731370264064002,9.71050642560959,12.2486968904674,4.00711102778155,4.71066147710366,7.89916534991521,-0.572869759255987,0.478295615392838,1.15287558996533
-0.111567492170696,0.0749323025968075,9.58819051760231,12.1891709384472,3.87334780232395,4.72560357887161,7.83491027132203,-0.580920952656313,0.517874638442553,1.13695113524492
-0.113853302564453,0.0762299671016126,9.47191972749467,12.1559627292855,3.75400094483495,4.76998751688829,7.78193105384692,-0.592752306920615,0.559342542166612,1.12319049712872
-0.115751091242984,0.077280427699549,9.36072211918001,12.1234740789982,3.64287621370995,4.81382178563295,7.73517317233027,-0.607252126295356,0.594389274089794,1.11009017570277
-0.118775879960515,0.0791105295186478,9.24433774633653,12.0835328226322,3.53919185846862,4.8403152772373,7.69596078010357,-0.623394743232686,0.618199346636527,1.09782648453854
-0.122889499287142,0.0817191385192834,9.1397220744692,12.0535546539268,3.44806517473557,4.85039450320158,7.6711082753428,-0.640602456265315,0.631830341090134,1.08845383927709
-0.129488306020739,0.0859744811825747,9.02938854795029,12.0601430812862,3.3740099285638,4.84424838928899,7.6683307047507,-0.658663949559482,0.638056058722618,1.08414815939731
-0.13748955682549,0.0911135389078352,8.92309392052653,12.1158371928679,3.31629843086067,4.81517378105573,7.69033527938568,-0.677178338623779,0.638358868410799,1.08531414404277
-0.146888447180857,0.0970741248852647,8.823464450185,12.2100121259742,3.2714043006469,4.76762306193248,7.73211098321289,-0.695391037653365,0.634975053591169,1.09019835579148
-0.157255878019937,0.103586306620034,8.75000985639733,12.3191599853911,3.23733680701822,4.72444230619386,7.78470358851343,-0.712435180043796,0.63214438830251,1.09621526678853
-0.159678256836853,0.10495464554002,8.70076690217774,12.4215783382784,3.21372733199468,4.7070104374039,7.84133990211859,-0.727603465753448,0.632835539823461,1.10154817487735
-0.158587878977392,0.104140209961663,8.68935085545409,12.5062282984835,3.20107497206421,4.72634209078434,7.90080147955984,-0.740525909651029,0.637801743887121,1.10609731926523
-0.156631545621601,0.102927283473098,8.70172559207344,12.5790515788446,3.20161660053396,4.79310372278351,7.96833043286503,-0.751294641221053,0.648804304148043,1.11195581415034
-0.153028073467043,0.100846390590318,8.72907356257814,12.6561707132825,3.21562712602794,4.90552085525005,8.05082803584035,-0.760294514453452,0.666961587869348,1.12196825858431
-0.148815046048401,0.0985570973758485,8.76537636004384,12.744214311586,3.23537760606597,5.02739105754398,8.14839641805339,-0.767703774849878,0.687559613387366,1.13691433763486
-0.143264511875353,0.0955405187627135,8.79325648759687,12.83481282372,3.24813127433435,5.11010753959709,8.2540361794322,-0.773362839318873,0.703198777013874,1.15531214539312
-0.135532636292854,0.0911858637852001,8.81487940617285,12.9147797127026,3.24568730669423,5.13750729065074,8.35987603560094,-0.77704909227906,0.712143003906361,1.17545515303523
-0.128489205226192,0.0872488395956944,8.83221307278389,12.9731486328374,3.22818260367366,5.13136254116418,8.46089545007039,-0.778772601812033,0.719059393754916,1.19635203366653
-0.121917835443639,0.0834691675476052,8.85372116451331,13.0033715284305,3.20025206824426,5.12057204166225,8.55627920202679,-0.778927718585352,0.72853621876977,1.21751419932976
-0.115602287446691,0.079601374745275,8.87761552035402,13.0033366859732,3.16592973400755,5.11739186342844,8.64627590072397,-0.778074280956761,0.740699845598358,1.23824667871951
-0.109290026676817,0.0754388388334366,8.89493623228005,12.973463377816,3.12769293541865,5.12072100651559,8.72684422965765,-0.776788368662732,0.752859079843592,1.25711507810204
-0.103818925681249,0.0715672728780553,8.90583369662154,12.918996807737,3.08993890750398,5.13439934478339,8.79366367598366,-0.775875308470139,0.763727615103624,1.27303356946468
-0.100726513127947,0.0691021476145452,8.9115419143475,12.854244661371,3.06040809787309,5.17269131573022,8.85017518276888,-0.776426466754159,0.774652385838778,1.28662252284601
-0.0994436609573539,0.067829290652855,8.92037230890773,12.7974327560278,3.04581830199233,5.24381630709344,8.90557629054016,-0.779287020812122,0.786340108376446,1.29950576605129
-0.10055318041812,0.0682250198776602,8.92780129988139,12.7615327241049,3.04797241875651,5.33738349411275,8.96790074859214,-0.784531515919932,0.796319077450827,1.31281703062515
-0.102802954019488,0.0694968336366355,8.92813515267127,12.7523784738913,3.06447946935677,5.43242640367532,9.04167060166884,-0.791716439535777,0.800892696082826,1.32675928762081
-0.105900626001564,0.0714201358767067,8.92668756282391,12.7687639841456,3.09025461988342,5.50924039807973,9.12765101488317,-0.80048730780472,0.797800927571114,1.34073446162409
-0.107946372079268,0.072705472469041,8.92725544697329,12.8006030990843,3.11837916367028,5.55346430193361,9.22222060059707,-0.810517307657197,0.786567362687493,1.35364161385055
-0.105633946848594,0.071159082854424,8.93744844130691,12.8326007429231,3.14234600988573,5.55902219283593,9.31887409441853,-0.821205628058338,0.768253747832201,1.36456096602922
-0.0984537538854542,0.0664234894857632,8.97084337487224,12.8551134394878,3.15905759035519,5.53253722443589,9.4119765563203,-0.831974324900103,0.745893760751108,1.37354635503582
-0.0889982765386502,0.060154579933873,9.00667775444623,12.8701025317518,3.16923761218134,5.49063023792525,9.49903741416257,-0.84242315077984,0.723856821989819,1.38186163138013
-0.0801588777255952,0.0542351646851752,9.04067294694902,12.8836724891869,3.17413856103235,5.44549128565084,9.57921630813201,-0.851748872650993,0.704740881157068,1.39111224451002
-0.0714875253417675,0.0484400425788824,9.06386221762323,12.8979249114077,3.17329004593125,5.39625582743379,9.65194766255406,-0.858773503830208,0.68759049476396,1.40221286666791
-0.0635239575510017,0.0431871591413854,9.08215028875562,12.9136162537441,3.1663452240296,5.33916101247233,9.7187681270393,-0.863093717312469,0.670555838146114,1.41543888053014
-0.0565751841545039,0.0386778367379667,9.09707827724972,12.9315495757229,3.15434201061777,5.27643327405661,9.7829243660141,-0.865383072096214,0.65332047978347,1.43052603257959
-0.049511450258705,0.0341323250738678,9.11580418674795,12.9466958258992,3.13802898835161,5.21116048205183,9.84575104062246,-0.866380722092954,0.635970795276349,1.44628359525371
-0.0567476598384747,0.0389644222025942,9.14785429519449,12.4536532019085,2.77852507366954,4.70569190534278,9.74602594874656,-0.885761978709754,0.588890213772804,1.42224244169912
-0.026375560553863,0.0189860496893859,9.11040561315786,13.412395253057,3.4874373766114,5.60295138350803,10.0986309397753,-0.845831301023724,0.629928109424832,1.51557391343725
-0.0396483456488749,0.0275732923895206,9.12989963098364,13.0129773756677,3.02877564339539,4.95781108957869,10.083577312559,-0.862960091169036,0.583074376302284,1.50018452763154
-0.0361460018716078,0.0251839746993661,9.11559351158524,12.9579045364168,3.0627733131794,5.01274213786633,10.1056375307484,-0.863043441249557,0.576119465028165,1.50773020616043
-0.0340959079877151,0.0237010205968365,9.11091054287397,12.9905336462778,3.03575186707995,4.97424167394018,10.1805426542765,-0.863426491271253,0.57056445697051,1.5204594339799
-0.0311180140741826,0.0216520790750606,9.11141089751952,13.0199157066408,3.03554263913922,4.98576502026141,10.2433124029956,-0.862459509842858,0.570188852661191,1.5328187129442
-0.0278409330880846,0.0194795063716135,9.11741036993806,13.0600316098673,3.03745291253423,4.99732067179202,10.3033516177278,-0.861185476517661,0.570798182620716,1.54495173258925
-0.0240581579416304,0.0170454304805506,9.1256134220526,13.1004556659312,3.04647427103816,5.01431156951754,10.3546984891965,-0.859498085926016,0.571372234529364,1.55635905089429
-0.0199195843086765,0.0144212853890037,9.13289100232131,13.1378716194427,3.0599773749403,5.03293140042089,10.396708853631,-0.857487173421528,0.57130204932914,1.56653070627155
-0.0159841089508252,0.0119460446729897,9.1374351713858,13.1622303125974,3.07609796036696,5.05010244335114,10.4254228842784,-0.854858724438729,0.569540821964029,1.57399730551336
-0.0124478006414625,0.00972740691017758,9.13860293003975,13.1579408700628,3.0896326384247,5.0530615566046,10.4330450314595,-0.850781756462831,0.563371693461101,1.57603619702678
-0.0088919930597558,0.00746576154946778,9.13859652238057,13.1065819916225,3.09426948115791,5.02597747603809,10.4089217755376,-0.844161707520453,0.549820854178798,1.56947172070417
-0.00485596661300208,0.00480762657854159,9.13611749473033,12.996396029202,3.08490929196972,4.95870323525429,10.3469911644232,-0.834504191638588,0.527733017875587,1.55292071711813
-0.000827267051043468,0.00199573286585988,9.13176954154533,12.8299725143998,3.05986101264402,4.85287060195036,10.2508635420599,-0.822275019897946,0.498991511545115,1.52814617707041
0.0037267430872655,-0.00133283263315703,9.12878296905977,12.6229361436967,3.021928315256,4.72156333933393,10.1304868130812,-0.808333836670944,0.467880977628615,1.49897217940818
0.00875891923844782,-0.00504044803204932,9.12904442356706,12.3957604244015,2.97675253739532,4.5819494346837,9.9957984923613,-0.793318919090776,0.438810184236506,1.46921021169295
0.0133878374248896,-0.00839956069916797,9.13145911886287,12.1668435490225,2.92919222848405,4.44650711551419,9.8546222043041,-0.777574048873619,0.414329890310837,1.44161402653974
0.0172258484920763,-0.0111043707132397,9.13307984376292,11.9494943983926,2.88115945288873,4.31884092557723,9.71361636285832,-0.761326072930341,0.394473778376493,1.41780229560985
0.020439377211457,-0.013312877435701,9.13004660648798,11.7503534521555,2.8330350715719,4.19777378448155,9.57862488289594,-0.74491145649546,0.377765501993672,1.39841056698631
0.0232120860614584,-0.0152073134551684,9.11994915867514,11.5710173358101,2.78687085161626,4.0870399129347,9.45517408294923,-0.728994411612251,0.363585314062438,1.3835730429168
0.0257151071978122,-0.0169456521613489,9.10328878705314,11.412654674997,2.74639624333562,3.99575100662698,9.34876586346337,-0.714387373888695,0.352700816932463,1.37325872859792
0.0282486657376948,-0.0187563056416496,9.08203522201973,11.2769900822396,2.71370638654527,3.92810787709204,9.26370678351924,-0.701612086396346,0.345223002932997,1.36707460521677
0.0310853083278356,-0.0208288215458654,9.05811331697731,11.1640117695039,2.68749522900719,3.87887028814078,9.20241976591747,-0.690912706471834,0.339639882819786,1.36426605698541
0.0342792552978276,-0.0231841015602493,9.03337837813892,11.0726865644554,2.66377170664292,3.8371438291655,9.1660191848491,-0.682544979874756,0.333694717066734,1.36408664187831
0.0377627444739119,-0.0257406121083966,9.00707889968587,11.0040146997376,2.6380570761156,3.79232926862961,9.15494950639967,-0.676947116700268,0.325605358090337,1.36608427312149
0.0411313320655048,-0.0281882364937916,8.98184166966854,10.962409948613,2.60902502783371,3.74280799861749,9.17052913914486,-0.674928302017593,0.315476716711533,1.37059499653368
0.0436664318078453,-0.0300025853708119,8.96237036950986,10.954586839443,2.58027780453296,3.70063374944324,9.21519306781104,-0.677850139378005,0.306066987464925,1.37880015435713
0.0445975252582815,-0.0306077774792773,8.95387055608422,10.9864410907624,2.55702567384556,3.68202338880438,9.29025514401739,-0.687132375458656,0.300802104542508,1.39185678843567
0.0433139052587951,-0.0295240881698361,8.96168864771952,11.0616619341458,2.54292442208531,3.69775380708795,9.39558231654596,-0.703566897657115,0.301704802079858,1.41049148091031
0.0390077919154291,-0.0261529968778497,8.98791037680506,11.1829197651922,2.54107985861314,3.75560667239637,9.53230439357329,-0.727268411728415,0.310000398673308,1.43540638824455
0.032079954481706,-0.0207662314514233,9.02225298777571,11.3498121419955,2.55327522147428,3.8567707925322,9.70242917866836,-0.757363547943086,0.325544778461618,1.46707819757167
0.0237378714392687,-0.0143661227284091,9.06030803628412,11.5569892627514,2.57806277578787,3.98969747779676,9.90537609869546,-0.791607256270904,0.345737662683653,1.50499471139587
0.0169568840889933,-0.00920772003584597,9.11482361883976,11.7957262907521,2.61319640351433,4.13927362305049,10.1356152952348,-0.826606416566114,0.367629877691239,1.54764689259059
0.0133181001482598,-0.00649898437340907,9.19082018214669,12.0498168810514,2.65751340437445,4.29362532749074,10.3793687461395,-0.857688717964,0.389326370226432,1.59246078416616
0.0118927661395186,-0.00563684097462699,9.28697724450949,12.2877821672568,2.70861585235395,4.43699533001373,10.6102680622096,-0.878329780252631,0.408397207713088,1.63504903131914
0.0128705397229454,-0.00669362017281303,9.39466641948655,12.4673192658315,2.76070251496603,4.5457688390099,10.7919131307422,-0.881508908278788,0.420969534850141,1.66922810691804
0.0161747243013365,-0.00958717893382474,9.48515037226021,12.5544570190593,2.8060288157707,4.59865580079374,10.8921447772141,-0.864120552428088,0.423367812752073,1.68884361653462
0.020920886976485,-0.0136578706442679,9.54204838294247,12.5364602483961,2.83822884727137,4.58939645867673,10.8963626917405,-0.830235492037078,0.414033670932554,1.68976839251972
0.0422405240095183,-0.0284480456539845,9.74902952302998,12.4203026208121,2.85360064584719,4.52603964273539,10.8094245513191,-0.788984464255837,0.393593202662039,1.67131040543338
0.0727605573793178,-0.0488672281419803,9.93965565236411,12.2354571658688,2.85193797360211,4.42600730682685,10.6560776306169,-0.750028872910426,0.36527016542521,1.63835242051473
0.076560226322557,-0.0514977076045744,9.9905094575228,12.0323236941139,2.83655838114908,4.31076183881395,10.4778818077056,-0.720544870742133,0.334460485226063,1.60089597770471
0.0566120201059151,-0.0382230114021115,9.9337012457358,11.8569145775019,2.81113532714465,4.19338575709235,10.3155018660164,-0.703513127409764,0.304900749412469,1.56837316489912
0.0240528954711419,-0.0163424196389477,9.78455243816882,11.7276907607927,2.77987355975971,4.08039949709518,10.1904242651329,-0.697559346949963,0.277971822531063,1.54474630929739
0.0126635105442012,-0.00799657847746488,9.76476415465069,11.6387831747871,2.75104761595319,3.98824189818503,10.1030169049649,-0.698946111185716,0.256670649144574,1.52891297558116
0.00872733276671508,-0.00471519526911959,9.81399760845484,11.5768759105461,2.73410176586395,3.93954077552371,10.0436655060449,-0.704219482867825,0.245479544760776,1.51798372488121
0.00905254522563295,-0.00469140733089712,9.86391135171594,11.5332274605322,2.73286027936819,3.94275648475625,10.004489480982,-0.711464766684579,0.245977009685577,1.5100126227757
0.0157679162104995,-0.0093233302491792,9.94397091875926,11.5044385233166,2.74472894162166,3.98768929253019,9.98234131950217,-0.719901720157169,0.25579571479366,1.50453788598738
0.033624260332503,-0.0214811333151939,10.1009641251687,11.4880631363487,2.76472034296235,4.0576856637865,9.97537881045483,-0.72927994311852,0.271402593536082,1.50166949334847
0.0756986785807295,-0.0493139362573963,10.3244365965055,11.4804203184468,2.78831792233898,4.13996418419881,9.98040215813729,-0.739792787504757,0.290340169136702,1.50138731084774
0.120990598322618,-0.0793088974929769,10.4808970521951,11.6714254805949,2.69372775973094,4.00264477956557,10.0670331122203,-0.756672928784098,0.295760327593376,1.5076119823851
0.0314752747032395,-0.0212478468421813,10.27059978269,11.3338723559384,2.90319482228895,4.46272891968855,9.95169291234942,-0.762364733274529,0.341007979633222,1.50532756711811
0.101789438097728,-0.0671662446805507,10.5947921042048,11.455183150127,2.849684506948,4.40744077401007,10.0140419176572,-0.779876230901455,0.352315411013619,1.51446941681715
0.0884585334260277,-0.0586826546853147,10.5510066525912,11.4318856164142,2.85206265496188,4.46884297161395,10.0176226796658,-0.797230103233955,0.369503087474722,1.52087105764479
0.0610090684826291,-0.0409954568758459,10.4258790893637,11.3933761987302,2.8514032361363,4.52720620710128,10.0112068759853,-0.816501790222534,0.384550089997419,1.52800876036549
0.0457616927810329,-0.03110979897671,10.3509123814861,11.3498897435832,2.846893294247,4.58639209256526,10.001258486364,-0.838773850442691,0.399861121147049,1.53697846111614
0.0332275621137381,-0.0228867556686052,10.2184883627774,11.3031091575291,2.83963432058454,4.64961015233447,9.99017857368505,-0.864788341116574,0.416873228603056,1.54835406949014
0.0411095638600779,-0.0277848379047116,10.1913674897508,11.1491942304487,2.96702016715154,4.93144805183132,9.91292908832879,-0.893317542132945,0.43889927374177,1.55836801101487
0.012982617635616,-0.00952843285168353,10.0138512239534,11.278276993666,2.68070812869059,4.54604823371095,10.0220367884666,-0.931965215956076,0.447438682778781,1.58141180657408
0.00956065952845477,-0.00719488906464492,9.89890181842237,11.0979726788691,2.77316059871155,4.76856588922489,9.94353143173019,-0.968249734868098,0.468277598038908,1.59559501381319
0.004136221753503,-0.00360230960871944,9.81589206007982,11.0099230427736,2.73007778955658,4.76860976656032,9.93426962676655,-1.00989550248568,0.484864086024716,1.61742647292624
0.0025379815214259,-0.00241977698180296,9.73373435979792,10.9092481054109,2.68306681116132,4.7624815402332,9.93021612825569,-1.0549911603904,0.503196807948576,1.64264384531461
0.00322686478466261,-0.00264638313771452,9.64270990513373,10.800678266833,2.63339398664932,4.75379057380349,9.93112573140267,-1.10297257184392,0.523216115639848,1.67103000823127
0.00406344382921954,-0.00295256885740222,9.54428074919959,10.6883044066089,2.58415716312256,4.75049745970042,9.93415590334887,-1.15323606550759,0.544969779710746,1.70193017155141
0.00381166254227303,-0.00258571646671772,9.44167829781555,10.5805732676105,2.53938203672487,4.76133984535133,9.93902630279501,-1.2054298983643,0.568470073660983,1.73484000119556
0.00248109245744391,-0.00156678795644682,9.33597248035009,10.4863509114142,2.50321714044699,4.79126616452971,9.9473927728843,-1.25929583396391,0.592939810349651,1.76931286661813
0.000648165454317395,-0.000259348005419796,9.22841220498401,10.4090662723421,2.4777664423262,4.83588841040822,9.95905603046243,-1.31443518377056,0.616103948747014,1.80462907074209
-0.00048250440581793,0.00058356433658488,9.12902866777564,10.346729916269,2.46379162791556,4.88860900970296,9.97178369811923,-1.37098736804374,0.636281336767677,1.83996114080543
0.000393627245750455,0.000149919162155426,9.05976190479505,10.2961969931963,2.46202038888908,4.94986788290157,9.98445268196207,-1.42931518343099,0.654681971180495,1.87487796088164
0.00100251159971171,-6.55621649622989e-05,9.06454913231663,10.2535982963858,2.471629815258,5.02147656616452,9.99752465255828,-1.49061779281768,0.673680981912334,1.90935104699926
0.000593912998987978,0.000419897577793482,9.09140064643996,10.2125856877021,2.49001107142865,5.09997632992016,10.0117010991454,-1.55585224359313,0.694347844435616,1.94347666346489
0.00199713365979959,-0.000248897777125862,9.18730015047368,10.1662599133073,2.51455648020491,5.17939360024678,10.0277702887529,-1.62574249676064,0.716532498414397,1.97736354817961
0.0138671462880753,-0.00770787335353834,9.29954173621634,10.1108467989344,2.54326624770829,5.25459873574342,10.0468649027324,-1.7008606688146,0.739672547075042,2.01106894419298
0.018865392382508,-0.01079626513454,9.40262325331592,10.0468302489865,2.57507006205582,5.32304567882426,10.0704514584653,-1.78157713047942,0.763325476239769,2.0445468849671
0.0144564271916069,-0.0079289812029672,9.46128173693151,9.97761933721026,2.60975420068076,5.38440132793429,10.0999385922691,-1.86812324903273,0.787372739135594,2.07762091542447
0.00842438699586512,-0.00417065174370154,9.51634612830076,9.90844165534654,2.64629343313017,5.43678064333308,10.1360851344752,-1.96090531921281,0.811656136955712,2.11001777093545
0.00259512113178334,-0.000672553991921676,9.56570589321475,9.84595691958708,2.68204620405277,5.47535866318825,10.179071145605,-2.06038950526035,0.835866402916964,2.14141150914779
0.00160279139022212,-0.000323692572891221,9.61908274442091,9.79624752340915,2.71390840678237,5.49359657007196,10.2285802889545,-2.16705972772079,0.859268994499584,2.17130151812049
0.00910726580150323,-0.00539433539799791,9.69209071833603,9.76223933893121,2.73924163002409,5.48357207922551,10.2832324446449,-2.28120574620485,0.880139299170302,2.19892872066189
0.018174708853872,-0.0113955755761154,9.74391995731547,9.74362210871422,2.75692855263003,5.44164927669159,10.3404114029779,-2.40318059274855,0.897659435908308,2.22338362929916
0.0266013353204818,-0.0169109585014622,9.78744919087615,9.73700818307974,2.76855380207878,5.37538805264592,10.3961557147723,-2.53370658536088,0.914453937562682,2.24356526543178
0.0340539054488781,-0.0216727550645807,9.81860419291006,9.73573167985336,2.77646473052492,5.297069953173,10.4449064130449,-2.67351819766202,0.934726197840966,2.25802796188854
0.0385332694725438,-0.0242401289339513,9.8378917839653,9.7324463867324,2.78007212935046,5.21046840562451,10.4805922289778,-2.82260878308133,0.960247077405831,2.26512905114227
0.0376798156759211,-0.0229507194398231,9.84630927225195,9.72239301279879,2.77577351656931,5.10894105167801,10.4989499311373,-2.98010060220178,0.989456485322944,2.26348157676819
0.0309202181252039,-0.017557057634577,9.83750674311039,9.70539402237688,2.76129050577245,4.98826700718184,10.4994050188556,-3.14512116592668,1.02117619130939,2.2522298151492
0.0167625210147638,-0.00748443204475502,9.78912852588596,9.68604565686391,2.7389575282021,4.85717913520255,10.4843149469086,-3.31753041582696,1.05838122202614,2.23068465803651
0.00762803567019055,-0.00103102835492574,9.75034459803362,9.66953800477008,2.71337026377316,4.72809487143197,10.455918099885,-3.49724099948738,1.10509767972663,2.19806291042425
-0.00672860946896131,0.00841693527677365,9.64089794330167,9.65694930199981,2.68661122496496,4.60055626332478,10.4149227066475,-3.68311401826436,1.15982316066023,2.15434582416904
-0.00572617005568998,0.0076795254421291,9.55760377554201,9.64594903665278,2.65713274378668,4.46426015107478,10.3612627659746,-3.87342034002911,1.21655304318464,2.10090252874622
0.00169049671628646,0.00254523708187296,9.49980118694063,9.63422449646127,2.62303466732821,4.31867362103802,10.2940240145812,-4.06728363225987,1.27328069823219,2.03899780161296
0.0174454014085299,-0.00824126016352747,9.49262075884897,9.62078658241064,2.58448087490265,4.17772433626469,10.2115247481195,-4.2648443059958,1.33438783488702,1.9682032050037
0.0290715923615293,-0.0164935636589623,9.44600095583487,9.60608233529263,2.54172383232619,4.05382352808724,10.1136401191388,-4.46608763644305,1.4036750300113,1.88755556820693
0.0360319778805176,-0.0215613946919029,9.37436511924457,9.59215148313063,2.49315324552525,3.94873544799753,10.0034905692961,-4.67022259168319,1.48018235700744,1.79744066912127
0.0376092828918932,-0.0227838145810916,9.28255832804955,9.58142573293553,2.43698924657421,3.85911777335187,9.88647370804354,-4.87615373477371,1.56042918593104,1.69971056263243
0.0345207534699337,-0.0206962993540676,9.18195672118033,9.57567232367384,2.37328811237144,3.78228286166336,9.76919253933394,-5.08287650202109,1.64079688505033,1.5971981232616
0.0137347721883588,-0.00714573730830192,9.0593753144328,9.57691927849998,2.30423234927393,3.71726773729286,9.65950768883755,-5.28960497170954,1.71820210241416,1.49360674302306
0.00784701579481428,-0.00335303337187259,8.99602208613867,9.58820276400295,2.23420604240727,3.66409353302449,9.56629330644986,-5.49554251748488,1.79007098012073,1.39347233681764
0.00282758202522165,-0.000218710997515248,8.93412806603947,9.61291242267804,2.16975449029082,3.62255395955594,9.49861536622552,-5.69972516623575,1.85406326935536,1.30200298876578
-0.00503982644215933,0.00481148307564724,8.9033751942159,9.65427727272178,2.11843676276843,3.59146749515203,9.46509336883359,-5.90108171149281,1.90837754342324,1.22439609177796
-0.0138892850109966,0.0106031765938211,8.88494111872296,9.71470367554682,2.08672483220668,3.56923035635866,9.4721911943755,-6.09866463150119,1.95259020935293,1.16450910562321
-0.0228733724727416,0.0166268759493043,8.86465526605414,9.79416336875436,2.0783827780977,3.55508836687175,9.52099361762547,-6.29163745778908,1.987837517915,1.12387352158932
-0.0318009387772925,0.0227710112350881,8.85733581575472,9.89027271146393,2.09431001869897,3.54910559751771,9.60630138156355,-6.47957005730143,2.01589556336287,1.10219583283915
-0.0407904580925588,0.0290496321233435,8.85621414168476,10.0002748521458,2.13328646089024,3.55145497251959,9.71860342903649,-6.66287311147116,2.03840648892505,1.09826099854974
-0.0487882682887471,0.0346237405119796,8.86652929324659,10.120886290197,2.19240949919684,3.56251651262005,9.84511919047231,-6.84224857194588,2.05679568749212,1.10972795457394
-0.0552115873024022,0.0390099513866363,8.89035789143936,10.246983407628,2.26661669134959,3.58109919431088,9.97126722321659,-7.01745082319231,2.07169657278944,1.1334280041905
-0.0605846755005903,0.0426341933023106,8.92787645939874,10.3725720926608,2.34805604061464,3.59988187653788,10.0852479200337,-7.18656904222416,2.08168848681783,1.16775508455529
-0.0662457567053008,0.0465051899817173,8.97522553530544,10.4929432305718,2.42743234337501,3.60582862331006,10.1820590285063,-7.34622081411914,2.08376687677134,1.21377728822977
-0.0753334520819061,0.0526958457016176,9.00646922400279,10.2721862580216,2.54057853109392,3.82714839792959,10.0558456702934,-7.49586664958757,2.08612270486007,1.21634987349154
-0.0777767211193172,0.0546598308794804,9.10787078097749,11.037791883509,2.5200973636803,3.33423255809833,10.5431588828201,-7.62980577062928,2.05762964687504,1.3810161646189
-0.0880806551727085,0.0617211705378469,9.14139284598409,10.8433434226473,2.61912287481845,3.51371973729684,10.413445615586,-7.76010029395664,2.04952270184123,1.3931877951893
-0.0955532097709487,0.0668147268267982,9.18590055471553,10.9194099293526,2.68605901887009,3.49750629603562,10.4707539256015,-7.88117480137195,2.03337089771985,1.45237419303671
-0.101632994060913,0.0707998306598909,9.22065549612958,11.0062522414047,2.7495458571452,3.46278584012723,10.5527443934446,-7.99077002373838,2.0140939852706,1.51875790997747
-0.106639393029061,0.0739861429967097,9.23550905440669,11.0795989463776,2.80892403856112,3.42109259002354,10.6487651657644,-8.08665583260681,1.99296639734089,1.59171576788733
-0.112051841528177,0.0775188264189785,9.23995508831475,11.134496625797,2.8624869374485,3.38355319968369,10.7518334594243,-8.17139798342893,1.97401560636611,1.66627543839036
-0.118680638672901,0.0820205563046798,9.23599502705793,11.1682784157652,2.91026146331225,3.36378356038752,10.8517329358172,-8.24925804172556,1.96152167335223,1.73514653977121
-0.126142454609332,0.087213097255802,9.22132295457629,11.1778267228125,2.95131956674773,3.36587442699547,10.93926181338,-8.32044095611064,1.9566751411183,1.7963261324716
-0.132124041165514,0.0914682203248438,9.20031775377084,11.1589415286148,2.98335008262882,3.38103727482752,11.0092334706038,-8.37912548790465,1.95718257665495,1.85543691121141
-0.160847863563686,0.110294750460913,9.34212548522965,9.94202037162076,2.76594148058438,3.68191475419715,10.5144357826308,-8.42750504728566,1.93133556962501,1.83610795855313
-0.119264893662009,0.0837092582752999,9.01502789941146,12.1910312435548,3.25578448769601,3.14591956879065,11.6583153043266,-8.42247954500854,1.99183126683652,2.08456519902689
-0.137933817811716,0.095762968693849,9.11409516805577,11.032505438885,3.05889846251574,3.38499516077923,11.1444014937966,-8.43506055776002,1.97022477594323,2.08061466822274
-0.143382868396769,0.0993091908459638,9.09546147782367,10.8145552671342,3.07328108564971,3.47978739865304,11.0882816041665,-8.43291772416629,1.98548772151396,2.11623823411803
-0.145526248305298,0.10062076910492,9.06875917453484,10.6372450004071,3.10328427615611,3.56443253762642,11.0311923866942,-8.4289719973995,2.00537439906919,2.14207328609533
-0.146713700414684,0.101248598850838,9.03698150005086,10.4591707199736,3.13686313081813,3.65587891239006,10.9649685635487,-8.42468120061244,2.02868085064947,2.1536672597275
-0.147261615367073,0.101436447979952,8.99656421452855,10.2652800219473,3.16708822186044,3.75385457552241,10.8885372322193,-8.4213633602057,2.053850960514,2.15209905274333
-0.147182267713017,0.101218890084842,8.94356300174138,10.0555796515203,3.19008806063226,3.85069047592755,10.8093914053532,-8.4177911499492,2.07916006310933,2.14336095197856
-0.146907025815622,0.100893234448202,8.88785642686564,9.8348744287721,3.20555839422913,3.93535419413514,10.7379866590317,-8.40980803208132,2.10257724371175,2.13671117249595
-0.146954953194249,0.10079900448674,8.84251350096386,9.61206796776173,3.21688998194266,4.0033035226006,10.6823501575257,-8.39534262877299,2.1233711918278,2.13740595676759
-0.14570896135286,0.0998618547306176,8.77747905697902,9.39988100686235,3.23012778670222,4.06231784965489,10.6446867940842,-8.37847219914095,2.14309379012056,2.14199026181439
-0.143927663098688,0.0985792968300487,8.71100843053325,9.21338299702354,3.24892927153901,4.12018866592902,10.6244087532525,-8.36414735522971,2.1635493288096,2.14453308730913
-0.140318984639707,0.0961271974334641,8.65169250264392,9.06863698571437,3.27014263311366,4.17168877348504,10.6221383154047,-8.35165785808118,2.18467340549984,2.14382297233652
-0.135932145935378,0.0931964599011665,8.60590186872402,8.97455176521988,3.28791173340094,4.20500358326815,10.6381509670199,-8.33596654946132,2.20507264554928,2.14351301667507
-0.130808736806292,0.0898263460493433,8.5785737437375,8.92362515857722,3.29979091058095,4.21333832986317,10.6701826600621,-8.3120306467244,2.22348723051398,2.14992248951045
-0.125216927421504,0.0861951407946998,8.56909569372518,8.89888973159042,3.30700099402358,4.19843934475535,10.7146635647983,-8.27821650938926,2.23977425872601,2.16767453879353
-0.11936552502504,0.0824300604043373,8.57329650342591,8.8862182018901,3.31327440488981,4.17076353637024,10.7672983733532,-8.23798495926147,2.25511473136702,2.19530784845979
-0.112203594543714,0.0778240986328392,8.58398198634163,8.87452241142205,3.32340831351563,4.14445395185783,10.8229967658287,-8.19680423505896,2.27093614583785,2.22762181397962
-0.106353932570521,0.0740187161055088,8.57938664851572,8.853715073786,3.34000997951323,4.13028735438767,10.8773736135886,-8.15872626430045,2.28801716349519,2.25971642138445
-0.101169665667749,0.0705614093066216,8.56566627326906,8.81835898654515,3.36249585861831,4.13467259517367,10.9283161064198,-8.12712805244301,2.30680380282776,2.28714310883565
-0.0979669449335867,0.0682116426823246,8.55839243238057,8.74656332948351,3.36033316023095,4.16856556790704,10.9509573342613,-8.11455164679974,2.32820834580789,2.29450896495484
-0.0994587175934813,0.0688917719026418,8.56235219657768,8.69537863963711,3.36478506156337,4.20618808928703,10.9726127008091,-8.10894857074585,2.34953057482605,2.29710426833698
-0.0942723955858898,0.0653538359715256,8.6235649306235,8.65878370096492,3.27511651233211,4.19437018554117,10.9163490694875,-8.10811350331851,2.36299844563689,2.29161255159212
