-0.301344717723389,0.202162884167075,9.21220320989448,9.10773135271353,2.51503175092438,4.03749467065326,11.4251161837742,-7.69950212804561,1.81594300144262,2.2744401487314
-0.303220273746866,0.203281630699332,9.29173081522952,9.73838047535373,2.26172746723643,3.83899355074034,11.5293156586078,-7.58179605723463,1.85417637096743,2.16996037320745
-0.318134977982027,0.212990899879314,9.47010073539019,10.3776666102653,2.13735609139781,3.65640109737779,11.7201656227988,-7.45319904419731,1.8928465372687,2.08605020751967
-0.341493347607718,0.228065915223438,9.66021812021219,11.1897989769163,1.87211364023726,3.36761992495997,11.8870868898741,-7.31631903537718,1.92612289490459,2.00226372958583
-0.351976240282633,0.234957187476502,9.70791884506513,11.4778002107042,1.74148235005376,3.31043519370428,11.9048253308508,-7.17724144709666,1.96806669702398,1.90361276961109
-0.361857269142457,0.241514614720986,9.73933639095827,11.7428706735749,1.612723926525,3.2663092196655,11.9052547250027,-7.03143621449314,2.01115161190437,1.81020392544642
-0.369537845860125,0.246700696453978,9.73565239707467,11.9127313587741,1.49754090604559,3.25888299627661,11.868065994823,-6.87736994056452,2.05404102002546,1.72304548988448
-0.36652718242754,0.244864788132426,9.58401805465793,11.8402179200492,1.11004531788966,3.19496577557724,11.7065409695759,-6.72244109610355,2.09116379684244,1.6247312600215
-0.388436043573107,0.259576573654791,9.75177081376665,12.1439546559314,1.55069145989544,3.40040834394928,11.8081421398219,-6.52886287674236,2.13091062203526,1.59788688418246
-0.378739281765239,0.253453117730423,9.56522333878754,11.9554866464158,1.21508254907371,3.38210753240385,11.6292163039242,-6.35614850834103,2.16067231193877,1.52643949285242
-0.37581899098927,0.251811475616138,9.47818858347799,11.8607573404362,1.14255728380322,3.46162622392415,11.5310706039498,-6.17119749688774,2.18867563160996,1.48528819051167
-0.370234114572244,0.248379736399282,9.38448625177818,11.7485429445738,1.07826266443826,3.54864536384563,11.4402235024894,-5.98333215061047,2.21186740392018,1.4565532227556
-0.35729473337418,0.240087461446175,9.27581557084484,11.6233973862192,1.02411008916631,3.64410350057593,11.3558384215195,-5.79357136212244,2.23006100752634,1.43884029321211
-0.345496467784067,0.232444392223447,9.18999472768426,11.4935155763718,0.979514167840346,3.74598546834927,11.2790930428881,-5.60255165706308,2.24286871240436,1.43142268441011
-0.335993917098127,0.226203900325206,9.11830498400081,11.3660167058872,0.943075565424981,3.84970702941024,11.2123442116166,-5.41035636112478,2.24891284263093,1.43517600972229
-0.324955771122171,0.218904211616671,9.04946916505691,11.2460453383949,0.914657736010801,3.95213305181612,11.1570226998376,-5.21740121372329,2.24694892088584,1.45064581782786
-0.31244396475391,0.210592025701054,8.98242406536982,11.137215779844,0.895203344707614,4.0545404506927,11.1123622630849,-5.02508170998736,2.23736168800725,1.47617947781878
-0.298469348577872,0.201271539251823,8.91269402970108,11.0420027556424,0.884488209683992,4.15870731507197,11.0772894303127,-4.8349907006129,2.22125544101578,1.50937507589504
-0.283501501106643,0.191262723995088,8.83745517947314,10.9613429235404,0.880962241542794,4.26327817499664,11.0516879141245,-4.64804785605743,2.19885333860873,1.54883681184251
-0.268961537704498,0.181521786221123,8.76019681821916,10.8952684372003,0.883080940380128,4.36509489915063,11.0352091097647,-4.46461739046024,2.16974589272725,1.59354025443962
-0.255137472240626,0.172261106730896,8.68444809278749,10.8439337245951,0.890010495303591,4.46267898105923,11.0259156982301,-4.28522004311506,2.13438997072247,1.64152238860417
-0.245120207602968,0.165487050300403,8.63161276401625,10.8066111004271,0.901836486974832,4.55731499562292,11.0201426946861,-4.11062895849788,2.09435422722872,1.69019257438275
-0.243058496353162,0.163885097088717,8.63606754526647,10.7808827490939,0.918875402633084,4.65087429467534,11.0132425660168,-3.94152868745839,2.05130424533314,1.73721115052452
-0.239146815232444,0.161081567373618,8.64392924970203,10.7643427194452,0.940859322038154,4.74358607537613,11.001202644129,-3.77822841792103,2.00630927217878,1.78086593388824
-0.230226593682987,0.155046338654866,8.65020622298446,10.7563751025459,0.967523409646378,4.83424711871017,10.9823624888197,-3.62080574859497,1.95979645627499,1.82027636225774
-0.220717256332608,0.148641431166276,8.65411182038853,10.7585760066691,0.998678005905035,4.92123873484858,10.9578895747221,-3.46941486123337,1.91196788319412,1.85521388398147
-0.210708867289789,0.141925796744594,8.66236657899682,10.7732053561073,1.03313116229496,5.00262875887059,10.930410851798,-3.32442140932778,1.86317719689047,1.88568335910244
-0.19892834737281,0.134062627296534,8.67215063139156,10.8000977143199,1.06887388886111,5.07677719691207,10.9015710762199,-3.18622418764436,1.81404483684239,1.91162437252222
-0.186311679188217,0.125636895501543,8.68206371799258,10.8365907513377,1.10380817303186,5.14311741173145,10.8714010650589,-3.05520065390682,1.76564017104025,1.93281497819519
-0.171555411893476,0.115795061448439,8.69269318511019,10.8800064653613,1.13587106506058,5.20162801925653,10.8398367579268,-2.93180940805045,1.71930290892531,1.94911615765664
-0.139159381553472,0.0945229888943434,8.68517179767829,10.9273769989347,1.1635269516397,5.25156034750109,10.8070813637321,-2.81623599742288,1.6756602533187,1.96081178329912
-0.124618065334955,0.0847899760549788,8.72944974219029,10.9744964800834,1.18622577222697,5.29077052877288,10.7728451625337,-2.70804412356578,1.63394094324352,1.96866730234391
-0.116244250356887,0.0790373394176234,8.78855381714328,11.0174265570977,1.20409855925973,5.31638886707322,10.736482329028,-2.60644840600175,1.59257255382913,1.97362877856465
-0.105007655475276,0.0714319978596848,8.83880482753381,11.0542948629244,1.21761696148449,5.32691990067637,10.697475631241,-2.51084097484316,1.55058106124474,1.97624510392579
-0.095929022995115,0.0652356968845737,8.8867829939519,11.0865203846547,1.22795792408534,5.32510170907037,10.6558007775079,-2.42111640851344,1.50868923556698,1.97628410716612
-0.085908018433496,0.0584568416200284,8.928009363504,11.1183613346366,1.23694207091134,5.31730167919531,10.6123213411406,-2.33745287913133,1.468652172725,1.97321382264639
-0.0795690625940653,0.0540816935953016,8.95971691351671,11.1543115617793,1.24577295277757,5.30860025134694,10.5686136508999,-2.25981082384621,1.43144507669719,1.9670531086071
-0.0751242715657656,0.0509634018865024,9.01032805677121,11.1981055494236,1.25427947183221,5.30026477863128,10.5265026942717,-2.18785013211075,1.39690931373592,1.95848924553396
-0.0712758160718058,0.0482563462857116,9.06367079432035,11.2533170826026,1.26122450001278,5.29088629921082,10.4880067839489,-2.12120510501717,1.36457703086023,1.94854280745316
-0.0666396635971631,0.0450550365170576,9.10676967320634,11.3216818290404,1.26509549635389,5.27779911173892,10.4548340288643,-2.05951295000659,1.33383717975219,1.93834573210712
-0.0620447525535465,0.0418805829878839,9.1454239717869,11.4018991539066,1.2650754110995,5.25904970578641,10.4276492474636,-2.00234884451052,1.30403552868071,1.92882844771174
-0.0584670079513947,0.0393532582281077,9.18585076695544,11.492565915215,1.26063483766118,5.23443794346188,10.4066324719485,-1.94945071816191,1.27520639282417,1.92042820672826
-0.0566531290178035,0.0379622516205202,9.23187191871593,11.5944275229955,1.25077096117762,5.20534815358643,10.3918598737863,-1.90096350298055,1.24846153214682,1.91299593750999
-0.0550692756285848,0.0367464846764612,9.28094305351989,11.7088830762259,1.23505334726626,5.17455042433796,10.3827895750647,-1.85703152875986,1.22510859992869,1.90610547594289
-0.053902599945911,0.0358685050713264,9.32256350398341,11.8364344714728,1.21416914550469,5.14336443225756,10.3788318156777,-1.81713172289507,1.20505880484136,1.89976868631692
-0.0516781693375392,0.0344049221713386,9.35549393980784,11.9764228880549,1.18907141016029,5.10968689793994,10.3799168924079,-1.78005407843337,1.18658649524256,1.89455684713858
-0.0489072990638275,0.0326868708356533,9.38509633447635,12.1267527996056,1.16069034681342,5.07125157239809,10.3855823489238,-1.74458015384001,1.16785540619577,1.89092405646203
-0.0457824118725626,0.0308206385906854,9.41814207746767,12.2835288059935,1.12996185022661,5.02865939295664,10.3942261405634,-1.71003892869163,1.14808231853807,1.88879885842079
-0.0418584788744238,0.0284870219852684,9.44321211705975,12.4412707058245,1.09746336738819,4.98404133682792,10.4034496176343,-1.67630424003204,1.12733029875604,1.88775876590189
-0.036418222994199,0.0251925820904193,9.45737318271455,12.5947259326677,1.06312838019182,4.9388933438202,10.4107964904436,-1.64355965743518,1.10603139150869,1.88725794477647
-0.031099715093951,0.0219767091718423,9.46300412189153,12.7414517531672,1.02673885206091,4.89508470674466,10.4145513167456,-1.61216268213852,1.08512324298863,1.8866773846842
-0.0280774003150623,0.0202383394809809,9.46525010856243,12.8823054015795,0.988655940102655,4.85614404231789,10.4144908930926,-1.58248945153918,1.06601537067319,1.88549067383697
-0.0280091634707565,0.0204052554696642,9.4781421249924,13.0190360420869,0.949508847162089,4.82462374020747,10.4118241885381,-1.55471057743856,1.04963120377299,1.88355694739166
-0.0276683769363235,0.0204482180640478,9.48391610778793,13.153675774495,1.07019986465841,5.05457499355625,10.3784306439531,-1.52492413510042,1.04388604737707,1.88203717679339
-0.0372592828556342,0.0267332001150714,9.52155464352499,13.2810492326143,0.710449586081841,4.52065674303085,10.4355168421497,-1.50902983670043,1.01561101624854,1.87684166184624
-0.0373840930269592,0.0270604838749157,9.53264552649479,13.3925466647053,0.819058238733176,4.73449082110925,10.4022433210216,-1.48115504137481,1.00950190631063,1.8745012073299
-0.0511326100277873,0.0361209272248543,9.54515340917619,13.5114846699794,0.784749182478149,4.71856972250552,10.4035652283331,-1.4562472518981,0.994519823423841,1.87276327609739
-0.0544295224735533,0.0384090484844299,9.54784894383207,13.6245891252486,0.741749687164313,4.68709416019064,10.4093888370853,-1.43160648957764,0.977633741422663,1.87080718195234
-0.0582533602974263,0.0410297850149977,9.54114280684773,13.7311541368925,0.697561743694411,4.65113467191674,10.4170910425222,-1.40681901885436,0.958640302399784,1.86835686514823
-0.0614584451084553,0.0432655199220985,9.5538194721205,13.8264457229388,0.653129084193018,4.61211043108238,10.4238307213267,-1.38196631098567,0.937673277209297,1.86493490946063
-0.065163171718616,0.0458292111695366,9.57786514499066,13.9053116584978,0.609431823277357,4.57298932292682,10.4266080192632,-1.35776982547461,0.91576298262456,1.86008294746045
-0.0713789948011988,0.0499973634290513,9.61360279272845,13.9627534653064,0.567482970136232,4.53768615989596,10.4223486843147,-1.33491797877041,0.894479410047975,1.85334377784571
-0.081861336183605,0.0569014916227613,9.66583419500439,13.9940551107625,0.528517312065154,4.51025064724679,10.4081850104836,-1.31394821357852,0.875347123272319,1.84430321781398
-0.0922760418872965,0.0637570029558129,9.71084225551995,13.9972874921493,0.493280776844122,4.49167695992879,10.3828144635242,-1.29485614613168,0.858929067232887,1.83294297422072
-0.10031011168513,0.0690748123505788,9.73335175684956,13.9764998803591,0.460552620830028,4.47617855249927,10.3476186062117,-1.27691485666753,0.8442507854196,1.81993498915134
-0.1043043304879,0.0717579004582463,9.73312248879046,13.9406631978115,0.427702003536547,4.45398008205755,10.3060404036834,-1.25901634855417,0.82946851773251,1.80631405242204
-0.105825608616854,0.0727993768585924,9.71589863318272,13.8994875889889,0.393455282056646,4.41979760402424,10.2623144243051,-1.24024048343429,0.813322088224267,1.79285854186911
-0.105209163353008,0.0724280438616903,9.68785427857522,13.8605118007768,0.359340422180346,4.37654028288738,10.220455743345,-1.22006287393356,0.795768260268812,1.77986307617036
-0.102686485082062,0.0708129767971905,9.65386309783448,13.8278103109891,0.328099767589194,4.33055568888266,10.1832184855353,-1.19819196298345,0.777346713748738,1.76730220448905
-0.100093343906161,0.0691509383625234,9.62682133948176,13.801543138269,0.301615162055185,4.28642122678613,10.1514524374593,-1.17451565125665,0.758489267170454,1.75502375498278
-0.0998146364414918,0.0689674526007919,9.62685934907566,13.7872495656031,0.116468785534871,3.94669686774542,10.1599853921894,-1.15453360493165,0.728153007776969,1.73998969523406
-0.0931802669939421,0.0647315255264639,9.54281779810942,13.7417580520253,0.425121423943585,4.51115667891355,10.0647523378265,-1.11516876454413,0.730983974540477,1.73437620834261
-0.0905844531366259,0.06307078879855,9.53363946757107,13.7205856596848,0.260023092415616,4.20571533256379,10.0729601374699,-1.09363464191276,0.703741761553337,1.71794240595859
-0.08779549918235,0.0613010824019297,9.49656567247345,13.66588602835,0.270889754437533,4.23130922929602,10.0368136263533,-1.06709739838007,0.691973782175625,1.7017482012977
-0.085535242220205,0.0598535351061334,9.48494344741203,13.5972361936248,0.290427481199501,4.28145259063868,9.99653019005929,-1.04130647200195,0.683700434695497,1.68370651125403
-0.0849711965685703,0.0594630293540017,9.48871410107407,13.5109536130137,0.322928262100635,4.36411169461864,9.94968591817287,-1.01636791270082,0.678686024888295,1.66341058255507
-0.0877352225466787,0.0611770951054784,9.48715684853092,13.40851959316,0.368371763981696,4.47795545560134,9.89666417457359,-0.992278252946501,0.675991968581031,1.64067545767327
-0.0912855300173484,0.0633788942839337,9.51370319689533,13.2950006092693,0.424673370517767,4.61515404910087,9.83913303735415,-0.968887964243256,0.674039422022042,1.61552668200605
-0.0958948515272919,0.0662589535617886,9.55213200655941,13.1814117056468,0.486351122277281,4.75690695288958,9.78170807238169,-0.945772345766894,0.67021128812128,1.5886392434051
-0.100871131467426,0.0693765668250776,9.5880723253829,13.0838060420077,0.546223472504949,4.8783472252129,9.73266603359757,-0.922356584563527,0.661727428051173,1.5614584584687
-0.105123714635428,0.0720218740039942,9.62299374410131,13.0155695918389,0.598736303539039,4.9589096675649,9.70095479966124,-0.898161892737376,0.647004459283974,1.5356865989271
-0.108538815298359,0.0741111451487877,9.64970072305319,12.9785373228409,0.641751438600878,4.98969334609246,9.69016590997779,-0.872960236776324,0.6262754621061,1.51237728023861
-0.110682907038291,0.0753702625745581,9.6673671817885,12.9632739959647,0.675867148753982,4.97472994939543,9.69542283536715,-0.846876446087906,0.601219482243897,1.49150795792528
-0.108874212758993,0.0740897937069707,9.65995355038265,12.9353523717978,0.84047684799815,5.19146221836498,9.66390941774279,-0.816369344438933,0.581394442517025,1.47469135701169
-0.11590398892321,0.0784895100978808,9.67909976849124,12.9703532350907,0.589683832418074,4.6076277976711,9.75071333229026,-0.800766827132676,0.54052185877978,1.44996472248077
-0.113435730472574,0.0768005274141667,9.6365163975135,12.9482360368146,0.736175604489983,4.79834512470763,9.7096634978723,-0.772662538206709,0.521238442429641,1.43382103106164
-0.109567022764439,0.0742375644533713,9.59248394537342,12.9577797424982,0.767839977161031,4.79511675043432,9.69301409905132,-0.750707283616643,0.498836263497588,1.41525848508365
-0.104270345783036,0.0707982434909117,9.52059141936728,12.9897518484691,0.791404109561821,4.8066447775982,9.67511774286883,-0.732786490692002,0.480183313363314,1.39661104435742
-0.098770680260624,0.0672596651795117,9.43024124550549,13.05288554123,0.814331576566316,4.84316785334879,9.65984014250317,-0.718937310171296,0.465347702084521,1.37893859806985
-0.0949650467591469,0.064811028761713,9.34000484779844,13.1516170268667,0.835192671500441,4.89196087943107,9.65311442957585,-0.709038250605045,0.453543148619322,1.3633409874631
-0.0710544288273489,0.0491949198134032,9.23415629434133,13.7176348675743,0.70324236742085,4.67330571109755,9.8213728743822,-0.704495251986557,0.431919015657946,1.36748271371111
-0.123711291466099,0.0835163402255049,9.42459725552914,12.9296009787225,1.12898629262304,5.47762943635673,9.47043358990704,-0.694740471546939,0.45742468262354,1.32465906862817
-0.114277935839463,0.0771694604421441,9.29106269064692,13.7567602440277,0.766910549233052,4.79158651611834,9.81623844467745,-0.702909754077819,0.424663625687109,1.34417457806789
-0.12149042879894,0.0817657938546499,9.29813270830629,13.9725175880201,0.855164049375948,4.96217621816104,9.88851623249377,-0.707518284127453,0.429096778607154,1.34873008586193
-0.131399310920458,0.088179520088042,9.38312704896445,14.3261359895681,0.801424797188603,4.85878227770801,10.0811008117119,-0.719733655413005,0.428207844530577,1.36419608217987
-0.132666999905407,0.0891103020071842,9.44859588821234,14.6850013287421,0.788943811074156,4.8596606622153,10.2918357781161,-0.737983568280575,0.437818107178086,1.38564978015026
-0.126323093359259,0.0851794099580885,9.49183317373051,15.0824650351478,0.766278098712422,4.86354015662954,10.5410028577966,-0.763461696742918,0.45295561384292,1.41423750647751
-0.114564343886343,0.0777563621906591,9.5385915471154,15.5002757108661,0.749333900048163,4.89680207027939,10.8064712614128,-0.795526190312773,0.472369364784574,1.44895471767713
-0.109133146266021,0.0744038528612041,9.62227582048881,15.9253614323826,0.735682273354218,4.94465591200342,11.0758843026129,-0.833149652588966,0.492855346421798,1.48890801581603
-0.104716033863025,0.0716627239007695,9.71486831038663,16.337135594698,0.730603732394907,5.00940833623991,11.3335192289022,-0.874830629996943,0.512800858161192,1.53197505347549
-0.102606124899545,0.0703665923215143,9.81531647589596,16.7208186709816,0.737749461356719,5.09453168270041,11.5655307892871,-0.918911973957675,0.532401247649858,1.57475485207944
-0.102881287422921,0.0705723890632883,9.92203775039858,17.0699004762033,0.760452129795834,5.2081622340159,11.7596391426445,-0.963714807335512,0.553893775676085,1.61286600363895
-0.104986473549667,0.0719285694128715,10.0300727119025,17.3896551648441,0.800341222870524,5.36047370144122,11.9070840173195,-1.00777612115838,0.581032428315174,1.64177219730147
-0.108860258144832,0.0744077266406561,10.1517334109641,17.6905421419763,0.856202554330877,5.55573072670307,12.0028409344804,-1.04969986901984,0.616778247696583,1.65768491204002
-0.113283566494051,0.0772185597916104,10.2688296737322,17.9639445035132,0.92393837701883,5.77905474677905,12.0429613898352,-1.08746110242661,0.658908580498668,1.65807833099762
-0.116297553063671,0.079087953341142,10.3631480873046,18.1766489511845,0.998907095779551,6.00079405286566,12.0230110103504,-1.11847145588227,0.70017607430742,1.6417481010886
-0.116644727957589,0.0792018176128665,10.4312042224127,18.3013140973648,1.07781415731734,6.19798319324284,11.9397231346578,-1.14056884161661,0.734723461976829,1.60878145331651
-0.113418500245781,0.0769630247402536,10.4683292477407,18.3358073552933,1.15821626614011,6.3633829194767,11.7920220280139,-1.15257288770894,0.761740788015283,1.5605240381468
-0.106139967381319,0.0720269645936685,10.4768193371733,18.2943364455511,1.2373874807625,6.49727746857114,11.5817960500826,-1.15413764304821,0.783290699563137,1.4996786389271
-0.120158093782366,0.0811243321030617,10.6436937900261,16.7867489456896,1.29487924764607,6.51753742884825,10.8333891308751,-1.17108012195098,0.779198628653381,1.34880929597593
-0.0788978390762952,0.0534507716137241,10.6571708526246,19.299548821835,1.39151062242819,6.72796092888149,11.4190195805265,-1.10816603648689,0.84172468901764,1.432017734373
-0.0980106100686867,0.0656337310383239,10.5703276560984,17.8809398027184,1.43937622791244,6.7139897485325,10.6542685807167,-1.10193843276269,0.83903813911167,1.28862481076094
-0.100035111254731,0.0668478559732921,10.5532701538599,17.5925199396434,1.49832460186466,6.75767216389563,10.2371158762174,-1.07107938924624,0.855031127984697,1.20944452890489
-0.105319787482438,0.0707276260427575,10.5002437417458,17.2422447952987,1.54325082439458,6.75294088369189,9.79745470682085,-1.03361456146505,0.864192462737293,1.13259639208385
-0.109872514379667,0.0745965970822892,10.4167222200047,16.7844168669638,1.57525657721228,6.6839970482758,9.32959060480121,-0.990891638297225,0.859936980835594,1.05649406371624
-0.111974405465523,0.0768712930986886,10.2984320636473,16.2195040989073,1.59560838116969,6.54872652023824,8.84686430363568,-0.944284214759256,0.839904397063311,0.982486305752294
-0.109382572520737,0.0757285230330507,10.151241204114,15.5987196636243,1.60874403719917,6.38289189271827,8.37123423096384,-0.896878535687915,0.812076604357447,0.913455585255289
-0.103004529867658,0.0717105597700498,9.98739021002388,14.996632614964,1.61885056469303,6.2363415663042,7.92432253079127,-0.852336153372167,0.789507126690252,0.852108350568328
-0.0948552652781899,0.0662331959275321,9.81697879940877,14.4531919882655,1.62682232726978,6.13024539273676,7.51786521812398,-0.81286909823022,0.777997699021251,0.798926962638377
-0.0866541900324869,0.0605331010007929,9.65211704765039,13.9662523400561,1.63091274812973,6.05126545171945,7.15749142692917,-0.779232535613869,0.773369210683188,0.753127877340323
-0.0802854818125692,0.0559252675472566,9.48610329679369,13.5265731673903,1.62924552851228,5.97430479563503,6.84996558439185,-0.751797442133685,0.767923557804511,0.714592144117526
-0.0770447165479522,0.053412236530459,9.31999670897509,13.0070615941689,1.68698508485129,6.09358313959026,6.45062579943207,-0.742577344943348,0.756691203370504,0.66186312155456
-0.0839160226905038,0.057204365848958,9.27152913250365,12.9301444649251,1.5657764954702,5.6207722709127,6.56068000046821,-0.706829755633121,0.741112074732015,0.68377120961587
-0.0863821036882966,0.0585071826982407,9.19669301300125,12.5499873078201,1.61825364862672,5.73835853542391,6.30256978485422,-0.710638006835711,0.722667354047775,0.650236432013113
-0.0839345000382984,0.0566918315307932,9.11896846727385,12.3617337859647,1.62628642837813,5.68758043399401,6.24982207929039,-0.708927026735431,0.700954582845058,0.647560820042403
-0.0785662000703907,0.0531166561341246,9.0270973709596,12.239002029314,1.64495498101796,5.63791179820959,6.25685835915667,-0.710598085543626,0.673806119591308,0.654926719891159
-0.0728116109601886,0.0493309389492242,8.94332828422145,12.1803321869825,1.67371550947205,5.57143009314404,6.31934590278209,-0.714308034859703,0.640276747492424,0.672356663114944
-0.0689465385177263,0.0467062636177852,8.87773310316435,12.1738003905847,1.71356104242752,5.49498147247727,6.4277691206441,-0.719514953441189,0.602901439119454,0.698789114358802
-0.0648552052913074,0.0438183153949043,8.83814531584445,12.2066661068263,1.76493381913321,5.42194421047439,6.57229906001319,-0.726059631523622,0.564989807124894,0.73298177716039
-0.0616137909887071,0.0413515015626183,8.80867659136744,12.267825961864,1.82754342989576,5.35692734126301,6.74443525956003,-0.733334046347793,0.527959152227397,0.774023816810873
-0.0583648951534837,0.0387787177036752,8.78843148646155,12.343831020724,1.90075251905626,5.29131767629156,6.9354642047039,-0.740076930066754,0.490106992614908,0.820823372780946
-0.0541593589370251,0.0355194243184094,8.7703798070829,12.4223684863935,1.9844201252013,5.21058584222485,7.13641350157775,-0.7447927917422,0.448127890026029,0.871752547521919
-0.0499234624415029,0.0322087674159694,8.77890503673868,12.500424371043,2.07963886634256,5.10650619295699,7.33949430538777,-0.746291229788857,0.400270887141413,0.924750383876433
-0.0474886470343571,0.0300685594966108,8.81232641640815,12.5863015204903,2.18850698335198,4.98136202171131,7.53986074314555,-0.744235363016541,0.347593310636456,0.97764270262438
-0.0454541490621359,0.0282468992546931,8.90892536744153,12.6959980878272,2.31361678843027,4.84803598606899,7.73778944977746,-0.739863323716601,0.293455662203622,1.02873788353732
-0.0424908971765646,0.0259315138055028,9.01665777309088,12.8490812828703,2.4579786234009,4.73121513603912,7.93862356166884,-0.736154269311259,0.242897853071149,1.07715551001274
-0.0321992742075807,0.0190395811690155,9.14610374027941,13.0616655084159,2.62478368531285,4.66043415953738,8.14828308060937,-0.736473664365276,0.200827936129651,1.12243875550948
-0.014567809184107,0.00762208037403283,9.36648494956866,13.337392105655,2.81658768883771,4.65837682563942,8.36838686782078,-0.74260304795348,0.169958307286872,1.16440283430988
0.00210240772820901,-0.00291946055841893,9.56746947190615,13.6609106711754,3.03323262506455,4.73012929211879,8.59335933805997,-0.753619730588295,0.149629430525463,1.20314225418314
0.0228555030661956,-0.0159047765808764,9.72317197276942,13.9971931821478,3.26917507981155,4.85524222596574,8.80907464847802,-0.766552918058289,0.135122769041024,1.23811692995721
0.0416335133130197,-0.0275940420987155,9.82522729931272,14.3094960979399,3.51488166395694,4.99963708867247,8.99962908534385,-0.77848142298745,0.12034512393607,1.26824660120605
0.0699151423554089,-0.045619066122723,9.99215627723873,14.5837511304168,3.76206059506545,5.14166015594087,9.15875622274391,-0.788461385466011,0.103026799295945,1.29363613927986
0.136196849701072,-0.0885212691811171,10.2932529257875,14.8268467125825,4.00526314009434,5.27617143000807,9.28977262521825,-0.797632278681506,0.0853575035847925,1.31535824056793
0.204463186778718,-0.132984396327106,10.6344310408381,15.0520461913539,4.24014228656308,5.39958661148463,9.39787138651551,-0.808283764511457,0.0705293396622231,1.33350902441135
0.243582122838746,-0.158707068847102,10.8245808915523,15.2735138307117,4.46411411099978,5.51123810054075,9.48863593582002,-0.823130193220546,0.0615206990884254,1.34730965926457
0.270652340010688,-0.176606448402572,10.9623052499491,15.4995569266939,4.67739567524123,5.62513691395026,9.56965335809887,-0.844304184153803,0.0615327879637856,1.35705296294393
0.292064400247142,-0.19075651930629,11.0928578221917,15.7293244391308,4.88175650232106,5.7612836550369,9.64964027982714,-0.872258110858105,0.0724524855010872,1.36498514906341
0.309250243889361,-0.202115635828481,11.1941869981794,15.9592605562621,5.07884732622028,5.92274218006015,9.73622351056592,-0.905515406556283,0.0923297516013542,1.37427136963816
0.322653607612058,-0.211037301586927,11.2692509812749,16.1833667056708,5.2683549962531,6.08629598015986,9.83231810490157,-0.941147161073191,0.114685200587126,1.38734952102432
0.334552389276864,-0.218997172149874,11.3202163700126,16.3916406420996,5.44782592972969,6.21800736695054,9.93475299394596,-0.976054540231563,0.131425371593213,1.40509780855776
0.344621642904833,-0.225745005328954,11.3362817746985,16.5772223375784,5.61587548446686,6.30005914707326,10.0382830730599,-1.00848321239601,0.137653160311762,1.42709256812832
0.355081387398391,-0.232739207719138,11.3353887092208,16.7386657567268,5.77411227949129,6.34130818900384,10.1387841395853,-1.03819784579855,0.133402774917283,1.45212117592512
0.362367352252303,-0.237759224718204,11.3451087419852,16.875259296144,5.92541158501424,6.36309621396903,10.2326738171071,-1.06546084633929,0.121267016293177,1.47857152416297
0.359884099849037,-0.236556745084841,11.3245897431173,16.9863017919713,6.07175616626598,6.37961666277331,10.3162578837319,-1.09026738764653,0.103815328367432,1.50491647879774
0.359929030144289,-0.237028554185971,11.3197974380627,17.0723073054259,6.21334573593339,6.39195432796952,10.3852272255337,-1.1120829987133,0.0832283531350363,1.52975117163066
0.365052982077649,-0.240718853544144,11.3777104235775,17.1364186815419,6.34908930964269,6.392943982146,10.4345063028822,-1.13027620280335,0.061554246108156,1.55133713370162
0.374537752257826,-0.247081068987674,11.4796683732887,17.1868670544305,6.47819818646678,6.37312043776881,10.4609099792297,-1.14483146299427,0.0403092534424202,1.56795565146559
0.384069919983373,-0.253327463808926,11.5753476629393,17.234847101347,6.60108628826289,6.32659041706404,10.4659905416175,-1.1562823952493,0.0203976761687889,1.57900014823546
0.38950760518378,-0.256838729395316,11.6601608576727,17.2881760465136,6.71866992092206,6.25334007635167,10.4549364345244,-1.16498963584273,0.00196235721900168,1.58533676819879
0.388992524112515,-0.25645886161638,11.7270654505936,17.3487056110917,6.8318575862667,6.15876950369613,10.4338012949178,-1.17093886036625,-0.0157435361903557,1.58870060759749
0.384000031318811,-0.2531987552209,11.7792309669421,17.4148241394016,6.94195077014677,6.0530275910002,10.407136602598,-1.17392663865983,-0.0333459245038103,1.5906449426728
0.377015077601308,-0.248731382223147,11.8207960134396,17.4830954033366,7.05034888399277,5.94584249853558,10.3757084282671,-1.17344584816324,-0.0507501854321689,1.59174668222834
0.370517204917253,-0.244694975009633,11.8552022342904,17.5474570211016,7.15762180313213,5.84322476961125,10.3373722089493,-1.16885134557417,-0.0675961555500791,1.59179097723209
0.360052903680245,-0.238177220957491,11.8547377794765,17.5975097094834,7.26253355614906,5.75310009196109,10.2905991631569,-1.15961223584946,-0.0831256121959124,1.59034296887669
0.347754685920218,-0.230567282840986,11.8647600251157,17.8283153244284,7.40512706667828,5.43015793805886,10.3051539236273,-1.14176156275506,-0.103768015476998,1.60040285938148
0.348442410093022,-0.231067186439549,11.9123465443808,17.3537389653647,7.39206370695347,5.92682164450872,10.098347742571,-1.13123366231232,-0.0980158268843088,1.56754852373655
0.339796956321643,-0.225530546089612,11.9220116891757,17.4279841074044,7.48620927823419,5.68660383157868,10.0783973668618,-1.10646099626255,-0.111976374820548,1.57134142397371
0.332806366496927,-0.220773534608703,11.9247037060212,17.2338250130311,7.50702066406719,5.68203501101239,9.97191890786329,-1.08281671329548,-0.118800656744018,1.55926227752031
0.327502155216465,-0.216955726914427,11.9251207289315,16.9708442144448,7.49926059498614,5.68882696444712,9.84008693276293,-1.05661926411886,-0.125351709522777,1.54339403572392
0.323809254745006,-0.214159518284471,11.9222500174097,16.674540217726,7.47321623898799,5.68835223276027,9.69059701702355,-1.02832771273909,-0.131492941333423,1.5243162286771
0.323478403994781,-0.21364329741431,11.9194675993693,16.3627598131397,7.43470999633955,5.67980213673358,9.52848974201413,-0.998691010687185,-0.136766975651164,1.50227695904661
0.365137281353077,-0.240829887295163,11.9037551915883,16.6442756470297,7.78454977688464,6.54167667758847,9.74738534851307,-0.958195069645571,-0.09380627604536,1.53620402872465
0.266448071577886,-0.176376766293861,11.8973011898509,15.2607477297974,6.96686435278473,4.60909375065866,8.82895080195026,-0.954651342077272,-0.19606480846503,1.39767728019899
0.343878150991309,-0.226846795105105,11.9380822056073,15.2960042794197,7.24239789183508,5.80058009991729,8.97976157863506,-0.920473500264954,-0.142091676431935,1.41906315997087
0.340517403910104,-0.22482283131036,11.8576395108978,15.287915727913,7.27394191099856,5.56434944890916,8.9088504780764,-0.900353188101388,-0.155801513054693,1.41145197028471
0.33952813076938,-0.224249597802319,11.7946965052168,15.1176324834447,7.27104420995964,5.63888673431532,8.82043546395279,-0.88691314838001,-0.156716621852653,1.40071587091826
0.33023724806252,-0.218220811945023,11.704305139261,15.0750600411793,7.30570794888829,5.65913195586779,8.78057614529486,-0.882034938639992,-0.157874889622692,1.39698845223852
0.318285118263225,-0.210464982118849,11.6316073984951,15.0884343543974,7.36232679289268,5.72920859361483,8.7797354174078,-0.885298437366329,-0.154374927806924,1.39876586496486
0.302481430499545,-0.200295287647618,11.5784682581395,15.1646785307113,7.43920687197345,5.80951191536988,8.81339609794008,-0.896137867332136,-0.148498935571729,1.40515469371629
0.287634801921329,-0.190836263404525,11.5779258721971,15.2770929024866,7.527451164228,5.90477751408952,8.86975098593664,-0.913000533726656,-0.140826078566543,1.41418632757875
0.267950653082381,-0.178222130853474,11.5443322002518,15.4110468234365,7.62339601370832,6.01648581786795,8.94097604649895,-0.934473078992625,-0.131690165423383,1.42466851753857
0.250837888941227,-0.167158752336048,11.5266855361351,15.5616996952002,7.72749873051082,6.14500684746349,9.02322129029764,-0.959546206087905,-0.121470911963921,1.43619484542117
0.239640506768628,-0.1597789671997,11.5455945139659,15.7237694893718,7.83857047848652,6.28013825894906,9.1107105931125,-0.986714432705537,-0.11157767363051,1.44794532363573
0.238213514050555,-0.158640535422377,11.6203400042069,15.8857929996113,7.95192811867512,6.40873034867556,9.19553355125015,-1.01390487080535,-0.103823270624779,1.45880506854357
0.245015510605307,-0.162847520294289,11.7412351847858,16.0437011112142,8.06616651971657,6.52363546722404,9.27555569578026,-1.03964553434812,-0.099332714781191,1.46899452474103
0.251544206910028,-0.166951929522424,11.8260067026686,16.2043507912751,8.18477639577574,6.62404922161018,9.35529443821408,-1.06330204035392,-0.0984267763301434,1.48006376515067
0.257099696517282,-0.170532885921723,11.9066951055467,16.3708947729952,8.30945319988453,6.7150153382414,9.43917099057527,-1.08491305418698,-0.100669317503323,1.49317202975009
0.257782213992838,-0.171036576296651,11.9705949454433,16.5348136214487,8.43698117436116,6.80864605665839,9.52810427587003,-1.1049110012439,-0.104706665890288,1.50821168027871
0.257733510514069,-0.171106093597451,12.0353257606781,16.6861635738351,8.56317149861531,6.91420987057381,9.62056385784761,-1.12355938291348,-0.109020365929682,1.52449458927197
0.25616007740776,-0.17019540527619,12.1012208168596,16.8230745147404,8.68619260831938,7.02929290412506,9.71453845269153,-1.14091073058701,-0.11289181416727,1.54164666006781
0.253498859030794,-0.168557995214018,12.1615440351223,16.9475891436493,8.80583101348219,7.148941863075,9.80968830975478,-1.15741953363868,-0.116107774880645,1.5597276193478
0.251730168908196,-0.167457788409734,12.2229351193777,17.0600677658086,8.92210365271116,7.275456203,9.90819463423392,-1.17408350818132,-0.118389720924705,1.57887881555856
0.248507125925421,-0.165370151598427,12.2795088398482,17.1652687235866,9.03670482009668,7.40967327666677,10.0136151122916,-1.19197734830894,-0.120261281202489,1.59938269599164
0.239793879382291,-0.159677251494016,12.2928943041308,17.2793959321077,9.1550695228818,7.54372234677565,10.1300193871997,-1.21222616314607,-0.123632022759236,1.62206313023518
0.239268091940966,-0.159278051368394,12.3721004109773,17.4235411996875,9.28535975063276,7.67537411488939,10.2629700457698,-1.23642898275295,-0.129960193754211,1.64821771930346
0.239359533762023,-0.159282504804019,12.4736350292497,17.6116584442402,9.43501215281572,7.81631675703275,10.4185284539537,-1.26611669252292,-0.138714207167381,1.67898524525465
0.248950680626807,-0.165481482185687,12.6413262082709,17.8436763944514,9.60622383265108,7.9745131730846,10.5966665904788,-1.30101692380496,-0.148601188980387,1.71430312843875
0.249482596404102,-0.165862305630881,12.7478632754324,18.1016071336168,9.79199144159921,8.13979936892195,10.7844039536692,-1.33778164811263,-0.158821601766915,1.75186917082948
0.251415651081304,-0.167244733498673,12.8589865246017,18.3451094373094,9.97393392484636,8.28983849763046,10.9541305231385,-1.36995544841877,-0.168434781301954,1.78692232232349
0.256189349546897,-0.170558257054116,12.972803840464,18.5083297455395,10.1210227364266,8.39800456221289,11.0649487527868,-1.38857234140393,-0.175682913108347,1.81270701237793
0.259993710724876,-0.17329510651305,13.0685903708765,18.5134438776348,10.1951248030204,8.43869656413128,11.0720328013707,-1.38449608252232,-0.178240585888259,1.82181733614607
0.261192642829501,-0.17432429669102,13.0959473318783,18.3159707928738,10.1719249090695,8.39929461780205,10.9526263913491,-1.35381580952634,-0.174583087655351,1.80969634633135
0.262835681700823,-0.175572792071436,13.0498398692569,17.9468828848943,10.0623292716548,8.28968821347284,10.7285828504116,-1.30168061454113,-0.165823496099177,1.77810224120379
0.264234827116513,-0.176582765689201,12.941717302858,17.4947196133428,9.90665171132652,8.13803780710387,10.4548169751221,-1.23918326877639,-0.155333297131004,1.73408986021742
0.265594262147358,-0.177498869042182,12.7956679336955,17.049014141755,9.74800910674823,7.97544217280196,10.1857489617278,-1.17707352844742,-0.14653185622842,1.6857702409685
0.265944457769964,-0.177709400902462,12.6328531064413,16.6710029375942,9.61613397975426,7.82162173757188,9.95585076867763,-1.12283675528592,-0.141859011400276,1.63975224582032
0.265952023322619,-0.177660916279473,12.4733085772773,16.3959168142917,9.52738759763194,7.68313559198769,9.780946570575,-1.08107047868527,-0.142909068441686,1.60090788250487
0.26621640258786,-0.177768502862419,12.3421560777245,16.2346264727819,9.48572258307218,7.55859066180603,9.66321898667948,-1.0540780645739,-0.150408218148896,1.57211269219546
0.263366620122923,-0.175875259990122,12.2363953931551,16.1741973513574,9.48365942033806,7.44261463499547,9.59438048017133,-1.04168848126264,-0.163942451924295,1.55379290236409
0.263400210877606,-0.175890031156468,12.1777672351474,16.1873093215332,9.50831749291789,7.33061551058919,9.56096134498561,-1.04121686890778,-0.181634584778117,1.54441599114951
0.264493732846226,-0.176636718989835,12.1483446640165,16.2417310385446,9.54555041686306,7.21838815381006,9.54790588786914,-1.04830468444883,-0.200667955944912,1.54149341779899
0.265035534912609,-0.177070573582602,12.1342776728641,16.3078623669213,9.58103837796494,7.09657548309222,9.54032972023077,-1.05857860292396,-0.218717924429944,1.54241839599588
0.263106097544181,-0.175942390241896,12.1246177276373,16.3692030119596,9.60525337293453,6.95615009796154,9.52927616268179,-1.06940272575217,-0.234395602360818,1.54527932478318
0.258828922936983,-0.173324267065568,12.1211576262814,16.4244966050098,9.61770460772815,6.80225330159212,9.51578767592187,-1.0800998617977,-0.246356613819459,1.54915786657689
0.253361470201873,-0.169950019305121,12.1147578072685,16.4771644085662,9.62351612558427,6.65339940374539,9.50583131035454,-1.09048608110536,-0.253186774400737,1.55361236766954
0.244782034319168,-0.164561641188897,12.1089936029608,16.5275075059037,9.62727415526567,6.52477789754393,9.50249785244324,-1.09990561344845,-0.25462806471331,1.55822835160343
0.232514568507138,-0.156757867402581,12.0831217163142,16.5720204847928,9.63038186675865,6.4215886814144,9.50398601634949,-1.10759005554921,-0.251933798831268,1.56255702360043
0.216551672292907,-0.146533531097912,12.0376513570978,16.603188893988,9.63172193759658,6.34899346626875,9.50659873545371,-1.11310670688627,-0.246557626759378,1.56602582963322
0.202807820549607,-0.137738485977491,12.0165785138464,16.6115093639599,9.6294507927199,6.31695506582388,9.50748890330356,-1.11636998363311,-0.23915032737059,1.56786554750978
0.193644741853785,-0.131883597460609,12.0269081852137,16.5909887552775,9.62249023080574,6.33331287674711,9.50554943459281,-1.11763470763185,-0.229824523232834,1.56740056571691
0.191218926979202,-0.130328030364193,12.0678432608219,16.5431991375537,9.61217110320074,6.39961317402446,9.50192195421809,-1.1175490359792,-0.218769221695809,1.56468109382928
0.194728053425754,-0.132523338594548,12.1223608075643,16.4761893212798,9.60176892337532,6.51116785453314,9.49889205243733,-1.11689372999866,-0.206413475056948,1.56054528640384
0.201680633599082,-0.136864964509131,12.1713178712235,16.3956863958338,9.59222005302588,6.65606964579549,9.49557491718141,-1.11587927609543,-0.19369389178509,1.55555647747085
0.205855282029196,-0.139361009440051,12.1862753117303,16.2982415183052,9.5792976139736,6.81633045368905,9.4856510003448,-1.11377217438844,-0.182215719766402,1.54913528949875
0.199723751726951,-0.135160367606971,12.1247690763167,16.1771516982638,9.55728502970199,6.97566848232193,9.46247163707492,-1.10992530678167,-0.173137503342298,1.54017794992386
0.196174105190333,-0.132655313095963,12.0735267652153,16.0314303437546,9.52324194506529,7.12651722117674,9.42453633180413,-1.10469191243098,-0.1659386116816,1.52805162665745
0.199366814536395,-0.134548715818693,12.0513084634082,15.8645630917166,9.47641337134014,7.26627404538239,9.37378582034425,-1.09884355153991,-0.158798751337106,1.51261055084923
0.198114326599412,-0.133571033140771,11.9834708681708,15.6786436518341,9.41533212576038,7.386116993165,9.30936036876218,-1.09219387574623,-0.15029475844738,1.49362111383137
0.196622311696597,-0.132459206994934,11.9009460380509,15.472847361619,9.33687147339531,7.46708473385666,9.22533480200137,-1.0832726571539,-0.140543581040488,1.47057505730676
0.204145072062087,-0.13722347808454,11.8630701083494,15.2464455753261,9.23859379465851,7.49004664813146,9.11537328857194,-1.07033319286822,-0.130797339325354,1.44326078485987
0.231923165455539,-0.155176249081244,11.9514668455003,15.0037466103857,9.12248804649826,7.4473997595945,8.97910799027044,-1.05261274983533,-0.122424424957797,1.41267199823178
0.256669278904299,-0.171202716720499,12.0093896724819,14.7578835242561,8.99651814896231,7.34231149822447,8.82402462049533,-1.03086044512721,-0.116865106384801,1.3814572747799
0.255617582985858,-0.170551389116471,11.9190552503975,14.5294267548236,8.87231253931012,7.17942627398589,8.66204527486985,-1.0070440537981,-0.116276440496185,1.35339259177516
0.252064990705086,-0.168376420669761,11.8146676153253,14.3398796377704,8.76107769277354,6.96160302028778,8.50517584323005,-0.983826607274463,-0.123331996644153,1.33225810156049
0.227932886439659,-0.152947622372969,11.6319012628305,14.2052426270772,8.67155533733772,6.69907981002411,8.3650245279687,-0.964231656933624,-0.139494835766808,1.32110258581554
0.194940098312504,-0.131798247818232,11.39994042853,14.1360901011161,8.61192470658448,6.41883922871093,8.25531172653097,-0.951279288494841,-0.163188167627801,1.32212436349724
0.190128551811379,-0.128908761213506,11.3476798248146,14.1425477465039,8.59259424912555,6.15983404469903,8.19207535928273,-0.947397911499818,-0.190436738828653,1.3366639688915
0.189974615126053,-0.12893380054004,11.3172964800863,14.2344131948216,8.62475640620918,5.95981757266783,8.1902004955514,-0.954088487627369,-0.217512976528108,1.36519019014554
0.190972763366969,-0.129603524734145,11.3024712513347,14.4186269096857,8.71681167219545,5.84393111516269,8.26014556921406,-0.972064933573572,-0.242591396089644,1.40750887796172
0.19513302432942,-0.132265674750282,11.3347947231054,14.7021615230872,8.87483856124567,5.82195698428701,8.4081800980293,-1.00142131826438,-0.2651141703889,1.46320808935044
0.200958352687639,-0.13599747216091,11.419084283643,15.0928226419965,9.10451517233003,5.89731890682781,8.6379240187374,-1.04156264182289,-0.284294448793878,1.53172644225267
0.202826366761217,-0.137190215121442,11.5276202564522,15.5892970083408,9.40670414609578,6.06825545543902,8.94584069946499,-1.09052645122884,-0.299590897407002,1.61105832220251
0.203222536492311,-0.13748235741392,11.6725534369579,16.1689372890241,9.76952038129097,6.31485657112098,9.31229411038585,-1.14385995277139,-0.312285351055395,1.69591178261732
0.205283534511734,-0.138910244866525,11.861028813911,16.7829443560963,10.1654018937365,6.59928851350398,9.69913035725186,-1.1942791844933,-0.324170851620166,1.77714080643943
0.218927518974982,-0.147901442974588,12.136417116412,17.3554621688075,10.5511755826378,6.87947724635387,10.0530981375033,-1.23239686386538,-0.334789640164592,1.84211194556585
0.227678157633047,-0.153727071807899,12.3782427459148,17.7957605018332,10.8733056688354,7.11613894959202,10.3148550102219,-1.24921223685462,-0.341832240604703,1.87740183605188
0.230651177012981,-0.155776670878851,12.5388469992375,18.0375529128995,11.088123903385,7.28228537336905,10.4427821786055,-1.24128991215747,-0.343882567352198,1.876120419852
0.228562547485971,-0.1545011267144,12.6201426909979,18.0732431016319,11.181911959112,7.37421117193251,10.4344011838704,-1.21406448476515,-0.341595832208923,1.84331979875116
0.227856768473992,-0.154086441455401,12.6785178035118,17.9450432325954,11.1683393159462,7.40307332534768,10.3195082924159,-1.17848841828748,-0.33672345100957,1.79228828277147
0.227826291102811,-0.154070491658017,12.7197839276361,17.7137413022344,11.0741276301805,7.3815101563344,10.1395773310453,-1.14503839398998,-0.33081027560787,1.73694542118988
0.218173450235146,-0.147749746460894,12.6588042054365,17.4381997761121,10.930801493572,7.32651591338334,9.93625807824454,-1.12073209078046,-0.324357297371503,1.68761487464874
0.203814644306977,-0.138336993482077,12.5337004601079,17.1641145018315,10.7687844203312,7.26305314243087,9.74448805688828,-1.10868051171342,-0.316662741556506,1.6497749052129
0.204485727033125,-0.138696984689228,12.5027231061062,16.9144072822735,10.608973204996,7.21306335889616,9.58362595601615,-1.10804085484949,-0.306826050750983,1.62370328285536
0.210898798215252,-0.142786468851749,12.4902572860054,16.6901650834379,10.4598230208504,7.18312167704545,9.4551834201784,-1.114598169316,-0.295038675302325,1.60586710437175
0.216131435105706,-0.146101980683264,12.4514780227217,16.4851351734908,10.3242589505438,7.1679734748785,9.35241058594208,-1.12276040700719,-0.282488268218744,1.59242432181446
0.218751518181559,-0.147734618376988,12.392052237313,16.296192479612,10.2055484723689,7.16234031063513,9.26968268193775,-1.12816052077564,-0.270477132356573,1.58175517731048
0.221129485781272,-0.149240773061446,12.3080521728796,16.1224429320773,10.1057346801887,7.16456731477906,9.20297985689199,-1.1292845674196,-0.26015485509027,1.57394229402759
0.223180469369091,-0.150584025285946,12.2085573567008,15.9650564297726,10.0249183318336,7.17448117237082,9.14918073344206,-1.12715071635873,-0.252354751283174,1.56913309790155
0.223677815566209,-0.150975947271957,12.1028542302165,15.8286779030341,9.96419041047528,7.19453935117267,9.10839699038884,-1.1236997929181,-0.247140523044887,1.56692742394834
0.22813466446815,-0.153976781628525,11.9981494459258,15.7180261449208,9.92524164074693,7.22795110152318,9.08246932235922,-1.12027721057696,-0.244026333873178,1.56663215399782
0.250608819284468,-0.168750896365653,12.0756571987247,15.6346882492012,9.90661364762915,7.26980800734218,9.06943789442039,-1.11731196850205,-0.242791601487221,1.56751160813805
0.268991520355917,-0.180849094693755,12.1435291878158,15.5773179163417,9.90311253121412,7.30804317650701,9.0636122621841,-1.11478547938506,-0.24340409436466,1.56889773998805
0.274115921494529,-0.184267579752093,12.1183464721299,15.5428304617469,9.90878351762006,7.33428506846285,9.06080044333468,-1.11280435094959,-0.245432000040698,1.57028964195748
0.275766019845593,-0.185383137122043,12.0941435557334,15.5286899489749,9.91921749427242,7.3450407296041,9.05961849077767,-1.11161014626524,-0.248300646300582,1.57140866916879
0.276787061701179,-0.186044597321082,12.0772793613338,15.5339573106426,9.93184913978071,7.33722937761665,9.05942290669408,-1.11126309598409,-0.251694343489858,1.57221186364323
0.275216014318679,-0.184994064525531,12.0696344251465,15.5574016836768,9.94524362877945,7.30866843721016,9.05949244870142,-1.11160270159812,-0.255575946614912,1.57288491103505
0.272044585939272,-0.182905908691546,12.0757110501194,15.5956329215755,9.95807092399743,7.25837208438933,9.05842506207887,-1.11237955932426,-0.260233384005142,1.57368264260427
0.268884849078856,-0.180859330936554,12.0958977061299,15.6420515408486,9.96795797362045,7.18581583467796,9.05317408889514,-1.11324655611536,-0.266000275760781,1.57458380615119
0.265878920153478,-0.178952789242923,12.1257846889868,15.6869462735714,9.97150849465787,7.09442338493363,9.04040104574155,-1.11384846812089,-0.272627358874666,1.57524356839727
0.262418046619276,-0.176771664693439,12.1611647340265,15.7213148683726,9.96656817846243,6.99392452430391,9.01941830996574,-1.11410645293744,-0.279362423372895,1.57539646014367
0.258768940675162,-0.174458420717697,12.1958142996611,15.7416054529469,9.9542105820853,6.89546239849836,8.99276944253635,-1.11407578273934,-0.285641774069664,1.57513342624444
0.255281850807196,-0.172215823716437,12.2253659351379,15.7495222778933,9.93803494797681,6.80830463816268,8.9649691914147,-1.11377255902502,-0.291197913963158,1.57470497476457
0.25164390218408,-0.169837888698162,12.2469106173437,15.7496610780953,9.92262474105789,6.74144976871282,8.94147277469741,-1.11336001711264,-0.295641015686309,1.57437078526768
0.247878432129618,-0.167352820475594,12.2556869389216,15.749314620848,9.91270496244499,6.70088466174976,8.92689849891637,-1.11322089590341,-0.298570437152073,1.57446446798686
0.246869329112431,-0.166654451510693,12.2714202218569,15.7563787257578,9.91148389527096,6.68456196051681,8.92266144730965,-1.11363968325982,-0.2999804939106,1.57527902231209
0.246144423398207,-0.166150325309969,12.2828521099433,15.7745941063326,9.91876624695777,6.6829096386602,8.92608208079863,-1.11449223750056,-0.300432217137696,1.57676307973918
0.243856551634205,-0.164642055533813,12.2802385585248,15.8020587215914,9.93142821166859,6.68502760263564,8.93236540132158,-1.11538527808232,-0.300692748490218,1.57856018958534
0.23771652296639,-0.160621762731906,12.247253468416,15.8332780849283,9.94560519513965,6.68647788867632,8.93828298362578,-1.11612661784765,-0.301022130912016,1.58042846398593
0.228610192307752,-0.154644488268326,12.192436773687,15.8615262854999,9.95817571570934,6.69035540878252,8.94348783885166,-1.11684503590171,-0.301246920081089,1.58239090291701
0.226436739942813,-0.153144855043014,12.175513593458,15.8815971739037,9.96723879841345,6.70046331128633,8.94857566764979,-1.11771606212371,-0.301415472418719,1.58447458125045
0.22941707556783,-0.154985594294387,12.1880156564051,15.8917108091729,9.97208889945265,6.71756144309924,8.95370056291467,-1.11886825300135,-0.301574833620635,1.58654451406568
0.232022119132368,-0.156584812028494,12.1906252248916,15.8922609882633,9.97258958393136,6.74143057713364,8.95870492387749,-1.12036245100855,-0.30119313572189,1.58833809636351
0.234133010055471,-0.157869905456489,12.1849921783809,15.8836099315073,9.9685776260715,6.77132128928489,8.96284498812938,-1.12200016416553,-0.299653371027776,1.58947370385781
0.23658076242365,-0.159388796743934,12.181402370068,15.8666688552838,9.96045505255074,6.80482481978565,8.96493541487832,-1.12337742445343,-0.297074687862278,1.58958675801633
0.238076477144926,-0.160321344248281,12.1711057865738,15.8447096718884,9.95046534750026,6.84100109711733,8.96530484691169,-1.12430189916115,-0.294000561586035,1.58868249443111
0.238530043681187,-0.160629873430126,12.1574485842436,15.8221005482039,9.94236386839004,6.884496866018,8.96697658926737,-1.12498097627455,-0.290532542647581,1.58721512758045
0.237778156736739,-0.160212203828133,12.142077710294,15.8014485601415,9.93906615440242,6.94097491930882,8.97313816019724,-1.12568442931509,-0.28647711979896,1.58567227880152
0.235436098846825,-0.158805725451472,12.1237456007686,15.7825553829949,9.94062170515108,7.00832697730822,8.98352097311872,-1.12631182774886,-0.282141773496692,1.58411419439336
0.231171837721265,-0.156170488930785,12.0988199717214,15.763262103376,9.94460432763255,7.07711026585312,8.99437719387558,-1.12637910020108,-0.278260633950548,1.58210355956427
0.225217601464156,-0.152433085239007,12.0663720524012,15.7429179409232,9.94898074558138,7.13770996024283,9.00182689122374,-1.12541401484003,-0.275276538493757,1.57912060098504
0.223991479271948,-0.151758202140999,12.0723262085873,15.72560289306,9.95458087743639,7.18488378108361,9.00487961646796,-1.12330811876458,-0.272993629355576,1.57506482940129
0.219854170381869,-0.149171089219494,12.0630735559807,15.7184913607583,9.96465361062583,7.21855970918121,9.006040427829,-1.1203455918705,-0.270829268865058,1.57038726037519
0.223438616885177,-0.151582279242315,12.1164108958872,15.7277777907094,9.98260129446927,7.2412632420519,9.00983529174533,-1.11706170915088,-0.268404491034478,1.56595737585426
0.22164014571311,-0.150448160025926,12.1522204854395,15.7556792284463,10.0094069719496,7.25289551716195,9.0199785766578,-1.1139202431144,-0.265893737103892,1.5628172850256
0.215682318695213,-0.14653019556902,12.1779908297729,15.8001050044186,10.0426609557029,7.24761875252596,9.03752643459393,-1.11123320212755,-0.264010695623495,1.56190837534496
0.204855749529439,-0.139343241569593,12.1804362023282,15.8573796637672,10.0787778538583,7.21861000279469,9.06248430318406,-1.10922663661037,-0.263558654657992,1.56420855825082
0.18748807629859,-0.127808534136962,12.139814308247,15.9250959689913,10.1164390147542,7.16696582696187,9.09746561962526,-1.1083497060287,-0.26488433219083,1.57104757314437
0.176760743097133,-0.120530184300709,12.1407868810745,16.0037604653855,10.1582061326807,7.1040540934283,9.14895026353997,-1.1093410969448,-0.267886490123998,1.58410940636244
0.168816463219274,-0.115045066206569,12.1623400699477,16.0975802579796,10.2099073805504,7.04634405170646,9.22585269346676,-1.11314250980191,-0.272469120863926,1.60522708798696
0.164044742808518,-0.11165006393335,12.2075486164793,16.2136436364694,10.2783151032567,7.00694607369251,9.33621939319626,-1.12072641249575,-0.279088879323031,1.63605358406889
0.160074351927067,-0.108839688701343,12.2626370947991,16.3591204423474,10.3678543288396,6.98709947804649,9.48249439341941,-1.13271873178834,-0.289279235678148,1.67736918821861
0.156815197733898,-0.10657153377618,12.3258966612977,16.5357607098829,10.4776370237955,6.97777837219267,9.65927444194014,-1.14938062572778,-0.305157657661992,1.72821819649555
0.160755623169767,-0.109058732087046,12.4408981367159,16.7357048195243,10.6007792356316,6.96999978249736,9.85490150397315,-1.17042507729433,-0.327959761543715,1.78544931928232
0.171415914097815,-0.115969236448962,12.5941036859725,16.9437762422012,10.7268900312287,6.95985128381774,10.0538367750117,-1.19480738840955,-0.357058695249731,1.84394914573295
0.189042129370921,-0.127449288327959,12.7813643596548,17.1424734254997,10.8454769498261,6.94867584693002,10.2398064404063,-1.22062975649787,-0.389775317171066,1.89754837796184
0.192280312398426,-0.129599852978095,12.8292782685927,17.3158074909795,10.9476780517127,6.9412785017105,10.3994388005486,-1.24569936571516,-0.421978315435056,1.94044265325406
0.197602851005645,-0.133127689802712,12.8653884774304,17.4529984204497,11.0269725496814,6.94149839223116,10.524367114796,-1.26824340509634,-0.44948777287372,1.96863175524268
0.201125451885664,-0.135519307354278,12.9025301131659,17.5503247360451,11.0797835671673,6.94881097506605,10.6114099162318,-1.2869615525507,-0.469445054069256,1.98057043762363
0.199222329629637,-0.134423483742363,12.9196599875832,17.6088964231912,11.1048435423911,6.95687960332577,10.6610626069264,-1.30050707429037,-0.480868888551493,1.97671759591873
0.196985443319352,-0.133143911589856,12.9319740684843,17.6310055779776,11.1021277144066,6.9573431372235,10.6766542226507,-1.30735966343859,-0.48399012333734,1.95884591884675
0.193430509540069,-0.131029203534856,12.9414959254134,17.6168955182248,11.0722601941936,6.94963455066221,10.6649642420672,-1.30639530709168,-0.478715221088276,1.92980434726796
0.188903638229889,-0.128285709762307,12.9601349076818,17.5613126522662,11.0146039377574,6.94347069064541,10.634130230374,-1.29728598883612,-0.464079835320858,1.89314507868612
0.177028362351255,-0.120769448150664,12.9690585913807,17.4559019612161,10.9269817941357,6.94780109523201,10.5897673425359,-1.28026805575301,-0.439692370644373,1.85263226021854
0.160061461406894,-0.109923509743262,12.964668807192,17.2980134438989,10.8094590696507,6.96168310663648,10.5345356469351,-1.25585585161903,-0.407084172417039,1.81206183552756
0.167308933093107,-0.114238506172785,12.7546337171409,16.8797457243415,10.7021494996397,7.72908323365357,10.6276511671484,-1.22604317639271,-0.329155330063491,1.79421519638766
0.0990958108377928,-0.0708781823558291,12.9622913973267,17.0003768125399,10.4483876307677,6.30181307491685,10.2313053418113,-1.1902403050022,-0.363902980069873,1.71737184860446
0.125330169272263,-0.0872143265616432,12.8089617671974,16.5491095326833,10.2976550518813,6.90994542839149,10.2785140958991,-1.15134143118122,-0.296028912801756,1.70605415999877
0.139697230588814,-0.0962193733588285,12.8148131592707,16.2085265912584,10.0742213302679,6.84574272949098,10.1594824055435,-1.1081641019613,-0.26881315079804,1.67820047743889
0.158768064832278,-0.10819847124092,12.7554467199731,15.8545705787484,9.83604889824411,6.72807716015867,10.024795890822,-1.06482057960718,-0.249685990365388,1.65173371514805
0.181612638135559,-0.122674870217246,12.7308181565445,15.4906916450426,9.5910390876377,6.60025193098508,9.88755401509726,-1.02310955024231,-0.23600996036941,1.62613125998237
0.190387577575149,-0.128164259196997,12.6943376695791,15.1265648347257,9.34381959213276,6.47727001871185,9.75481318122016,-0.984940823459082,-0.226730679606951,1.60073784526803
0.199777445542951,-0.134225675155086,12.6812876019679,14.7745150221907,9.09713298156126,6.35457250374153,9.63005638223381,-0.951718094603529,-0.221756530144049,1.57568311347175
0.205007544967874,-0.137740561033683,12.6681162429102,14.4526364295668,8.85600754717094,6.21646661184659,9.51673337289889,-0.924119020170276,-0.221400673424813,1.55188441285489
0.203438894055394,-0.136916465213987,12.6369126170768,14.1789642892277,8.62731200607958,6.05441809376164,9.41923381674082,-0.902659629327463,-0.225000388622539,1.53037235108425
0.195915896587592,-0.132208085656959,12.5814090233649,13.9603683114569,8.4152944567649,5.87777705026252,9.34064561374075,-0.888007809320491,-0.230344277616553,1.51149251730652
0.189064735759557,-0.127841927215429,12.5145760753607,13.787626556635,8.21731129715011,5.70476870614196,9.2792191441632,-0.880900616956648,-0.234800050154839,1.49444489807731
0.185537624858775,-0.125486140385569,12.4268651529025,13.6425413124254,8.02449597629872,5.54466721116385,9.22757770981368,-0.881510338450899,-0.236684668642431,1.47772031668151
0.185640143879484,-0.125311361955365,12.3170784797599,13.5080599368167,7.82729481212511,5.39422077459066,9.17683970106709,-0.889218263434146,-0.235405772894296,1.45990016148342
0.189852461754148,-0.127633871840173,12.1936706503996,13.3758485007992,7.62281941018259,5.25248173038961,9.12286014302736,-0.902642191948838,-0.230165577076429,1.44024527436263
0.196727939311955,-0.131562909229511,12.076620047299,13.2502963271839,7.41796648775941,5.12898744024763,9.06819208807313,-0.919870104974512,-0.219454373640824,1.41905866951395
0.203058059982563,-0.135093281916465,11.9687895613217,13.1419285356079,7.22368007114065,5.03369426317389,9.01783559004372,-0.938618918838265,-0.202791440036393,1.39731610213985
0.206151584190445,-0.136574793283,11.8689833981564,13.0548536328082,7.04708819636933,4.97398266627299,8.97562983076263,-0.956521238305046,-0.181110836128016,1.37577379930173
0.198850996094956,-0.131518937846896,11.7650025298198,13.2209222590458,6.95200843793527,4.62895015014239,9.01328541344447,-0.967395509620708,-0.166808845570559,1.36901008931478
0.209066148374752,-0.13785457063144,11.780658615086,12.6939238710165,6.68964771239627,5.32743379035111,8.85775721354693,-0.985627921599532,-0.114568471937252,1.32128701813517
0.192053222221666,-0.126891425196231,11.6797018886927,12.8692738442486,6.62374815771185,5.10906547089475,8.92032764534294,-0.989961262759736,-0.0930535511276281,1.31609071027509
0.182018744011861,-0.120506065608648,11.6144015499169,12.8278320897177,6.51216170405256,5.24757448085249,8.92736837149903,-0.995021995775488,-0.0590847598511985,1.3000526692746
0.167579422172115,-0.111262793024697,11.5314530985802,12.8208977615521,6.41570365758919,5.37786136747056,8.94951628630708,-0.997041427060848,-0.0261973242377564,1.28784329775844
0.151839314521698,-0.10108538285197,11.4140319717181,12.8535953252142,6.33351946501268,5.48554344082672,8.98509434321824,-0.996662176522996,0.00560251287316135,1.27976366616788
0.143526868973481,-0.0955986432680697,11.3027840615177,12.9172954850475,6.26029496186905,5.56565829956196,9.02797337670106,-0.994475365755084,0.0370413536627875,1.27487357403952
0.140881016569047,-0.0936538165767777,11.2044904646407,12.9945774227294,6.1885462225032,5.62136645473264,9.06918706383436,-0.990708914576129,0.0691248368063679,1.27144254214536
0.143176892857373,-0.0947747881671976,11.1353493580298,13.0737729245872,6.11415574386325,5.66024174663404,9.10195233108344,-0.985476908832322,0.102683342107065,1.26809812043756
0.142408473509543,-0.0938024638919406,11.0742667639505,13.1509413328813,6.03730145105634,5.69346661177274,9.1245081229832,-0.978915025296598,0.137641055300015,1.26442219469254
0.134678030987953,-0.0882824422923796,10.9791523764985,13.2237892266744,5.95993937719939,5.73378533533645,9.1377877340699,-0.971017803841505,0.172959953964107,1.26051009475918
0.128103529026917,-0.0835592618482513,10.9093848821143,13.2895225785596,5.88404200278922,5.79128725635281,9.14184517205211,-0.961627548440476,0.207477536667499,1.25638193723352
0.116184140102909,-0.0754778391372525,10.8281672153375,13.3469348047991,5.81106700221571,5.86581271498333,9.13669675028883,-0.950600753480408,0.239848726904037,1.25213100196835
0.103840297783352,-0.0672035615147642,10.7487377357866,13.3989892594459,5.7419703378826,5.94315819943296,9.12523078912042,-0.937880698540787,0.268318469908501,1.24821304985348
0.0953818585081344,-0.0614755962913451,10.6856854317094,13.45062518445,5.67657468540835,6.00312277692452,9.11172842327298,-0.923560943917973,0.291674028215094,1.24491086090121
0.0924076387373149,-0.0593394025824241,10.6509387118043,13.5038171679633,5.61306195431507,6.03234755024652,9.09853011428459,-0.908168930280084,0.310068072159674,1.24187443759991
0.0894093725137377,-0.0573077263065089,10.629556198172,13.5571214647504,5.54963461983139,6.03094857072623,9.08564528995897,-0.89237601270452,0.325012375192821,1.23858688855931
0.0842787533952006,-0.0540522834314047,10.5939310708102,13.6054594627493,5.48596565327147,6.0125367600028,9.06986401893277,-0.875961396667452,0.339214041977299,1.23452655459096
0.0759595317080159,-0.0488231983575892,10.5491743721355,13.6395284873571,5.4222348761132,5.99694133556573,9.04388831356062,-0.857883177693877,0.355507949024879,1.22881975885189
0.043265767846274,-0.0277874616408145,10.3926944677562,13.6503833737383,5.35769648933366,5.99498869593883,9.00026862904404,-0.837549789065813,0.374444002437728,1.22050565872074
-0.00151198452729234,0.00125741077238384,10.2476149782457,13.6317576154465,5.29009055711441,5.9999324660399,8.93569940903588,-0.815131091604815,0.393076278808903,1.20906298247424
-0.0248994233594733,0.0167221150780724,10.2127346892565,13.5781641229939,5.21667456282758,5.99993850117342,8.85165671889989,-0.79100598429324,0.407647121504347,1.19479023930667
-0.0426846138425503,0.0287263755051926,10.1678614724606,13.4905053971881,5.13701275518867,5.99861405300365,8.75373396832934,-0.766003761703715,0.418677629968699,1.17897108001917
-0.0515443145129857,0.0350118954054649,10.1487769581759,13.3844454400457,5.05353943956964,6.01294247839745,8.64990941735762,-0.741947561573539,0.432037682970377,1.16323153067947
-0.051573436130015,0.0355354964592989,10.1593421272153,13.285487703997,4.96809214000093,6.04807697807358,8.54865669790341,-0.721391564263588,0.453243225638441,1.14879579440412
-0.0443295729497491,0.0312157489221214,10.1700504099545,13.2102308108546,4.87867123013728,6.08519617764477,8.45533226482366,-0.706121843909523,0.4821482204682,1.13588605638319
-0.0291621730762357,0.0215886992205434,10.1920740019726,13.1531639135105,4.78014214736797,6.09712873498166,8.36765179982116,-0.695819402265764,0.513994191043187,1.12306427835701
-0.0222463436568157,0.017102789744721,10.1618759044829,13.0969313161364,4.66839517744245,6.07021231389417,8.2789637110332,-0.689091451072047,0.54412955359708,1.10810053785892
-0.0192782283294222,0.0150230330337012,10.077228686748,13.0292246781163,4.54311132527285,6.01074647062998,8.18474391425764,-0.685252817637061,0.571028971583135,1.0896494802905
-0.0189561880231338,0.0145782521962865,9.95567626303604,12.9445455947242,4.40661617466007,5.9326894718987,8.08362275889103,-0.684127034574591,0.59501401612532,1.06771077513072
-0.0208320744352997,0.0155490098585129,9.82186598521958,12.8418094720522,4.26266186306737,5.84337580734053,7.97838342970612,-0.685481949498979,0.615390371850637,1.04365077403315
-0.0264717865747358,0.0190060711395311,9.67815096152521,12.7292582324438,4.11731167109168,5.74497473735963,7.87816856004999,-0.689159999795056,0.630666140872852,1.0203382014487
-0.0417905592450141,0.0288022170496817,9.47280720487107,12.6284122357243,3.978938460077,5.64222890972403,7.79711624073462,-0.695423489567456,0.640518660118053,1.00166873615224
-0.052245245798898,0.0355669068096508,9.26258007052,12.5619960687467,3.85452770347769,5.5398716969214,7.74755249885575,-0.704654837938512,0.645109231394402,0.990780754900488
-0.0593507216390974,0.0402849573195656,9.14488270351371,12.5359299883799,3.74743661631096,5.44806944268311,7.73145915802606,-0.716658375081265,0.645653554786363,0.988053864882083
-0.0640923613308287,0.0435124946185797,9.06889458470778,12.5452834249522,3.66089340188722,5.39682797333124,7.74188093341868,-0.730733723135428,0.648009614105126,0.991811945970336
-0.0679761924089907,0.0461229958598953,9.02054456047051,12.5848978368792,3.59703396833028,5.41177390987417,7.77086214624236,-0.745942152994771,0.658465819181723,0.999919532201426
-0.0715842518968726,0.0484359019705791,8.98834996105564,12.6398515420792,3.55063700745701,5.47658907205394,7.81083780592448,-0.760902395190654,0.675333498327441,1.00946859994113
-0.0749779944226335,0.0505328191022226,8.97059165447269,12.6877050547119,3.5117910207173,5.55148341288155,7.85533907273279,-0.7742399564726,0.692067908094479,1.01753870361814
-0.0783738413025176,0.052667824703822,8.96573565635241,12.7169020433834,3.47398276754789,5.61186201749653,7.90151623208074,-0.785176521729193,0.705288938006436,1.02292473233708
-0.0817469501811325,0.05492851369142,8.97608056360488,12.7300682775265,3.43548409544869,5.65021027710609,7.94794979365971,-0.793269935470607,0.714869175331365,1.0256900962224
-0.085072173670759,0.0573277713132646,9.00026236164525,12.7347336055239,3.39659296115303,5.66328830541119,7.99293980462155,-0.798258981460081,0.72063223005659,1.02621109776264
-0.0880859428284775,0.0596556568424912,9.03345416451402,12.7378907010298,3.35863221319735,5.65276983058116,8.03630514649954,-0.800365741785119,0.722314908926789,1.02546369549162
-0.090394442758566,0.0615713497706262,9.07118231594271,12.7441316275161,3.32369953010262,5.62661596881206,8.07906705495911,-0.800125461498979,0.720351604732977,1.024990971874
-0.0917165177974572,0.0627755186562729,9.11057402460636,12.7543660693143,3.29399889893513,5.5941631562588,8.12126258180371,-0.797925239401889,0.715545863558296,1.02605425010009
-0.0913149365072732,0.0627750626293241,9.12526736423503,12.6616118395975,3.34577291192564,5.74213083440669,8.0520526648836,-0.800498353532245,0.711909923512519,1.01579613356967
-0.0923187114962476,0.0632136360981179,9.19299773914334,12.8824807496341,3.18297711193373,5.39960685644659,8.32136602043087,-0.785878753283722,0.709110464110693,1.04998162610791
-0.0901502012154201,0.0616799341528542,9.18968119924956,12.7926913290493,3.25054475440293,5.61245459585492,8.26895574194422,-0.789611987507244,0.719296701174297,1.04758350863671
-0.0876518756534166,0.0597309162865714,9.19007986854172,12.7863700988796,3.25975501736882,5.70895229384971,8.3289898745925,-0.788633840650382,0.736304532658688,1.0622999817687
-0.0838061960393547,0.0568689911743246,9.1851766971001,12.7757111661213,3.26490050951641,5.80096384931313,8.40334788460491,-0.788124418561273,0.756375009274756,1.08006218903126
-0.0784019725766595,0.0530499856714885,9.19807174656621,12.7531418757183,3.26641730169198,5.87227904622617,8.48472233079359,-0.78745245595372,0.773424212216419,1.09862311277694
-0.0709867651309414,0.0480349618286616,9.18190552275268,12.7169043444609,3.26140527981008,5.90274020396029,8.57226570902077,-0.786193214457621,0.781389532932831,1.11671643882433
-0.0617900260197958,0.0420063356825722,9.17120029601747,12.6678992368464,3.24800461736003,5.88204376158866,8.66742943999967,-0.784424187449286,0.776395703086051,1.1342358003381
-0.0518079748068555,0.0355807481673423,9.1492212126304,12.6086823837405,3.22596535860158,5.81491482871141,8.7718771045425,-0.78280971173731,0.75867068758299,1.1518905755576
-0.0409836139425975,0.0286795445073363,9.12869629578197,12.540896725256,3.19681118357117,5.71761659292477,8.88527871199958,-0.782247707796567,0.731938858135989,1.17036818295668
-0.0311309012743984,0.0224315918959293,9.10230146262623,12.4676718030945,3.16463672682462,5.6139547670595,9.005850447216,-0.783691839347703,0.702130579660339,1.1901204782839
-0.0222650941523278,0.0168116034738907,9.06723818514973,12.3929058210357,3.13428097675726,5.52362310316354,9.13093815792856,-0.787790069643554,0.674160216200538,1.21126494366106
-0.0147547153323171,0.0120177055597313,9.02354256676796,12.3166807859066,3.10740142500305,5.44715177515661,9.25571429245059,-0.794291187801291,0.64836687698974,1.23316815840874
-0.0214605861069626,0.0163294232868156,8.9847496436833,11.5170434168899,2.83801600379918,5.10313655873383,9.08574354856918,-0.819127603213708,0.603120128211914,1.20282575199148
0.0071271566196956,-0.00225944780859849,8.92302888381167,12.8742942603355,3.32623158082209,5.60486778003457,9.75110976743109,-0.796105514930923,0.618570019644301,1.32701347452213
-0.0021635033650908,0.00360951545809504,8.93266906486486,12.1378639429141,3.04214336559098,5.21324647634639,9.60063205779462,-0.816479961180579,0.573108311000908,1.30505002121602
0.000285203369455422,0.0019476018240244,8.92522441115945,12.0969850426441,3.0251215954814,5.12842792667606,9.66738241264446,-0.827368712353174,0.549117034158895,1.3194726401828
0.000237418242873544,0.00194158531474403,8.92815525137619,12.0829389722959,3.00290815964849,5.02986441257947,9.72877892425868,-0.835014431810884,0.527091108292984,1.33427965193918
-0.00173838467747078,0.0032616331660662,8.94288637982728,12.1004505835197,2.97876793358093,4.92597356119629,9.78026887580771,-0.840421823936778,0.506879047131233,1.34707505624857
-0.00556833434337578,0.00584109958047463,8.97427721584038,12.1438253946109,2.95190501228961,4.82008737711418,9.82236832794049,-0.843509055698847,0.488582731139343,1.35731439014149
-0.0107045263093344,0.00927923980775,9.0203039860663,12.2092509952994,2.92419578929609,4.71958135913446,9.85688943389292,-0.844052937963317,0.472866138337484,1.36486006825677
-0.0169397861277181,0.0133926844012895,9.0755619244513,12.2905095582646,2.89734704981394,4.63069676038399,9.88455395933975,-0.842028465386519,0.460458486157751,1.36964798252763
-0.0222554088881295,0.0168314652715489,9.13186676619014,12.3791088827463,2.87161170131686,4.55541691185469,9.9065145126465,-0.8377348345262,0.451319521197365,1.37214001217734
-0.024439392541935,0.0180947149742874,9.17688232118218,12.4675850234434,2.84685152643508,4.49388051609406,9.92456274896044,-0.831671203396427,0.444987863834355,1.37329582308898
-0.0222143347549995,0.0162339977876486,9.21031679517951,12.5504056173533,2.82384424355546,4.44703288539988,9.93920809174736,-0.824339161424943,0.441157814021926,1.37386651939946
-0.0150402840822982,0.010758487176214,9.24047329403627,12.6183353971773,2.80338791543231,4.4139289017971,9.94865406529834,-0.816191096122673,0.439031402587597,1.37396838952355
-0.00382648527620016,0.00226681184997907,9.27085602581844,12.6578212808338,2.78494481996756,4.38868159534103,9.95048107534061,-0.807706506816476,0.436796513834648,1.37345571272151
0.00932569759394353,-0.00751845387324165,9.28615358605556,12.6604512119982,2.76753027838992,4.36450349455668,9.94352944312939,-0.799390427342733,0.43294170261386,1.37234984190328
0.0295496825318745,-0.0213573096285528,9.42351607796321,12.6277727985394,2.75157007117995,4.34096774519149,9.92722306937004,-0.791664200478494,0.427914942632082,1.37058021418148
0.0396343295508205,-0.027896802294977,9.44166016943311,12.5663753592264,2.7383040001302,4.32250307307905,9.90083482822971,-0.784841730059727,0.423304606652322,1.36774284924951
0.0364316670571903,-0.025247688115036,9.32793108500613,12.4838588955282,2.72738579222273,4.30988970906263,9.8644144224702,-0.779118039270609,0.419626828942039,1.36345299942096
0.0275444867860248,-0.018589839237903,9.17630714005262,12.3854928930294,2.71649942410354,4.29876855390077,9.81891430299991,-0.774453414352869,0.415891360863225,1.3575223460009
0.0256852445610405,-0.016348746037714,9.14527988722234,12.2730100244259,2.7037860655508,4.28712983296679,9.76670858457586,-0.770762993138901,0.411250334496181,1.35009466156817
0.0224068827425103,-0.0132852735046223,9.11879018042909,12.1508871182659,2.68962670853364,4.27882305312639,9.71242524418297,-0.768176006946806,0.406220731807984,1.34191612465348
0.0190742313543479,-0.0105356858654441,9.10458137581271,12.0291076462292,2.67560054302603,4.27818924146584,9.66098410799369,-0.76678417630703,0.401964325951441,1.3339387059622
0.0161752837532911,-0.0085510630543226,9.09197028974133,11.9169528413429,2.66292365041678,4.28598399209839,9.61585665839347,-0.766439498986618,0.399180404796917,1.32682879903623
0.0137683833567193,-0.00723755879772897,9.08507149809522,11.8197857620929,2.65258750802252,4.30228412668646,9.57993179387201,-0.766979501858541,0.398331411268173,1.32115439308122
0.0115207524271631,-0.00614950934622388,9.08057332445998,11.7405605151631,2.64520343668459,4.32748996809339,9.55554265550352,-0.768290403125642,0.399804572220954,1.31743044614475
0.00998516948327841,-0.00551269939502853,9.07926157993679,11.6789455616095,2.63961564029901,4.35778160019678,9.54335977614155,-0.770225904590964,0.40293693565158,1.31577359823131
0.00962951929692143,-0.00559682716356434,9.0840665833842,11.6332020304447,2.63344294011758,4.38538202735647,9.5427277291991,-0.772760879235956,0.406131555074051,1.31593087995458
0.010344752459692,-0.00633478915308407,9.09510613143581,11.6019869564006,2.6245817096352,4.4021268137731,9.55181433178808,-0.776011773331328,0.407684681439321,1.31732363410258
0.0120581800592492,-0.0076784491562797,9.11105789938068,11.5773986929031,2.61059273180582,4.39811709223305,9.56608508780116,-0.779929387691424,0.405299335592855,1.31869094219648
0.0149633772054384,-0.00973249666025183,9.13099789889049,11.5447808186795,2.58912401731011,4.36410057234687,9.57849196755141,-0.784084323925211,0.396730139375068,1.31836023758479
0.0192637389241612,-0.01259830946384,9.15272404253538,11.4957070926352,2.56056475730429,4.29990756502971,9.58334995849087,-0.787811980745649,0.382018624533899,1.3154468348296
0.0248289350311921,-0.016161537748734,9.1715422518636,11.4329509172217,2.52802017213426,4.21430774803743,9.57959268160612,-0.790475687935577,0.363316985439325,1.31054257811429
0.0312740023045845,-0.0201493878896257,9.1810983231166,11.3626183333572,2.4941861751446,4.11558389867945,9.56921145358987,-0.791481862694486,0.342488767054806,1.30502677052206
0.038913484618992,-0.024808902598606,9.17789180421007,11.2950539415333,2.46237044196973,4.01593082963326,9.55704079615598,-0.79075417236011,0.322243762748762,1.30082234837586
0.0468586750323965,-0.0297390627210206,9.15498578398756,11.251328325432,2.44000992237356,3.94284646587553,9.55289852127512,-0.789392809266447,0.308835264557167,1.30080557477542
0.0551017807946527,-0.0350967796138575,9.15855086939181,11.2443188152436,2.43187895443763,3.91455191511432,9.56302149098923,-0.788324645449351,0.306216793340993,1.30643849568755
0.063718411231704,-0.0408892403300172,9.20794975603211,11.2587854940309,2.43192718740651,3.9117395132367,9.58098578662239,-0.786720867617337,0.309446813619451,1.31533364693432
0.0685655110891483,-0.0442841633539545,9.24372340183338,11.2708187463335,2.43069233348667,3.903100659024,9.59745537196501,-0.783416196826521,0.310618098506848,1.32384292574166
0.0700924730934532,-0.0454954630128671,9.26501749994386,11.2717709342444,2.42492718058872,3.87813022533379,9.61277369900083,-0.778895210639564,0.306310720472048,1.33041056991861
0.0683613729503463,-0.0445636741760025,9.26758286455927,11.2725241026939,2.41906121108935,3.85143555922062,9.63901821813313,-0.775531704400727,0.29853231665657,1.33627161872888
0.0657201437515497,-0.0430243838954924,9.27376613397441,11.306265869175,2.42593957035236,3.8640097058361,9.69863381759207,-0.777104268196938,0.295373714533977,1.34556622464476
0.0624708884675607,-0.0410841225499264,9.28839804935785,11.4162130743321,2.46170792221887,3.96598839194467,9.81603858842958,-0.787334315955958,0.307587510374864,1.36369151978883
0.0593217709010923,-0.0392090436517851,9.3239597363229,11.6217904372495,2.53224894077882,4.17232895276766,10.000989544139,-0.807353151065725,0.338749933494228,1.39330574844728
0.0575532859262083,-0.0382355105206162,9.39568618520998,11.8984564797428,2.626709706617,4.44261583280316,10.237783353547,-0.83433989584451,0.380658256144748,1.43183323387559
0.0566387810035511,-0.0378239011652746,9.48113038217905,12.1919507766591,2.72589989695053,4.71140041461759,10.4904458714964,-0.862815777340869,0.420163042694045,1.47313379511449
0.0562973196877322,-0.0377839609877499,9.56818919193734,12.443503912876,2.81286944204507,4.92571999810793,10.7151393944937,-0.88670648226248,0.447841039570358,1.51074308855555
0.056581361232875,-0.0381341925146113,9.64568879927645,12.6008558447579,2.87398266367566,5.04871595872638,10.8681427831139,-0.900181073423099,0.458907177434011,1.53891150831917
0.0584346855957711,-0.0394725154812641,9.70933965977221,12.6266564713355,2.89692134562863,5.04986186004015,10.9166071176503,-0.898723841939034,0.45014365811357,1.55263958057806
0.0620167063200703,-0.0418929594184615,9.74947706306879,12.515075162121,2.87598384440804,4.91733493652655,10.8544859658056,-0.881416000871885,0.420802516254744,1.5493120837806
0.0671158298105699,-0.0452531098254263,9.76218238763577,12.2999905233602,2.82006780291486,4.68173939049827,10.7064393029171,-0.852092150016382,0.37664231231491,1.53060483733175
0.0736634602188467,-0.0495097030133336,9.75479521421547,12.03951546231,2.74921381634928,4.40848234012657,10.511533641788,-0.817679316117088,0.329139742011824,1.50149857015952
0.0814652967380833,-0.0545426475105359,9.73627164258632,11.7874364961557,2.68098240288426,4.15804653423365,10.3042236359926,-0.785118843468022,0.288517915286406,1.46729727007715
0.0906156661378507,-0.0604198896980872,9.7114212629311,11.5741846294508,2.62170530088447,3.95637791262592,10.1064121758003,-0.759076944585293,0.258332154143548,1.43164961933314
0.0963118766824705,-0.0640469050504608,9.69433776580836,11.4049928582469,2.56762298204979,3.79406488169849,9.92816017500268,-0.741171006118661,0.235311171655688,1.39641957720077
0.104540514804248,-0.0693042589603124,9.68134599607457,11.2779576832777,2.51484268914529,3.65674284403251,9.77704510324125,-0.731285540817586,0.215756202581081,1.36390692975949
0.110477184550943,-0.0730846938255411,9.67164678693047,11.2022980771191,2.46885280100094,3.55675699104508,9.6677847469962,-0.729441498716397,0.202261215760686,1.33892688711845
0.117533237084908,-0.0776205867360973,9.7173182771664,11.1886983288086,2.43902431108108,3.51640764623582,9.61530308326466,-0.735162632382169,0.199882260223396,1.32656679862426
0.133787199497665,-0.0881513805121309,9.83948734269072,11.2343406702453,2.42779838259261,3.53435481229476,9.62262340471536,-0.745988024260002,0.208940853689986,1.32897760611584
0.148748856809624,-0.0978713043811331,9.94526452890395,11.3257494235948,2.43158292322953,3.59255976995206,9.68006747634242,-0.758421384638682,0.226707523951605,1.34506162063816
0.160823378738563,-0.105741516758426,10.0506811550749,11.4399610692488,2.44589837535823,3.67801634438152,9.76746475476225,-0.770046107915166,0.251572186162875,1.37032863042779
0.17007379465504,-0.11179565989421,10.1559537667806,11.5396128602052,2.4635628008573,3.77606935448269,9.85461283439662,-0.779789388150886,0.280539660449094,1.39644748756334
0.175812888352479,-0.115578434936697,10.2442109444813,11.5881405865228,2.47506428457773,3.86369358211995,9.91296411536455,-0.787164915441821,0.30738306909602,1.41473612431667
0.178543164236775,-0.117404676906539,10.3069308786176,11.5785610373667,2.47639094273781,3.92876080116198,9.93399456970779,-0.792521520162659,0.327567744811323,1.42183640980411
0.176664630124938,-0.116227390152543,10.3373723139378,11.5345586528116,2.47160967132761,3.97955931943384,9.92954049433248,-0.797086719774165,0.341238723555301,1.42016192517827
0.175182246613619,-0.115269040075957,10.3644398366787,11.4862070186112,2.46702800765826,4.03040175511832,9.91620107204412,-0.801970828871133,0.350692743583584,1.41389353095703
0.175351084686271,-0.115324972152183,10.3961190721363,11.4536637758887,2.4658981431643,4.08754445724319,9.90574925000943,-0.807511107932908,0.357624651542195,1.406519331591
0.173429241190046,-0.113972271908032,10.4116759338855,11.444244506386,2.46809702463149,4.14906846743403,9.90437454449525,-0.813604832301074,0.362777482269315,1.40041554576448
0.168965575742819,-0.110948977643907,10.4217610898383,11.4550602154979,2.4730591934898,4.21443758176704,9.91306309293553,-0.82038867254115,0.367456570613729,1.39669021558819
0.160635970203889,-0.105452092203965,10.4341044400326,11.477818313636,2.48094654253331,4.28741204267419,9.92845044130546,-0.828503526540932,0.373975464423154,1.39536287203966
0.167188475346515,-0.109623394971156,10.4320028346821,11.8431445552118,2.23568533010352,3.93442621503195,10.0753466930636,-0.850082357011569,0.358093547809627,1.40400113679351
0.0588509473067484,-0.0396737721609962,10.2280709765727,11.2803413283224,2.68406131625496,4.76091287097687,9.86953197476108,-0.84054151833784,0.408887707257504,1.39718904091358
0.0568774442404436,-0.0384349809826208,10.1016792452244,11.520955332226,2.50900899146584,4.55267939899547,9.96689295095692,-0.865457982967575,0.410120820097687,1.40684587198833
0.0440945497973244,-0.0302352473402775,10.1085117576109,11.5112501540519,2.50157180187747,4.61533296603255,9.97507512700291,-0.886361788286967,0.429446025867584,1.41417139401073
0.0369935377960186,-0.0255770356362703,10.0401777520618,11.3878665040516,2.64990237575806,4.93910272768119,9.91669147230357,-0.909508247866016,0.458886040614791,1.42075363842764
0.0274782833128194,-0.0193254411657258,10.0530344697974,11.5003939054189,2.35287512506884,4.51215213216501,10.0278081405853,-0.94428763720183,0.470889942146485,1.43666560893571
0.0323444369423859,-0.0221789461012043,9.96551398067364,11.3468617996211,2.47243851246534,4.78495709493313,9.97087651040769,-0.975473859303918,0.502144184666506,1.44729900924505
0.0362423572646233,-0.0243627057984647,9.88950895804304,11.278196324136,2.44654006255922,4.80958759443203,9.97649484807462,-1.01151660691995,0.526010902324869,1.46360276793615
0.0394478742186677,-0.0260973407868576,9.79744136485778,11.2047463296974,2.41738007043453,4.83055218002909,9.98354090546272,-1.05019510898962,0.549692628499413,1.48175024345792
0.0428942188878169,-0.0280408849824915,9.73221458908344,11.1335468726601,2.38534693122228,4.84985854249483,9.99293024370851,-1.09128990035058,0.572976866222567,1.50156785294367
0.0451171311350358,-0.0292699927427164,9.68657876131861,11.0658582201486,2.3520455913726,4.87029054385867,10.003195992592,-1.13460580390362,0.595684255752836,1.52260716987108
0.0480717637751804,-0.0310482729480951,9.66597610703009,11.0006249954661,2.31782488743211,4.89061446222048,10.0116714876226,-1.18001116003984,0.617436541327427,1.54426219913454
0.0462237357724734,-0.0297756891286898,9.62720837783868,10.9354863988403,2.28305278710698,4.90904941546837,10.015361290428,-1.22751304397494,0.63831379741637,1.56585143432963
0.0403213671410654,-0.0259043746483671,9.60974104304363,10.8671413996287,2.2484260656195,4.92518332235396,10.0123806937302,-1.27723177984404,0.659010224786701,1.58685263495565
0.0343476215808679,-0.0219761512925843,9.5855015540121,10.7921258566572,2.21418383312859,4.93871087293321,10.0028123302618,-1.32928566006704,0.68020782019072,1.60711774878802
0.0293467295491026,-0.0186446644808504,9.55752863022227,10.7075236731934,2.18032897591538,4.9497769484153,9.98830718783506,-1.38397280313952,0.702433322234832,1.62678556202884
0.0243549688347609,-0.0152754609769397,9.5403810740452,10.6106935070808,2.14755066076123,4.96061692982887,9.97090236636379,-1.44107948422652,0.726393059003514,1.64599822827169
0.0197839617692005,-0.0121406874774693,9.49504174738861,10.4992610238062,2.11722380628778,4.97403629001167,9.95221272402932,-1.50050048082734,0.752605508412332,1.66479657055143
0.0160764564299851,-0.0095634967712234,9.44227098752615,10.372794915938,2.09040141214076,4.98935020275043,9.93385711929069,-1.56220525812822,0.780461813128594,1.68334209131281
0.010115710569804,-0.00559251192328522,9.38672229652966,10.2355729980514,2.06681643795965,5.00059208957131,9.91894459751643,-1.62669972210901,0.807940018089088,1.70232430700943
0.00582090529500123,-0.00279881588399372,9.32677959020322,10.097996988901,2.04567891043151,5.0017066374928,9.91244426894341,-1.69535593398786,0.833132742992437,1.72284772629749
0.00248323499838085,-0.000704636039008333,9.2788865076896,9.97425882129607,2.02779833683957,4.99451310599638,9.9191483452862,-1.76974313963368,0.856506516658868,1.74551928741332
-0.000761766671747099,0.00129455144405682,9.2426639176412,9.87700046122223,2.01575998038829,4.98810242727492,9.94108878139503,-1.85066733462742,0.88091224817001,1.76973573031164
-0.00365672754133683,0.00306750644936721,9.22159638802416,9.81246882316191,2.01189035299745,4.99035282146437,9.97628033663217,-1.9377178242032,0.909312734656047,1.79378270528373
-0.00574261103797449,0.00432946454545921,9.21808615226954,9.77877227772414,2.01658134784107,5.00190554434296,10.0197343396939,-2.02957460738796,0.942621418174893,1.81552804427207
-0.00712540087719377,0.0051442527905054,9.21268770290714,9.76836677028827,2.02873324485096,5.0178919168805,10.0664206231599,-2.12494620462344,0.979378990132645,1.83326740898449
-0.00810005638435929,0.00571573102795331,9.21042884765272,9.77305791268756,2.04765778844842,5.03397499230489,10.1134980413596,-2.22324903999756,1.01741449115334,1.84601595244286
-0.0090745115589343,0.0063520954616483,9.20688337364139,9.78756737240122,2.07388158247148,5.04902958676609,10.1604715101442,-2.32459811206884,1.05539039480388,1.85325714203099
-0.0112052079156194,0.00787273783317294,9.20718983026989,9.81032393699027,2.1084827094515,5.06406938691189,10.2081538250798,-2.42965497075132,1.09317956519367,1.85456565860266
-0.0141416468790487,0.0100860220358308,9.21011160317412,9.84257995171126,2.15205724483271,5.08043918965516,10.257309792791,-2.53947299693506,1.13179153153099,1.84928462352001
-0.0165215200158196,0.0120611232826293,9.22086455356484,9.88628920060265,2.20374370522284,5.09752800629052,10.3080443584582,-2.65525273569159,1.17288317917349,1.83660346371436
-0.0165618567267964,0.0125837660041683,9.24276438278016,9.9403471324212,2.26086832742477,5.11150681885833,10.3594665746518,-2.77816444211957,1.21777644514564,1.81586915429524
-0.0166884054876011,0.0131880630529016,9.27481717746331,9.99795703229544,2.31905321891183,5.11515019714242,10.4087101862686,-2.90904184599987,1.26636009884453,1.78672401358427
-0.0160753571621279,0.0132659983993725,9.31325291747774,10.0498350260555,2.37289878426311,5.09984897326589,10.4510871464881,-3.04822195405508,1.31739777145607,1.74910227983778
-0.0143921143024147,0.0125289882017834,9.34834688941172,10.0900464082756,2.4175402332111,5.06007216261779,10.4822944125608,-3.19593240456744,1.37029383299014,1.70321382822519
-0.0132715098372703,0.0120432355982528,9.35614682017773,10.1167854145911,2.44958181063225,4.99424066467161,10.500246107995,-3.35257311343407,1.42516282228726,1.64977258973965
-0.0112132045727673,0.0109198827617266,9.35087496629282,10.1292920902098,2.46672470078381,4.90250944648785,10.5043764789361,-3.51843671908454,1.48161928415348,1.59008286762094
-0.00708304002368693,0.00849665994077756,9.33334910706516,10.12649639335,2.46758889973981,4.78773693937107,10.4934999537808,-3.693522128287,1.53942627038652,1.52530645519818
-0.00156368618140579,0.00521767451741667,9.29872024172906,10.1075679285078,2.45189924915723,4.65683033617872,10.4652246182542,-3.87754292129026,1.59934764170903,1.45574495813109
0.0018543965156354,0.00325648129157408,9.24267451651429,10.0731388052029,2.42005189026466,4.51823899193469,10.4177436523759,-4.06964939329957,1.66218916690536,1.38114692299055
0.00677539034535557,0.000193962800131953,9.16800225405953,10.0270789061927,2.3730278163661,4.37861784024703,10.3520761272897,-4.26816848880067,1.72773532273465,1.30159905054794
0.00919686801727099,-0.00141979784536334,9.10447681339935,9.97750133645556,2.31365087789319,4.24251476100264,10.2731580605552,-4.47100269943574,1.79500120037781,1.21808482711534
0.00828635020075097,-0.00106326975181714,9.07461839867746,9.93548256642117,2.24772308160807,4.11467915621204,10.1893367967472,-4.67634200632983,1.8632573164737,1.13233077298081
0.00248064466662029,0.00222350755863487,9.04693336716377,9.91157773371052,2.1834703294043,4.00117516039172,10.1107120300253,-4.8827466617325,1.93232807022073,1.0465391613524
-0.000431470568967418,0.0034009682694659,9.00924402611825,9.91264763345335,2.12985921400303,3.90797873664009,10.0473652526647,-5.08874029910599,2.00204069233157,0.963489216251342
-0.00196652513618839,0.00359115382039621,8.96702123105348,9.94159574225277,2.09443991668009,3.83824096541142,10.0082252962485,-5.29293001209401,2.07167975429653,0.886973891942523
-0.00382482839168802,0.00414374339983758,8.92442060446841,9.9995263719855,2.08085336382674,3.78910105692578,10.0009487548731,-5.49475357294779,2.1394246605071,0.822688714298044
-0.00746166229562789,0.00617255214067097,8.8857936077928,10.0870461655835,2.08821909742267,3.75224845229621,10.0314138766556,-5.69429181122835,2.20264840452434,0.777953168768908
-0.013285214481957,0.00997105869128567,8.85718320561404,10.203195527073,2.11285003891289,3.71915344486763,10.1016266851814,-5.89120832455384,2.25940878221709,0.759013409501616
-0.0209969430909501,0.0153264155249068,8.84448738989484,10.3439017715909,2.14980070174463,3.68394884965303,10.2088545340234,-6.08441097569627,2.3089359772202,0.76921904960279
-0.0315354349552822,0.0228359140349073,8.84877331827735,10.5021234969012,2.19435758912184,3.64273211520979,10.3473010374534,-6.27273175532411,2.35098643218055,0.809693917988415
-0.0420454471775835,0.0306070047049249,8.83900192151413,10.3185543317011,2.26666847519254,3.82004818471183,10.2864418593177,-6.4619493405626,2.39715835896177,0.824012469611741
-0.0489812212421367,0.0361215897004089,8.94881876685893,11.1710488401354,2.29396464901691,3.34142803462038,10.9057830420214,-6.62188706106206,2.40917932738055,1.01373566190302
-0.0581779541989311,0.0429832264551846,8.96151605240032,11.020859267166,2.34138293126473,3.47240664919638,10.8554734463525,-6.79012761939749,2.44066672514211,1.06646497419286
-0.0638869393891937,0.0472273401109376,9.00425863339794,11.1404640368378,2.40835273311206,3.44855751932593,10.9837664539164,-6.94023334707707,2.46216503053068,1.1699781803408
-0.0664279618289079,0.0489312154934812,9.04708016979568,11.2567145525597,2.47130380945165,3.42052592071509,11.0960387288899,-7.07732327529158,2.47808854861598,1.27478500450285
-0.0670854608745727,0.0489870539965858,9.08654453220518,11.3470765779469,2.53225615356852,3.40322052289818,11.1802653290143,-7.20284118236971,2.48948444521415,1.37470917560518
-0.0681791050844561,0.0491753042120935,9.11941151211168,11.405864651698,2.59084604878523,3.40061878589706,11.2374739877752,-7.31822264526215,2.49739600183967,1.46675350193502
-0.0705818245765238,0.0503004591643118,9.14354466608957,11.43132316065,2.64622957226145,3.41177590102519,11.2730570811783,-7.42364885951965,2.50228259965159,1.55067440760079
-0.0738801203713292,0.052162353781245,9.15606530518709,11.4248962744465,2.69770080050862,3.43167843228479,11.294740545996,-7.51832798294011,2.50406318086466,1.62841028679446
-0.0786437554982785,0.0551231722538955,9.15320834422166,11.3895598941138,2.74639168121807,3.45727951302799,11.3083174869367,-7.60242837663283,2.50309150383635,1.70030099369789
-0.0851649524068135,0.0593776427718621,9.13641676772916,11.3287912771507,2.79336582485351,3.48819117274375,11.3162306734302,-7.6775617335685,2.50007865866846,1.76462374947965
-0.0928287230178661,0.0645064110458748,9.11372208696249,11.2455046328421,2.83618615213239,3.52222504491065,11.3192784938005,-7.7451706804314,2.4953226659438,1.82032002255608
-0.0995942314146298,0.0690874104477827,9.09321450091598,11.1411357132214,2.87009595919117,3.55502971016481,11.3170790553549,-7.80562377407028,2.48858477852387,1.86749792739638
-0.104722160576091,0.0725259126377543,9.07260320366508,11.0158307075201,2.89193923938684,3.58273267552987,11.3079765019062,-7.85811303650765,2.47936444601946,1.90706346767496
-0.121458289591126,0.0828660425705958,9.18053667450024,10.1257598807322,2.84490809361207,3.84375814981904,10.9626254555551,-7.90788404426925,2.45326101465351,1.88740133966481
-0.0971764186455453,0.068150975740683,8.89740397027359,11.4366362230384,2.94643298439323,3.39082306025253,11.5944983442201,-7.92278465637581,2.46516055885583,2.03429549879274
-0.108521474925821,0.0751020406012967,8.99878536807676,10.6091906016325,2.88255340502723,3.56622877635268,11.2738603363955,-7.94972420464073,2.43460971214995,2.02885764657927
-0.113434828109837,0.0787588183758605,8.97807045192803,10.3550075309503,2.86412352982851,3.6104231656068,11.2033730084715,-7.96431202001172,2.42050486810571,2.05125450345687
-0.118433296292956,0.082772161954147,8.95307200912527,10.1430904124423,2.84437082241998,3.63721498150075,11.1465845321661,-7.97398379725506,2.40946722334483,2.0745279694897
-0.123023219300075,0.0865606633235974,8.92616133918958,9.94436119621241,2.82606639760411,3.66741803614811,11.0912179142431,-7.97908914944796,2.40238246209212,2.09418735384426
-0.125161115451068,0.0883981402661369,8.89130814681963,9.74829057184845,2.81343789844653,3.70765706778753,11.0325565195244,-7.979769836436,2.39966148407389,2.10918303012319
-0.123765681016285,0.087368994535796,8.84626129546551,9.55431648975697,2.80915244700042,3.75968213381623,10.970068300195,-7.97641642927971,2.40159319273928,2.11980233992145
-0.119612634421501,0.0841117391874904,8.79569359006209,9.36428667994161,2.81471653009074,3.822743372646,10.9043995674097,-7.96953488352551,2.40808105497286,2.12719008675039
-0.115142881473003,0.0805157135143129,8.74507220851943,9.17969498356623,2.83124864970093,3.89413793062005,10.8363820610801,-7.95905428916681,2.41842821309176,2.13280844307108
-0.111411643960114,0.0774733040149631,8.69776156991867,9.00217521662644,2.85940734812152,3.97113330312308,10.7665196086675,-7.94492711063699,2.43163598764062,2.13666292051421
-0.108226821601092,0.0749036809001765,8.65220104887136,8.8349785818793,2.89893314336768,4.05171437665225,10.6964943342493,-7.92803619996105,2.44678774692747,2.13796797243537
-0.106065117661304,0.0730973507922771,8.60715595408894,8.68432188935019,2.94617731615229,4.12944258209945,10.6334651672679,-7.90923408196446,2.46277221603947,2.14053994018056
-0.104863751816877,0.0719979658333668,8.56111294081238,8.55897956330652,2.99298666430909,4.19186914946805,10.589533871087,-7.88859579939367,2.47814968243628,2.15340374818764
-0.0996745649526306,0.0683918780482058,8.52023328872759,8.46593793391059,3.03262496709204,4.23111044084654,10.5726161581434,-7.86730175078309,2.49195985825649,2.18149106036646
-0.0921560747850793,0.0633132872484554,8.47674674768004,8.40608318408224,3.06566417268119,4.25174769576392,10.5800167799156,-7.84864522478716,2.50413785067093,2.21957192550148
-0.0731601716378859,0.0508407761717102,8.46076753932983,8.37573815888559,3.09749523506514,4.26339195406952,10.6032196818061,-7.835687052455,2.51467385074433,2.25814579133956
-0.0638068635620075,0.0445920460187532,8.4459099873315,8.37169445036332,3.13305861317231,4.26931777316649,10.6370211652241,-7.82889111255143,2.52280615429853,2.29214354610099
-0.0583677330302366,0.0408705204586377,8.43387714347008,8.39371125085586,3.17470413313266,4.26460440114054,10.6829996576927,-7.82623804046634,2.52721179200795,2.32276423142346
-0.0565078185061151,0.0394656961054221,8.42376760070966,8.44388515368102,3.22252457664941,4.24311174117578,10.7463330320149,-7.82560690035541,2.52697054069719,2.35306891225153
-0.0540203678821576,0.0376748144321569,8.43183266830833,8.52499129087249,3.27703652004847,4.20470559231669,10.8317199693231,-7.82753322422525,2.52250431367441,2.38362285338472
-0.0590193569750947,0.0408755615973856,8.47815039245858,8.64091103434101,3.28790940558111,4.13554014279598,10.9464019511529,-7.83842065487203,2.51480519091006,2.41141708803533
-0.0771591298879552,0.0525663572780029,8.61037220808021,8.73915486878301,3.30348979344959,4.08247465633442,11.0445326910373,-7.8543205507931,2.50486048599462,2.43412457348111
-0.0589020065279752,0.0410354874873631,8.60370128273636,8.70427894037927,3.11739914055955,4.01104471292044,11.0382428101984,-7.8687856444891,2.48508954222345,2.45249220545849
