-0.256944730633047,0.170248891588565,7.15586171515723,12.8342514244759,2.74309483255143,5.17918246989324,9.352304164375,-8.91697393913192,1.2063025337421,1.98811804621185
-0.254668961098057,0.168590987145816,7.22053881025773,12.9393868127294,2.77701458633688,5.15719526781438,9.40393457377714,-8.92101935277658,1.20145270962535,1.97888798270646
-0.248488789357371,0.164695942444643,7.25586015050564,13.0336012077922,2.87595523618982,5.16935115494048,9.4640702741257,-8.92018443622824,1.19976703477235,1.96950716345572
-0.2445307363612,0.162079502317518,7.34936970379472,13.2679730321876,2.94686999772856,5.11467205865433,9.58082552856009,-8.92110784317306,1.19903889733379,1.96198797516145
-0.243838515547546,0.161616935025768,7.3930401846673,13.4205994582725,2.94465889400397,5.03769582602657,9.64172304071574,-8.91859450598154,1.19591939515863,1.9410597104548
-0.243366117844334,0.161315099669637,7.43390319153725,13.5925277390693,2.92380803646951,4.93828516241757,9.70611746249813,-8.91306218685355,1.1952089847001,1.91087896711669
-0.243602598285817,0.161502275241562,7.46539191380112,13.7642009018632,2.87998367445897,4.8212254118424,9.76383635253933,-8.90288153214891,1.1976576625545,1.8692585831285
-0.244237554309707,0.161978767041254,7.48705634930727,13.9326208536498,2.81900617756339,4.69217458376941,9.8150214971267,-8.88648403414245,1.20454016626266,1.81586144825972
-0.24522476672577,0.162713144392492,7.50145990757667,14.0945591619894,2.74826757699163,4.55840243019379,9.86012948854589,-8.86227996334425,1.21714461510642,1.75112701027939
-0.246583222976582,0.163711871027581,7.50808332298569,14.2469292827594,2.6757752402618,4.42801101886848,9.89974682349002,-8.82860490246725,1.2366948963165,1.67619256910724
-0.248185648418281,0.164885997416532,7.50798775327191,14.3866898081544,2.60886023805747,4.3090043444464,9.93425831589537,-8.78400571210709,1.26424616008774,1.59275060189119
-0.249862543165499,0.16611751609347,7.50136131476557,14.5109988559327,2.55308667337971,4.20830126801802,9.96376022478817,-8.72720085581164,1.30057133816222,1.50292343748691
-0.271069361664681,0.179054858162228,7.53461285214819,14.1635806061293,2.05296225097784,4.03825739652787,9.74161715106016,-8.67795883176472,1.33893498825379,1.35457719884019
-0.233373552203236,0.156683020834067,7.40663016504673,15.0594062887462,2.89599743805445,4.18607778850158,10.2237279194331,-8.54860670572853,1.40353601794784,1.36064411946639
-0.255630770847636,0.170341600343142,7.47047567391722,14.770586196362,2.48507951843885,4.06482209361803,10.0341327103317,-8.46975160384295,1.46096949826214,1.22228935653306
-0.258283205614912,0.172115200363921,7.46536175759645,14.8089208651051,2.47268367586697,4.06474632639655,10.0391496110916,-8.35871791648266,1.53206829842822,1.13018330047565
-0.262134023688217,0.174679710923823,7.46460013397387,14.8388239476923,2.47480975206393,4.08740600391059,10.0465937408287,-8.23452010765123,1.61027860079062,1.04610802115618
-0.267024219922309,0.177885243920305,7.46536925797452,14.8533466521252,2.4791347420001,4.1276356064525,10.0529940908076,-8.09810811275887,1.69370630742678,0.971248955048954
-0.27282833209852,0.181647106659601,7.46684104366269,14.8539230096699,2.48219899236211,4.18145963959211,10.0597842388965,-7.95005978357757,1.78065982292885,0.907765175192259
-0.279276625311193,0.185791825713015,7.46801629984334,14.8424273813996,2.48182772753609,4.24535329037454,10.0684559384861,-7.79089090558041,1.86948463785714,0.857397586690185
-0.285933896892586,0.190042401842147,7.46783246454057,14.8208910760061,2.47688101851568,4.3164951709009,10.0802054920914,-7.6211544962554,1.95868602493623,0.821320617622618
-0.292538243940688,0.194237801797736,7.46568726618567,14.7915144086804,2.46708089514948,4.39282553648481,10.0957859901916,-7.44153820052434,2.04701589730504,0.800094848047539
-0.298532903257761,0.19802926876868,7.46115809107725,14.7565678851922,2.45274132213542,4.4729327688935,10.115378709815,-7.25292059075919,2.13349822037305,0.793668650123661
-0.303289475970464,0.201023617878115,7.4543613266731,14.718139336046,2.43448503015871,4.55582358551416,10.1385021780263,-7.05635169730229,2.21738240220751,0.801430954602277
-0.305857272676659,0.202618861242365,7.44579651110339,14.6777847265944,2.41300547240026,4.6406442591231,10.1640014528246,-6.85299886033394,2.29803687399136,0.822309826730005
-0.306237765216519,0.202825947256231,7.43561568122186,14.6362133932713,2.3889004390584,4.72643679897003,10.1901476627732,-6.6440947926453,2.37482892673119,0.854890186267599
-0.30475497119493,0.201859495064037,7.42362499108327,14.5931588445391,2.36260184007207,4.81203224259438,10.2148494452949,-6.43090005536852,2.44705931271863,0.897511293445059
-0.301648819804214,0.199874532392931,7.40949525720302,14.5475369985276,2.33442433199752,4.89615645489519,10.2359513280149,-6.21469475487284,2.5140027829208,0.948321561884658
-0.295831239820761,0.196162536497894,7.391848992434,14.4978760422076,2.30471614612591,4.97769593461521,10.2515763110378,-5.99676920037965,2.57502837714656,1.00531983144732
-0.287573645610664,0.190892424694245,7.36883533340826,14.4428710478679,2.27404246373569,5.05593099077129,10.2604541001553,-5.7783905805291,2.62969291372458,1.06644649142884
-0.278647238617056,0.185203104007341,7.34049124760958,14.3818665693869,2.24331709736251,5.13055950187009,10.2621649978869,-5.5607575991507,2.67771392022809,1.12975200513806
-0.269220794083061,0.179193650733689,7.30637243629839,14.3151264219364,2.21383073128788,5.20149880360559,10.2572346765192,-5.34493814050229,2.71882738415995,1.19359786951463
-0.259374378140521,0.172901834304069,7.26666618985825,14.2438508947114,2.18717292205845,5.26860879996254,10.2470413232338,-5.13184127075479,2.75262460357004,1.25680693016354
-0.24915818244272,0.16634265620215,7.22221156419499,14.1699997606402,2.16508030436993,5.33151110272013,10.2335515993956,-4.92223929627253,2.77847400441283,1.31870440398387
-0.238535924126278,0.159474367813736,7.17358272884765,14.0960328667485,2.1492570719477,5.38960049907056,10.2189604719566,-4.71671882654492,2.79558103246587,1.37904564345113
-0.227645870164994,0.152372213723682,7.12220569282163,14.0246416785348,2.14121198378458,5.44224046414945,10.2053240545355,-4.5157987097398,2.80316832275901,1.43786721093897
-0.216864148192691,0.145273023638081,7.07133385290931,13.9584738905722,2.14213850472189,5.48904786116609,10.194250997047,-4.31993076381784,2.8007031406339,1.49531287328302
-0.206584822103297,0.138432783371069,7.02377910621634,13.8998462584297,2.15283951081799,5.53013641172532,10.1866930947276,-4.12950236355091,2.78808911148203,1.55147907208762
-0.197279426524609,0.132164839061841,6.98253096321497,13.8504747319311,2.17368539744901,5.56621736868384,10.1828571897535,-3.94466837735345,2.76576412608393,1.60630922820863
-0.189020065461622,0.126528525711498,6.94748668943876,13.811266212152,2.20459455819328,5.59850333529564,10.1822428522861,-3.76582628431073,2.73467156449299,1.65955498108227
-0.181743664679605,0.121500041636074,6.91792660811931,13.7822220208343,2.24502774350919,5.62842409199664,10.1837861967765,-3.59311303933586,2.69611048609066,1.71080268782762
-0.175315787284404,0.117012231740722,6.89255576144275,13.7625023679658,2.29399664346947,5.65726314783516,10.1860670607599,-3.42659248920888,2.6515300848914,1.75953516143115
-0.169438521106966,0.112892557939813,6.86946448116521,13.7506602993993,2.35010257344602,5.68588864485222,10.1875311632101,-3.26628889865217,2.60236066159511,1.80519001203969
-0.163767218850266,0.108935014856471,6.84667068507944,13.7449808271268,2.41162643730115,5.71469274017208,10.1866915525878,-3.11221636273877,2.54993055411006,1.8471980309886
-0.157734978979229,0.104785271621884,6.83068859737697,13.7438095141938,2.47667657667651,5.7437160647301,10.1822882778136,-2.96439249766631,2.49544746599607,1.88501109535969
-0.151070027204853,0.100264510765001,6.81769835844964,13.7457659628021,2.54337651027928,5.77284064340855,10.173394659349,-2.82283568866501,2.43998855075782,1.9181339730722
-0.143654085604783,0.0952811735461707,6.79970862312716,13.7498089045511,2.61005368282359,5.80193369483282,10.1594713675001,-2.68753286021959,2.38446294376323,1.9461636370053
-0.135366364440564,0.0897386607201043,6.77408880657681,13.7551987450049,2.67538562364056,5.83089154802469,10.1403799444871,-2.55841425914789,2.32955583761139,1.96882812583221
-0.126177308309961,0.0836019810629557,6.73981851853228,13.7614277452739,2.73847709362591,5.85961667078727,10.1163640563274,-2.43532906866169,2.27569252397839,1.98601188479409
-0.116100701458159,0.0768730062045462,6.69771994279115,13.7681612438938,2.79886651456883,5.88799190402815,10.0880030934078,-2.31803659502016,2.22304792527723,1.99775945682381
-0.105134292470251,0.0695532306008257,6.64836911791668,13.7752119002292,2.85647115704182,5.9158690436267,10.0561481484257,-2.20617478894849,2.17159019263346,2.00426049227789
-0.0922051810865641,0.0609591982396785,6.59271687486706,13.7825585278411,2.91148385318399,5.94304708281815,10.0218465051676,-2.0993608075715,2.12113096756089,2.00582388670837
-0.0754752025651286,0.0499150974823201,6.53152193763729,13.7903851861714,2.9642487737577,5.96925863912203,9.98624215129018,-1.99714491333014,2.07137509620857,2.00284346746387
-0.078036662117417,0.0517797261886849,6.54778061904922,13.7603739607154,2.94578511416629,5.90894562754297,9.91628704618919,-1.90217704077128,2.02451520144906,1.9812111181562
-0.0277300943424831,0.0182211119468311,6.33479181828731,13.8497185848861,3.13010550828429,6.09582118396001,9.95258939699072,-1.7998597187921,1.96992533023596,1.998268300618
-0.0257107115736805,0.0172094257351112,6.35991176993559,13.8211215499911,3.11282272526868,6.03947234854102,9.88217933335873,-1.71171624357018,1.923205615194,1.96965474066407
-0.0112949294437308,0.00778269296765659,6.31585098607899,13.8340787645471,3.16035984000419,6.06203721907406,9.84912596036654,-1.62340373040179,1.87341307502834,1.95270757670488
0.00143776455709971,-0.000528314530148628,6.27969466804667,13.8494659784473,3.20745915171535,6.08476298680449,9.817474271751,-1.53765455104196,1.82336683760913,1.93312884617917
0.0119825781818968,-0.00739505627582378,6.2539041065962,13.8656186433127,3.25436754300396,6.10902469973916,9.78610960845051,-1.45424612054665,1.7731663780729,1.91099090191744
0.0200644220070794,-0.0126396962117822,6.23632761188847,13.8813451004448,3.30126556630835,6.13551615341019,9.7542396534663,-1.37308953553302,1.722861162237,1.88643154443569
0.0253488354071893,-0.0160437201397695,6.22469375339229,13.8952011561685,3.34819243918142,6.16441675107043,9.72105762171715,-1.29416031002682,1.67246889892276,1.85954428217019
0.0258217422387154,-0.0162999649340816,6.22119677777037,13.9057559029843,3.39501031995246,6.19529050369187,9.68587409267378,-1.21749866713518,1.62199574782215,1.83038592067047
0.0238263791119933,-0.0149224635045243,6.22064938922657,13.9119647526927,3.44142853339795,6.22712910363779,9.64827606798704,-1.14320509718196,1.57147776019148,1.79900329366449
0.0200766167865649,-0.0123725038782273,6.22131075566828,13.9135863611421,3.48709280325796,6.25848513186392,9.60831957112697,-1.07140254998552,1.52101230086395,1.76548458261591
0.0144426557985848,-0.0085669447248006,6.22653117266959,13.9115271998513,3.53170415762092,6.28762084211957,9.56671734223322,-1.00218310438879,1.47075767577445,1.73002564153017
0.00786501628411798,-0.00411892388675254,6.23401579570716,13.9079630591345,3.5751148654568,6.31264504305847,9.52493401168916,-0.935598102922559,1.4209049757292,1.69298695352026
0.00294321610725816,-0.000717860725406735,6.23828059526073,13.9061148318286,3.61736843575824,6.33169045156043,9.48509103524493,-0.871629390588287,1.3716503377749,1.65491278943059
-0.00197229005498283,0.00269517877576775,6.24183238747019,13.9096716399227,3.65868653408692,6.34321112176183,9.44964431113599,-0.810186961805436,1.3231992739937,1.61649750075168
-0.00580135115353933,0.0054110934324882,6.24558883910634,13.9220092547718,3.69942364294474,6.34639642505981,9.42090155806233,-0.751120607986299,1.2758105697021,1.5785075241849
-0.00932508712041918,0.00792251170000949,6.24659114888136,13.9454475519294,3.74000519043631,6.34157070701944,9.40052213975394,-0.694251011690312,1.22985397343541,1.54168499874865
-0.01214033705397,0.0099563313742894,6.2445313289193,13.9807576004899,3.78085651235544,6.33040168080559,9.38913745002423,-0.639415147725467,1.18584048997841,1.50665943208431
-0.0139119557446272,0.0112841913250978,6.23782031386714,14.0269962567508,3.82232505350434,6.3158000370517,9.38616250442088,-0.5865047649814,1.14439436145221,1.47388258622559
-0.0147053840435636,0.011938929384779,6.22235621028348,14.0816168152391,3.86459437391516,6.30149780685125,9.38980036530435,-0.53550976077774,1.10616426962987,1.44359092783455
-0.0142323476106309,0.0117295986641735,6.19722197612317,14.1407632281741,3.90759674092907,6.2914049030776,9.39721517079587,-0.486530185691037,1.07170572538449,1.41579711371966
-0.0118769749194791,0.0102594986320518,6.16542910757764,14.1997028453117,3.95095523206057,6.28892391105411,9.4048633644446,-0.439766200724634,1.04138428281268,1.39031475529193
-0.00743666926237792,0.00740426228052689,6.12980966416501,14.2533952005803,3.99400043015634,6.296404985701,9.40897935556143,-0.395479877470739,1.01533370781187,1.36681848178659
-0.00163719330163763,0.00364277626557891,6.08987559043276,14.2971432669191,4.03587922749177,6.31484283890761,9.40616587395409,-0.353936152840292,0.993468696497925,1.34492822747523
0.00482080607776468,-0.000560433277529152,6.04872772287505,14.3271668370529,4.07571373770481,6.34380768171673,9.39395868117351,-0.315341385263226,0.975526189076078,1.32429195638144
0.0113619907520658,-0.0048243196230212,6.00885915715341,14.3409217413501,4.11273433772183,6.38153620711174,9.37120410859834,-0.279798118844884,0.961106577730827,1.30464032218976
0.0269266433510058,-0.0151850132976948,5.9366684056717,14.2947484177372,4.22314453786868,6.58964872726163,9.31590765821619,-0.243105221029338,0.94961772228289,1.29078827704604
0.0159340007611256,-0.00763610579106008,5.97418122225457,14.3626416474472,4.09921317365291,6.30487018987612,9.31990902717524,-0.223374422147821,0.941634282567681,1.26237229984826
0.0309840453048744,-0.0176474716244706,5.90848128274973,14.2763800568964,4.19820932055344,6.5071938352801,9.2483043360293,-0.192453217827362,0.934250669417768,1.24950333326517
0.0373336714814872,-0.0218531608127296,5.88230682603281,14.2224870165385,4.22251750768007,6.55119890285405,9.19576983165949,-0.16771119117864,0.928163023391337,1.23304491922785
0.0434477912081485,-0.0259421251825125,5.86110020750393,14.1555760468036,4.2397808513141,6.57997962788268,9.14272390786743,-0.145303142594748,0.922605553316932,1.21704595937632
0.0496970973322142,-0.0301664938500925,5.84551779843672,14.0790599399247,4.25292568067011,6.59674143525121,9.0914039775949,-0.124862521450468,0.917031285566879,1.20175209756955
0.0556363887566834,-0.0342353399417871,5.83371609999317,13.9971679325357,4.26257186640938,6.60053396579456,9.0440020614627,-0.106221736495239,0.911002910240943,1.18717721943274
0.0612263420294748,-0.0381096869458622,5.82530802755769,13.9149265229311,4.26962404423741,6.59161517457983,9.00224033132159,-0.0892752066813832,0.904212013363103,1.1733277370454
0.0663583005982528,-0.0416984658598059,5.81973069790038,13.8379223000756,4.27536534996406,6.57150562086768,8.96734183782252,-0.0739638683950434,0.896482584506517,1.16021730260608
0.070890639506395,-0.0448867335903089,5.81622176683122,13.7718093456587,4.28135183447751,6.54264387866798,8.94002463371502,-0.0602531595975462,0.887763770490371,1.14787141456752
0.0746465744745895,-0.0475389149293102,5.81416385227117,13.7216070305357,4.28920001319312,6.50790215899493,8.92049098215009,-0.0481122492057274,0.878110027350035,1.1363276486365
0.0775614551625244,-0.0495974318230799,5.8125342682879,13.6908441231628,4.3002893021156,6.47002183868401,8.90838987692439,-0.0374890254284533,0.867636043090573,1.12562379926005
0.183439270594873,-0.119503203057146,5.73954364350829,14.2555074967895,4.29529585026521,6.27342686342898,9.08357612029813,-0.0262415529737035,0.853099714337025,1.14188145040242
0.0404354870068401,-0.0244253565994853,5.91196427535275,13.0579536843214,4.37471694997838,6.61728929657595,8.70291386278467,-0.0199236562974941,0.843093237575189,1.08094880441519
0.0737176899788604,-0.047056229006345,5.83254394570712,13.7635559156988,4.32218163105333,6.28304761518139,8.91700487765147,-0.0152532034281176,0.82739498752522,1.09735607531523
0.0815070505118313,-0.052194761887667,5.79955760601807,13.7329305408183,4.37848640367639,6.31837985996771,8.90188855353381,-0.00761505584877498,0.814051952045832,1.08993495773206
0.0813523405159655,-0.0520001276932177,5.79437892187753,13.7748754541795,4.39829815090941,6.26348151411243,8.90686942209511,-0.00290749786797814,0.798765997962166,1.08251445951493
0.081644040056936,-0.0520139059719148,5.78736286693874,13.790350959824,4.42283177087887,6.22574535381609,8.90125334702097,0.00163117931754057,0.782713247309173,1.07480057279252
0.0821128364439683,-0.0520942182148704,5.78133066681288,13.7911493650397,4.44404360535546,6.18596946399545,8.89056901331813,0.00577171056628709,0.765549979507707,1.06687320710975
0.0833315573293136,-0.0526279364066465,5.77719710195853,13.7743359454386,4.46450498919079,6.15282382831591,8.87464252085152,0.00986683740298483,0.748079452150776,1.05886368620036
0.0856102796508043,-0.0538299364567295,5.77602857879872,13.743520084381,4.48593926684275,6.13158227090531,8.85581344594484,0.0141052247416611,0.731525980044847,1.05101988089918
0.0889455903206435,-0.0557109940047408,5.77673992231742,13.7061406096835,4.51161163772504,6.13044010474484,8.83770493956632,0.018681040680105,0.717676123379955,1.04384558238294
0.0931904001353163,-0.0581866299067945,5.77799250746433,13.6728935501569,4.54535272063078,6.15817734395418,8.82510950760225,0.0237356818142406,0.708649115080833,1.03806260868828
0.0981204440308098,-0.0611200369846623,5.77891930964503,13.6559143237451,4.59085464053019,6.22244915985739,8.82337500250571,0.0293275089972233,0.70648583507221,1.03452353984351
0.103426194938663,-0.0643174654368354,5.77925275830082,13.666735118461,4.65067865705668,6.32705469536157,8.83776183433207,0.0353832895667344,0.71256854807063,1.03405530637953
0.109297016027816,-0.0679057663036566,5.7826377211893,13.7143705727924,4.72546238977356,6.4696562522069,8.87284930922315,0.0416596863110832,0.727104552093657,1.03729048951129
0.115250781428703,-0.0715783684325873,5.78940049963059,13.8039731173927,4.81364332815367,6.64114768222662,8.93206362922463,0.0477423446863715,0.748931447927221,1.04454086172187
0.120441468357822,-0.0747945280783526,5.79785350417002,13.9362810654295,4.91182438023923,6.82723065967887,9.01728177659295,0.0530777697091195,0.775756059748274,1.05573974199574
0.124148833147947,-0.0770951840261525,5.80732313777939,14.1078207904016,5.01558584568737,7.01156630485891,9.12845249742077,0.0570395057561818,0.804713730905794,1.07044318703003
0.125977312693657,-0.0782303007651089,5.81842583385268,14.3116369576978,5.12037792313735,7.17915205586029,9.26327552930673,0.0590127411562587,0.8329998771136,1.08786989271467
0.125788412417383,-0.0781133195709508,5.83108079220946,14.5382647748386,5.22218178302088,7.31871559615312,9.41707473753788,0.0584850501837842,0.858349247192271,1.10696832688253
0.123297233799136,-0.0765569508765798,5.84579141717111,14.7766903085974,5.31782503892267,7.42368376031083,9.58297915708773,0.0551317438560464,0.879270342919749,1.1265060537418
0.118073322735503,-0.0732723695798438,5.86361417462108,15.0151601517224,5.40502498961624,7.49203702681385,9.75242935413561,0.048884713824938,0.895072471979747,1.14517675945985
0.110371282985823,-0.0684086940974967,5.88311096666074,15.24186005502,5.48230706702286,7.52562465654569,9.91594264992879,0.0399618484668603,0.905772744963253,1.16171982888602
0.10113853755273,-0.062559499193938,5.90424120493008,15.4455892275998,5.54891151776549,7.52933138687527,10.0640198779344,0.0288606765763195,0.911947634595852,1.1750444073159
0.0941775129812604,-0.058159925007863,5.94560997119928,15.6165360325538,5.60472404746591,7.51019639673296,10.1880384431109,0.0163008707659772,0.914554405741772,1.18434182877808
0.0877651276243921,-0.0540863404348847,5.99011654481302,15.7471116015342,5.65020532333988,7.47645137255676,10.2809563395395,0.00312323727108052,0.914731403452916,1.18915974984392
0.0819840214618198,-0.0503866589884731,6.03188557528756,15.8326470738411,5.68628415303482,7.43650251094635,10.3376936093585,-0.00983912449597027,0.913596507509488,1.18941128613561
0.0776675074650501,-0.0476010090013781,6.06814810035417,15.8717582859354,5.71421399022039,7.39798937985462,10.3551760431365,-0.0218893675805534,0.912079385912986,1.1853140801316
0.0765090229159371,-0.0468327245962037,6.09673455086157,15.8663084057674,5.73542221634057,7.3670481275023,10.3321520370486,-0.0325613564607823,0.910819710143086,1.17728533665308
0.0768152112477982,-0.0469988679420035,6.11373274921747,15.8210052113304,5.75137390151697,7.34780662276051,10.2689364394726,-0.0416556362755744,0.910139786840247,1.16583358133298
0.0781870240877584,-0.0478570120293452,6.11719365478211,15.7426766910191,5.76344204589018,7.34208376348069,10.1671740311771,-0.0492123874337987,0.910077937107212,1.15147581699691
0.0803558523904259,-0.0492500164627357,6.10662358085699,15.6392523765736,5.77275398388234,7.34927135289715,10.0296261757623,-0.0554374455254087,0.910456306735031,1.13468505225577
0.0829880015741852,-0.050976775951115,6.08293188474345,15.518559752352,5.78000118860317,7.36639809111292,9.85995415017426,-0.0606096962162839,0.910953257811199,1.11586201276504
0.0857278684773233,-0.0528169183351296,6.04828567320133,15.3871801643633,5.78525957639652,7.38843526810804,9.66248721002301,-0.0649973224891121,0.91116467475041,1.09532826426166
0.0882253321559485,-0.0545456565953474,6.00569240436045,15.2496225655316,5.78791206100099,7.40898532905736,9.44196311863037,-0.0688014634828931,0.910667400785897,1.07333764590643
0.090156326886095,-0.0559459071427072,5.95836686052522,15.1079453341129,5.78674593423086,7.42146498457819,9.20322702636006,-0.0721328586526609,0.909112172104415,1.05009628511886
0.0912482800591157,-0.056825932597601,5.90908753715611,14.9618472598607,5.7802227358258,7.42060522168512,8.95091732518,-0.0750145381727988,0.906339573572027,1.02578365168627
0.0913093334787661,-0.0570412894965296,5.85973956696346,14.8092078517405,5.76683682451205,7.40368585026185,8.68922828975493,-0.0773994627932527,0.902449548026845,1.00057642691755
0.090246121200544,-0.056509875199371,5.81113009603524,14.6469684348868,5.74544560148236,7.37086811522728,8.42183694069056,-0.079197551560695,0.897744613824647,0.974675019276303
0.0263897514273308,-0.0143894731512268,6.36686366411577,14.3808895826694,5.55424976892795,7.08465510260634,8.17011840573674,-0.0894167183154433,0.84667022402089,0.953367484814982
0.220175997399078,-0.141627808853725,5.70995546000233,14.384408113468,5.82845784731713,7.45764872830283,7.8826860005045,-0.0744655352313056,0.925156985496029,0.924665980260383
0.0808112597431343,-0.050585778050955,5.65310947603958,14.0490518126706,5.62881557281834,7.20359121693383,7.6110044561378,-0.0817208509791482,0.882121099974979,0.900422659896265
0.0750784860251505,-0.0467511375224678,5.61520623126671,13.848110541326,5.58244187304703,7.13472183147389,7.35966309128884,-0.0801606166382058,0.873715490025001,0.876829087530379
0.0693012931525103,-0.042825210324355,5.56668387660503,13.6218908494965,5.52723231747185,7.06289216181495,7.11213016674836,-0.0781154310294255,0.865505927944212,0.852661270393029
0.0627595439480604,-0.0383263988168109,5.51804682928402,13.3898252583209,5.47036842417068,6.98778799051095,6.87801968008164,-0.0755169445829062,0.855792417591797,0.829669801019942
0.0557886848796837,-0.0334804729919707,5.47347093568763,13.1588317359667,5.41481710730024,6.90969188298686,6.66088802012469,-0.0724346543627523,0.844437427231979,0.808310009128512
0.0480686120505336,-0.0280980758008255,5.43359546196362,12.9348494343947,5.36306126988069,6.82888080144917,6.4634566175144,-0.0689569153275079,0.83169552235639,0.788868614084708
0.0401552344746642,-0.0225620403713123,5.3984719544726,12.7227652201426,5.31716400075838,6.74621199385043,6.28774542697933,-0.065197026262594,0.818136222395428,0.771483409779891
0.0323632776489301,-0.0171013257310581,5.36789307013792,12.525879822662,5.27867231867522,6.66351374575443,6.1350017522916,-0.0613003581086915,0.804548623986456,0.75613233468553
0.0245992822679988,-0.0116944894534764,5.43395412284408,12.6306908820934,5.39780728694502,6.83795681145435,6.05669147871679,-0.0481702938351307,0.789023175299362,0.768031414793268
0.0139970621475724,-0.00440670899614307,5.23615586175776,11.9167357070763,5.08927119631383,6.27656138483016,5.85350848004381,-0.0640644912436189,0.782963647795889,0.706465432528244
0.0108024848380034,-0.00208536867143378,5.2952512855967,12.0389728200212,5.21753970829231,6.4463978948266,5.81859361071022,-0.0523762758104987,0.771205890915875,0.719972503174282
0.00439894012970635,0.00230058084144621,5.27650924310881,11.9192845531289,5.21935790928714,6.39202882597344,5.76337357512397,-0.0496964694622524,0.763919938110782,0.712270315583005
-0.00173209537033923,0.00645816485372131,5.25857017533776,11.8184709677607,5.23313342082692,6.35110489327082,5.73224287512702,-0.0475592178915271,0.758556825183725,0.706618264626797
-0.00772932407596614,0.0104885500322992,5.24214299261582,11.7390732954088,5.26050782612981,6.32259708433986,5.72667698629056,-0.0459291422796096,0.754288244123758,0.703375371440347
-0.0137815838283211,0.0145275582933639,5.22722347742481,11.6792327031499,5.30185589671528,6.30555147841571,5.74633690162767,-0.0447578519163043,0.750268414129128,0.70246428082825
-0.0201343593035148,0.0187451241001507,5.21379432847866,11.6351656828936,5.35671085651032,6.29836921237893,5.78987354886232,-0.0440099212499734,0.74561055246563,0.70348693956195
-0.027075391802034,0.0233332703172528,5.20194235202499,11.6024197162556,5.42399309324852,6.29919633249142,5.85486078416164,-0.0436519507255204,0.739586425756642,0.705816847395569
-0.0348503068118103,0.0284508986859763,5.19197991926444,11.5779835638306,5.50262792427093,6.30641714510832,5.93801767461958,-0.0436701906719561,0.731856878728932,0.708816165454751
-0.0436487309389579,0.0342159066527066,5.18469031291313,11.562281156332,5.59229275254921,6.31913034957572,6.03570954683565,-0.0440480045475274,0.722647491161232,0.712073524776498
-0.0533271193462573,0.0405273063346226,5.18092382398504,11.5599462785508,5.693912284454,6.33739987442144,6.14462755944219,-0.0447688252889773,0.712764972926639,0.71554664111734
-0.0636446899818256,0.047220206501463,5.18134313929777,11.5788363704579,5.80963217599839,6.36222634156303,6.26241311949861,-0.0458287243818122,0.703422719681027,0.719549549931429
-0.0754390284375229,0.0548427023648255,5.20332128509666,11.6277044680288,5.94228367484188,6.3953325262959,6.38794268640729,-0.04724498595926,0.695950603525058,0.724609620942115
-0.0878029018908913,0.0627950192532232,5.23695783716175,11.713629490105,6.09461222946216,6.43881530823103,6.5211516599252,-0.0490535528131742,0.691505955311808,0.731278488978976
-0.0999419898562081,0.0705588114632444,5.27914157334647,11.840146568652,6.26855918831644,6.49454862315471,6.6625294519803,-0.0512967965925473,0.690846351930973,0.739970304906848
-0.110089197415574,0.0769869132562545,5.32517598843901,12.0063251079388,6.46470151715897,6.56321462090585,6.81252391393429,-0.0540376457856877,0.694154469522663,0.75084796337882
-0.117870085707671,0.0818393202915438,5.37458594303101,12.2066125697257,6.68184164713659,6.64320621857561,6.97102183964012,-0.0573686538473443,0.700920792632441,0.763751462358436
-0.123369297382597,0.0851765746770768,5.42752659497115,12.4313333584459,6.91680549425501,6.73007160078959,7.13698572817596,-0.0614220821211236,0.709954748115191,0.778178576334089
-0.126300260735579,0.0868249150267048,5.48692652380174,12.6678575459716,7.16457342192253,6.81704879230393,7.308306739712,-0.0663699166105,0.719583176977856,0.793340320631281
-0.126991937965703,0.0870121155809409,5.55393591398721,12.902299244582,7.4187798152506,6.89653296722272,7.48190309247428,-0.0723948082816518,0.727987453766224,0.808289363354269
-0.127469411535266,0.0870646422951224,5.62568757713134,13.1213525796481,7.67245827784366,6.96175937667594,7.65400774842515,-0.07965248426507,0.733549911713984,0.822082013410918
-0.12743208693766,0.0868165619233718,5.71546952916776,13.3138333905252,7.91884576931551,7.00809993095559,7.82053666089363,-0.0882358033766885,0.735111365420098,0.833922278832697
-0.126733247351309,0.0861884195282721,5.82334888982988,13.471674268378,8.15210515795266,7.03385191888549,7.97747526401777,-0.0981003902603051,0.732122758072882,0.843254816623271
-0.126253752245048,0.0857553842793195,5.94292093526995,13.5903386425232,8.36789440647715,7.04065093998901,8.12129326417936,-0.109153588798681,0.724707924308024,0.849802947296327
-0.126352196579853,0.0857504269230161,6.07219402753222,13.6687723231668,8.56375513387648,7.03353200989736,8.24939116314751,-0.121195046448131,0.713635721844867,0.853570768127493
-0.1271920460454,0.0862729570890953,6.20854072281636,13.7090661814242,8.73930901218329,7.02051016136096,8.36050192220834,-0.133877636805516,0.70019032616211,0.854833061853856
-0.128933621054077,0.0874158077743275,6.34811706969067,13.7159286190177,8.89622611114152,7.01158179516707,8.4549035944882,-0.146749389167424,0.685951172793561,0.854118337850747
-0.131737683224737,0.0892720912333083,6.48628219206727,13.695928639365,9.03788658626982,7.01715834404351,8.53431139346466,-0.159286344500456,0.672512615817406,0.852162076390942
-0.135883499005867,0.0920151157330871,6.61731941455512,13.6564513466984,9.16868569852072,7.04606984400691,8.60141201576393,-0.170935096320346,0.661178024134687,0.849800455057159
-0.141260106394749,0.0955738037891617,6.73868454626853,13.6044779815509,9.2930862654868,7.10358296115483,8.65913794336903,-0.181192346712503,0.652694413055657,0.847808194185222
-0.148111912164315,0.100111004558707,6.84567423012106,13.5454997674697,9.41469898309922,7.19020068530888,8.70990483999323,-0.18966686391668,0.647132860703551,0.846733470287952
-0.157024193248035,0.106015828891519,6.93749963612673,13.4828785252413,9.53568352094703,7.30180398451779,8.75507159220206,-0.196091694497586,0.64398039593826,0.846798855496492
-0.169704100713048,0.114408481459242,7.02150217384233,13.4177662592244,9.65658570793098,7.4309748094263,8.79477924200083,-0.200317321080426,0.642395192541141,0.847903795370869
-0.18359344881048,0.12363626895618,7.09841558784192,13.3494997906507,9.77654424620441,7.56880640254965,8.82816413134991,-0.202281701830964,0.641499699377088,0.849715342801071
-0.196574705848978,0.132320407455714,7.16389180429195,13.2763132073128,9.89374242805274,7.7065473567903,8.85383715604739,-0.201984041770606,0.640600955496849,0.851804747239933
-0.207267089675281,0.139554932847719,7.21849523738616,13.1962009358729,10.0059961099778,7.83677373348933,8.87048770974891,-0.199480405900245,0.639289678834788,0.853782695417331
-0.217989867923143,0.146829841238388,7.27026420949591,13.1077716447241,10.1113841650317,7.95404976535531,8.87746978313634,-0.19489076595545,0.637422506431318,0.855396667485097
-0.228602005132032,0.154036884447823,7.3253508841216,13.0109353340816,10.208812478722,8.05511139885125,8.87523275030064,-0.188418894914222,0.63501617003079,0.856571147970076
-0.238956227471624,0.161061854524138,7.38786345101318,12.9072465685865,10.2983687668754,8.13863634278245,8.86547247330421,-0.18036038305853,0.632095413172383,0.857388880492586
-0.248775448954891,0.16770849740649,7.46196814045689,12.7997870548491,10.3813596405396,8.20477629584718,8.85095054919442,-0.171113984980152,0.628556442271093,0.85802969958753
-0.257692732020293,0.17372387643236,7.54895530819237,12.6926976852299,10.4600840150819,8.25473618267175,8.83508861568877,-0.161148160005208,0.624119267986141,0.858703045368119
-0.241327642891581,0.162676361138253,7.38783290740543,12.3168990253531,10.3002562051969,7.83251099934364,8.70139188755263,-0.163933099163154,0.61075124612702,0.828844374817607
-0.288036389668652,0.194287930244335,8.08047980002587,12.7683661346014,10.8480459874573,8.72826279124325,8.93360551689004,-0.125469241544461,0.619593160301365,0.892652861479224
-0.27820982714538,0.187340754278675,7.85970050271804,12.4378373569725,10.7164341254826,8.37219992774755,8.8213957657444,-0.126920858256552,0.604515608971738,0.867775291549534
-0.278863765596699,0.187709633416893,7.98646930797134,12.3619567190903,10.7950562133031,8.34597461503964,8.82765396132829,-0.119705100493173,0.593285363379253,0.868459662241327
-0.278807334058882,0.187550917752669,8.11605562344398,12.3193312794011,10.8978656973564,8.35064687159553,8.85387286281492,-0.112769491162564,0.581220415847325,0.872003261634479
-0.278492268594288,0.187148761217077,8.24507946140508,12.2958780933354,11.011930934871,8.35625558331217,8.89345717508252,-0.107059814217716,0.568301815483685,0.876618697213047
-0.27737443847611,0.186165734300989,8.3764749114432,12.2872849821539,11.1339438061566,8.35901245060696,8.94383420813132,-0.10264733726136,0.554993075969472,0.881987861112033
-0.277658566751156,0.186047287415454,8.50487404240598,12.2888522728442,11.2602411899351,8.35749456471424,9.00176689579491,-0.0994316918157632,0.541892875656427,0.887878272994373
-0.280765179350486,0.187739310689764,8.62632286424743,12.2956094459227,11.3866638784753,8.35079213358032,9.0636055844379,-0.0972497118301402,0.529660536158916,0.894074372779849
-0.292217957891515,0.194851291148821,8.73701873080807,12.3028873023722,11.5090547651368,8.338507891863,9.12579761434939,-0.0959004351350405,0.518925594081676,0.900391274347891
-0.303589416838835,0.201947589744708,8.82227780518451,12.3065021185428,11.623530894299,8.32067397367644,9.1851589702874,-0.0952107985952499,0.51017540401159,0.906656561214095
-0.315254412469029,0.209318550809592,8.90037765483041,12.3027248395543,11.7266108588976,8.29764344641567,9.23894004298317,-0.0950526098692375,0.50365641092981,0.912674385058016
-0.325966142657423,0.21618646507701,8.9754458833605,12.2884108033517,11.8154657024393,8.27018487801832,9.2848737335727,-0.0953559344553062,0.49932558051233,0.918208490039221
-0.336220771049521,0.222887599858073,9.04517033933523,12.2614633388877,11.8884054188943,8.23979558558629,9.32132928707178,-0.0961047721829531,0.496867761860954,0.923000977567888
-0.345636401670466,0.229179503333169,9.11053832083565,12.2214444434998,11.9454184640861,8.20895875227523,9.3475124416501,-0.097305125612427,0.495764984457419,0.926810086546074
-0.353785634270337,0.234775443878531,9.17109832115954,12.1699859402607,11.9884630765767,8.18102518118,9.36357085791713,-0.0989585597311041,0.495392431176015,0.929440117912094
-0.360179512652782,0.239338102074337,9.22905721322124,12.1107827549337,12.0213459915131,8.1596668567723,9.37054901303752,-0.101059173945751,0.495127985335679,0.930754152318906
-0.364488510319003,0.242622057002677,9.28525234133712,12.0491576017482,12.0492189307001,8.1481276077697,9.37023996449036,-0.103578187426782,0.494470504925638,0.930678838999919
-0.366628606654537,0.244533581694684,9.33908200298183,11.9912920563989,12.0778058541938,8.14854734244932,9.36497973932379,-0.106471802142158,0.493151371579539,0.929211503909549
-0.366749030658229,0.245128576143387,9.38987461889705,11.9432563484569,12.1124891267104,8.16155301896604,9.35738570426788,-0.109698966809004,0.491212854916065,0.926431247336016
-0.365034772333284,0.244489970360329,9.43789706567789,11.9100355676379,12.1574345183377,8.1862248549649,9.35005695080624,-0.113230279026219,0.489029357093501,0.922512649034105
-0.361605475166421,0.242666443893914,9.4851230754033,11.8947880659607,12.2149683178048,8.22042640900021,9.34529540458114,-0.117046054699703,0.487256051565571,0.917739852164575
-0.367087311860056,0.244505247725533,7.63917736701304,12.0831311343153,12.390617169712,8.91548409258139,9.318601231326,-0.131863922825086,0.540705883849636,0.901949999356797
-0.338012516308837,0.22959171220575,11.4461532467135,11.7830087108044,12.235483263258,7.31147583730383,9.34441028623016,-0.129519461346456,0.422082558364271,0.89620784167054
-0.379679096146157,0.255240445053023,9.82825814130716,11.9587484429321,12.4979036262231,8.78093495181457,9.41155433729304,-0.11666663467144,0.504294767560414,0.9137802809042
-0.350700614570326,0.236306315207817,9.79906931325618,11.9827423696192,12.4960497572505,8.26428264387347,9.35488239475765,-0.141389764988295,0.49355787128681,0.886002173175697
-0.354534223614921,0.238639516230361,9.82122690740495,12.0602913862387,12.6322540481352,8.49082070072567,9.4037416325861,-0.138509436436983,0.509097987829497,0.892163235546221
-0.355442517009593,0.239091111064383,9.92804802297647,12.1186468461934,12.7143632404496,8.45739293612563,9.42283479715136,-0.144781071091017,0.517679144122797,0.88936562058042
-0.359857886758549,0.241757562798618,10.043468651758,12.1761442181555,12.8025356855202,8.50953164289092,9.45356886070417,-0.147259476488927,0.529812393192082,0.891813508399729
-0.364465288308084,0.244514186754836,10.1645072467632,12.2244998169783,12.8728624753179,8.5233770686263,9.47932567622523,-0.150582524504148,0.540593442910021,0.89413323157579
-0.36964805024171,0.247620544042076,10.2795747410642,12.2603426587302,12.9287309992392,8.54203222282514,9.5021122600793,-0.153349814994199,0.550451020606733,0.897372974754319
-0.374468873698711,0.250497130635392,10.3908840204989,12.2797930980304,12.9650997827618,8.55107984029099,9.51787754055032,-0.15644337420495,0.558247071847273,0.900110635162458
-0.378706919896484,0.25302520989897,10.4965777616299,12.2811839669389,12.9818492963296,8.55753185118557,9.5257985324672,-0.160103659733409,0.563784459821747,0.901718977014372
-0.38222454535484,0.255141094460863,10.5971899734125,12.2652091916828,12.9799318904736,8.56242875042347,9.52580804242773,-0.164931315465054,0.566963614478983,0.901413535460408
-0.385063959512579,0.256892291702668,10.6923799937241,12.2355640017883,12.9633799513928,8.57073760996918,9.52007903945173,-0.171478616218123,0.56807107767508,0.898766486015786
-0.387217308751579,0.258288090852474,10.7840654385865,12.1988022686346,12.938756261904,8.58784477256307,9.51276736237411,-0.180301648633423,0.56764127542889,0.893666176339757
-0.388884048208102,0.259461891684407,10.8736798413981,12.1637749659003,12.9149876658823,8.62049122229412,9.50996084815776,-0.19180983180763,0.566465762962209,0.88642551806969
-0.389881040769679,0.260291891089611,10.9658042675294,12.1405113857371,12.9025143121728,8.6760563655592,9.51910322063289,-0.206153698603018,0.565570657451494,0.87778694304341
-0.391005754373803,0.261276088363934,11.0568961522788,12.1387926181233,12.9122139190461,8.76218911491199,9.54816004161825,-0.223080941141935,0.566190055525132,0.868911492019005
-0.387534032918722,0.259340847176158,11.1572751682031,12.1666237835369,12.9540240577187,8.88556184105779,9.60443221822466,-0.241813625690494,0.56963265737467,0.861311877760368
-0.384923899225134,0.257988052920389,11.2570185933916,12.2288050471252,13.0353837998302,9.04978921615333,9.69308584797523,-0.260966774521448,0.577006379743682,0.856724810121418
-0.392079008766529,0.262944560933484,11.3381203748095,12.3257465605027,13.1596114256905,9.25274654083528,9.81554359628647,-0.278549958589467,0.588836905280973,0.856903684087619
-0.399655310644568,0.268154143725331,11.4263886032385,12.4527227819202,13.3244903557288,9.48415800491428,9.96807932893764,-0.292106014963642,0.604693136304967,0.863331855704749
-0.407419005212445,0.273447325938417,11.525286104381,12.599853012133,13.5214773410463,9.72453368949817,10.1411127052205,-0.299022753014613,0.622965914023007,0.876885507048165
-0.41472171921416,0.278390441674928,11.6375380651338,12.7531364487988,13.7360345756573,9.94638717615273,10.3197323802466,-0.297016513724974,0.640925988574142,0.8975223746395
-0.420338872439332,0.282182028608498,11.7657395650719,12.8966754438763,13.9494265964814,10.1180174632387,10.4857269117616,-0.284696308175961,0.655109588985736,0.924111521583549
-0.430806499377356,0.289047716011375,11.9050469966734,13.0156815956202,14.1417875703547,10.2092322576544,10.6208293883186,-0.262034622251785,0.66197707624827,0.954506849884553
-0.437595564879527,0.293468893436116,12.0621319070242,13.099286247046,14.2955918961228,10.1975633538933,10.7102474798169,-0.230560160541013,0.658691888119524,0.985881722743279
-0.442036789520264,0.296297818771033,12.2160041722995,13.1421415685989,14.3983997530098,10.0731548457641,10.7453269483694,-0.193178214764914,0.643798707933636,1.01522641230258
-0.444738980942986,0.297948893314334,12.3777580865749,13.1444269221837,14.4441606941661,9.84088539788718,10.7245998753656,-0.153675159951418,0.6175875025662,1.03984620005403
-0.445692575237028,0.298430367170897,12.5457046739322,13.1106388895529,14.4330898606685,9.51932212935396,10.6532026502725,-0.116055638891722,0.582042555925971,1.05773063963732
-0.445394072507281,0.298079923682049,12.7153582435354,13.0478823673915,14.3706178834047,9.13719821236038,10.5411993956424,-0.0838691687204934,0.540436723086676,1.06775169554628
-0.443652693418959,0.296794454582884,12.8840264354963,12.9642375761703,14.2659301260254,8.72862935164308,10.4014529636718,-0.059670961997785,0.496731984551844,1.0697073585946
-0.440936164787861,0.294898540980379,13.0480709174908,12.8674877875244,14.1303884094632,8.32817637817166,10.2475088143662,-0.0447212089227501,0.454944294938784,1.06423240680272
-0.440262396042358,0.294353899425127,13.1849693442805,12.7643432821833,13.9760224572155,7.9665346161868,10.0918091059154,-0.0389791786287011,0.418577712336897,1.05259787322504
-0.439756715901536,0.293965628831751,13.2925347673972,12.6602346815581,13.8143154267474,7.6673727254498,9.9444951968817,-0.0413402162212271,0.39019474237768,1.03644859597269
-0.439521326448787,0.2938118461883,13.366937270971,12.5595522049838,13.6554078736703,7.44559778822386,9.81289674825796,-0.0500518868119857,0.371149450546891,1.01753522259002
-0.439450779980696,0.293831448279173,13.4074907785945,12.4660708464522,13.5077777281868,7.30707292982327,9.70161342275129,-0.0630443479741997,0.361659767834878,0.997570476769429
-0.439456394722976,0.293965755344376,13.4157005516381,12.3830292841103,13.3778060621926,7.24938665337409,9.61282918006349,-0.0783221829961608,0.360815369840698,0.978037367573062
-0.43945963526397,0.294155403268502,13.3950353608933,12.312945882042,13.2696046380735,7.26347640896023,9.54656102313767,-0.0942031087604959,0.366959894072736,0.960063810785949
-0.43942869010207,0.294366283792306,13.350143632129,12.2574387261266,13.1849655771781,7.33556060146556,9.50122576310958,-0.109311070140083,0.378081557260434,0.944475439639436
-0.43941346955172,0.294613181179791,13.2865321100116,12.2170150632677,13.1234862814084,7.44927875344685,9.47400624115011,-0.12270407342755,0.39209262690154,0.931714900765791
-0.439538804124061,0.294957846128562,13.2104830631056,12.1911636861436,13.0830687344046,7.58786479670205,9.46142284360286,-0.133842247846947,0.407118133669977,0.921895546488771
-0.440039793050695,0.295533939672577,13.1289584099448,12.1785796861089,13.0605549625833,7.73610961486211,9.45986753061678,-0.142542453591504,0.421684720420741,0.91486546755922
-0.441207997093667,0.296513785463854,13.0492172298106,12.1774022152793,13.0523124819511,7.88178425709447,9.46597737526859,-0.148930525138378,0.434811565854345,0.910264774899341
-0.443366978933135,0.298094127732245,12.9782096594332,12.1854136334542,13.0546313285407,8.01631316989141,9.47690575291062,-0.153291492486096,0.446007217113583,0.907655442125243
-0.446804429484672,0.300452723232166,12.9217775979407,12.2001138332365,13.0639547528381,8.13469778682016,9.49021667138214,-0.15610005693637,0.455186580092783,0.906484686199354
-0.451756375223636,0.30373912913679,12.8840961324214,12.218856801778,13.0769814880648,8.23487562026544,9.50392713672451,-0.157862273768192,0.462549569921757,0.906206736014845
-0.458326066118484,0.308022604712406,12.8674078418511,12.2389994176572,13.0907544962774,8.31681509462949,9.51646061685454,-0.159061075082409,0.468450888371785,0.90631977510814
-0.466334612866366,0.313195220988462,12.8720697521044,12.2581237586816,13.1027441454646,8.38156209501686,9.52662961313275,-0.160125184406723,0.473296683670086,0.906397322194366
-0.475373148965036,0.319005345679821,12.896811029595,12.2742278503172,13.1109535658146,8.43054354275407,9.533742486222,-0.161354125660507,0.477467179452742,0.906150593410732
-0.48517710038992,0.325298217477355,12.9385773561395,12.2858393245081,13.1139320206012,8.46507809656162,9.53757268995912,-0.162926109449647,0.481284803863108,0.905425182285291
-0.495495735036328,0.331929644209255,12.9927985414048,12.2919786897414,13.1107066036672,8.48623674304067,9.53829576043202,-0.164884920207734,0.485005071973138,0.904203450302007
-0.505853884274104,0.338609427162936,13.0534261008064,12.2920359449674,13.1006677209748,8.49494962163185,9.53635414990394,-0.167149081618897,0.488819276035287,0.902585664878283
-0.515640236714343,0.344956030251043,13.1125278838677,12.2856892880587,13.083528661316,8.49227472053041,9.53234197442015,-0.169532231663774,0.492851460584439,0.900768587710502
-0.524199187325948,0.350553953362323,13.1600717582128,12.2729790483287,13.0594437117074,8.47977418956115,9.52695634949134,-0.171763250235391,0.497128357493895,0.899036736511261
-0.530886378627753,0.354987307166811,13.184145469354,12.254532497418,13.0294744200762,8.46006095038574,9.52134068648171,-0.173557785590315,0.501677531965333,0.897734779314118
-0.535122801953467,0.357875095172781,13.1718075416127,12.2319001489767,12.9957813281739,8.4371809234865,9.51689225635333,-0.174577150689409,0.506342600354431,0.897312497677033
-0.536467942663258,0.358917283040169,13.1104669045558,12.2077472169362,12.9621883660935,8.41699372318731,9.51586406259092,-0.174546843285624,0.511018378782543,0.898264280640601
-0.534695764643398,0.357946016370094,12.9897446721236,12.1857921578202,12.9340050631477,8.4069009792812,9.5211341064947,-0.173260826566249,0.5155852730156,0.901112830624334
-0.529856702615545,0.354968608216202,12.8034574222944,12.1703228019318,12.9174711589067,8.41507100012315,9.53591664615186,-0.170629447203101,0.519958668085181,0.906331740700558
-0.522314610118359,0.350195837555385,12.5513639954424,12.1653965139378,12.9187379232151,8.44920529340992,9.56317748953328,-0.166712918221834,0.524112053923272,0.914251381341842
-0.513090992702162,0.344270152180646,12.2405771082626,12.1740153079631,12.9427264389352,8.51511418390164,9.60499903670531,-0.161720878472533,0.528092551456145,0.924969749808127
-0.50360857223465,0.338103621820223,11.8855932684188,12.1976110508511,12.9922447021803,8.61543039318954,9.66214397002824,-0.156020872659857,0.532026975081599,0.938297417801107
-0.494532033516662,0.33212788075416,11.5060674233696,12.2360286075312,13.0676233872214,8.74880103770748,9.73398448619991,-0.150117263242715,0.536119900149258,0.953757626868987
-0.47998518845927,0.322544318858396,11.1219717318526,12.2879538382412,13.1668978930793,8.90978519875556,9.81879559625607,-0.144567122633403,0.540642379650578,0.970645815381154
-0.486037848259511,0.326241395024794,10.7372253317532,12.3515375684691,13.2863462321624,9.08944570148504,9.91424134617067,-0.139930511287783,0.545899414990054,0.988131253364108
-0.488794593276111,0.327817979553524,10.4322844317615,12.4249177523122,13.4211117991513,9.27643334216024,10.0178178964902,-0.136696437852449,0.55216472792407,1.00537020440518
-0.489149891233454,0.327853219138807,10.2017389839099,12.5064281852438,13.5657198309897,9.45839299842003,10.1270923370386,-0.13521243591426,0.559597481389298,1.02160567591684
-0.488362022142944,0.327186969955868,10.0636452590349,12.594431053546,13.714435138348,9.62361739840112,10.2397097782104,-0.135626543387789,0.568180971055573,1.03624376420534
-0.487489515959008,0.326509522544008,10.0149066242099,12.686868853556,13.8614976153978,9.76276355243345,10.3532336839535,-0.137848351678991,0.57771237515274,1.04890248303333
-0.488092289781631,0.326820145900634,10.0364000057294,12.7807490427065,14.0012844079363,9.87018231673122,10.4649102153961,-0.14153448475998,0.587832338447117,1.05942385885996
-0.495594971316379,0.331649788036559,10.1347780983872,12.8718109132227,14.1284330360072,9.9443317013212,10.5714487377301,-0.14610800928391,0.598056208213478,1.06784049201576
-0.50412648151592,0.337128403611997,10.2366714009469,12.9545604354955,14.2379601056091,9.987075628057,10.668919941742,-0.150817216756772,0.607787391371547,1.074303190997
-0.518094687804481,0.347526076544387,10.2045925063189,12.6008077817148,13.9356475229106,10.092428273053,10.5485604877419,-0.165795945870023,0.631128325605417,1.05278984962842
-0.519327199910514,0.345295068794641,10.4901770269559,13.4086000483814,14.7063694817795,9.94433443278755,10.9898627987665,-0.148236950048661,0.616447255310856,1.10205368698888
-0.533643613227831,0.356173460965428,10.7099585482162,13.0982924747014,14.4275272303082,9.95806512068201,10.863473966128,-0.158802879226955,0.631294000509427,1.08082087890543
-0.544463027953334,0.36331702035435,10.898388778672,13.0709852326974,14.4150972529582,9.91893309168282,10.874525632993,-0.156602613502132,0.633989322853086,1.07932578782541
-0.554406400633869,0.369845882157129,11.0696955400918,13.032065486625,14.3883237263211,9.85129798165456,10.8646029771514,-0.151438203068318,0.632120048923734,1.07700186346332
-0.563291751409575,0.375694604013922,11.2192074422471,12.9646387109521,14.3335124202526,9.76341497909109,10.8270363078469,-0.143370556257482,0.626639334898288,1.07301931713496
-0.570786335722418,0.380644230245932,11.3410748347385,12.8684237193832,14.2497210137162,9.65569476649032,10.7617656362619,-0.132731859220787,0.617977735229394,1.0671848411229
-0.576624134919275,0.384516886054615,11.4324322185559,12.7465449335192,14.1382708949864,9.52800719025682,10.6707087866057,-0.120078713229389,0.606751568213873,1.05939887447266
-0.580613963853161,0.387183701100831,11.4931791935661,12.6037246773848,14.0015742970527,9.38100279370486,10.5570994167073,-0.106170225160451,0.593815718041419,1.04962979669526
-0.58265396077089,0.388573866769454,11.5249650111108,12.4457497004296,13.8429907339257,9.21643631904006,10.4251739145415,-0.0918420707589024,0.580195024933563,1.03794620397085
-0.582737592693321,0.388678383016239,11.5306523590376,12.2789942972649,13.6666709639933,9.03729537328195,10.2798061246172,-0.0779458029476455,0.56699797787574,1.02453385928133
-0.580908098942296,0.387519896312601,11.5134674717138,12.1098386732177,13.4772282658707,8.8479222428895,10.1260598918303,-0.0652793099359076,0.555338832700677,1.0096774934048
-0.57728765268643,0.385171160800783,11.476295535695,11.9440882710402,13.2793141955325,8.65399774498122,9.96872965731387,-0.0545272502943249,0.546255854037442,0.993716210607009
-0.572086770999883,0.381761128349111,11.4210920089507,11.7865453411056,13.0772237054027,8.46210468721616,9.81195162698231,-0.0462539385686213,0.540599297341014,0.976993646188765
-0.565578897181356,0.37745951512291,11.3489312613398,11.6407750936545,12.8745822876807,8.27878100368325,9.65892604171973,-0.0408611252011908,0.53889141660216,0.959818095568789
-0.558130027592989,0.372497925940979,11.2606406899493,11.5089789816649,12.6740795377131,8.10932007934847,9.51173897662989,-0.0385823952488722,0.541203978235469,0.942434636509857
-0.550067061524637,0.367085222997969,11.1560577163139,11.3918657885964,12.4772040943862,7.95675055680955,9.37125947122867,-0.0394755234647347,0.547111890745308,0.925004218572604
-0.541933097997797,0.361572192409828,11.0319878870355,11.2885292584439,12.2840409895962,7.82140156333809,9.23714165395529,-0.0434174367014761,0.555764153569603,0.907591704528497
-0.534222925086921,0.356293820357432,10.8948968778472,11.1964999875818,12.0933197260501,7.70128572152149,9.10801907799097,-0.0500628644954531,0.566078339387241,0.890177822484493
-0.526887091764738,0.351233206650984,10.746256619632,11.1121592398662,11.9028600879624,7.59311309741499,8.98192881236404,-0.0588724501545218,0.577002205273448,0.872706503337717
-0.509683920189385,0.339393416493879,10.4416037147008,10.8292342618669,11.4807051117523,6.96841518233467,8.75935056909259,-0.0864691876374909,0.577499382051485,0.822924658898325
-0.532324306549049,0.354927037817214,10.7460293568723,11.3462742180338,11.951065265466,8.39370244865983,8.90870845856672,-0.0428067330004547,0.617849251352044,0.902264989366975
-0.485511862199426,0.322730208551666,9.9170134186778,10.4551100261096,10.8635524095005,6.33525496224499,8.42195974637222,-0.122858834714841,0.588221645754417,0.758305130630411
-0.525147021817262,0.349974264474763,10.4564301993306,11.2326376014693,11.5857809686769,8.20638366746685,8.6659731179792,-0.059993289468193,0.635351814234852,0.872232572002128
-0.470560088868212,0.312520588542018,9.49401645316973,10.2199981996969,10.3991488335469,6.09244651850405,8.15124208128432,-0.142351377334379,0.602550340483916,0.718721826494547
-0.51800724886135,0.345287836714661,10.135629908958,11.1349800744956,11.2341290557248,8.04869235675272,8.43116967389,-0.0674698255118194,0.649688675979497,0.848642057799883
-0.458719138227396,0.304561244390084,9.06043891654127,9.99106251298141,9.94034752042594,5.83030236300583,7.89310926046365,-0.151901245247589,0.61479203960907,0.683992067377167
-0.497856828936745,0.331675529303207,9.53233029977996,10.752333674563,10.5900795566874,7.32428676904133,8.0964557958428,-0.0854413940250405,0.652703056932723,0.790695137213287
-0.481275230839667,0.320393345697325,9.12579123088266,10.4265489949621,10.1342173531371,6.64982689681216,7.89695216169218,-0.102318560877403,0.648065772155462,0.743517062011899
-0.476975271740569,0.317665637247347,8.94250469078671,10.3909760448348,9.97204811937495,6.55360835775007,7.80986697897608,-0.0951429485606575,0.656183167294863,0.738194514950838
-0.473161332898767,0.315280356249743,8.77367324514658,10.3770221797204,9.82737980173895,6.45202936018909,7.73859095853764,-0.0860332859829464,0.664715536305267,0.735401160677456
-0.470230410555842,0.313475146082675,8.6106295839757,10.3863085218594,9.70328532502658,6.3668450239955,7.68346725439261,-0.0747333681513594,0.674546791801083,0.735670223282938
-0.468631302398618,0.312531686459948,8.45305672296015,10.4201087053189,9.6011910702759,6.30440834547781,7.64443735133213,-0.0614164596544733,0.68573053498609,0.738969585083959
-0.467618611528575,0.311958082752161,8.30171685039834,10.4782952299285,9.52135114873528,6.27154595843401,7.62013556095473,-0.0462200441135268,0.698217760092448,0.745131642954656
-0.466747500725675,0.31146018592632,8.16088982754571,10.5588616804841,9.4623098483372,6.27410101780377,7.60782143016818,-0.0293008999492461,0.711822157800688,0.753812244183736
-0.467258185499334,0.311823525937464,8.02359826318408,10.6578508573041,9.42077355894351,6.31556632145924,7.60368549211821,-0.0108860355058839,0.726185130871474,0.764498667605209
-0.468902735815268,0.31287368150777,7.88506218658419,10.769659245851,9.39183182103796,6.39574330864886,7.60345860817709,0.00868290407047861,0.740774973281561,0.776544338784636
-0.47136650344383,0.314398131325673,7.74203725969414,10.887631032499,9.36946809331295,6.50996544835004,7.60311296661531,0.0289261492045757,0.754954748189774,0.789220271437999
-0.459303367283949,0.30643890540397,7.57838721014666,11.0047467031831,9.34720180838643,6.64917914834479,7.59938342483611,0.0492537298708164,0.768096582231733,0.801765990917242
-0.460322781762259,0.306915427192529,7.42048893373235,11.1143072427162,9.3187691895873,6.80088471486989,7.58998429008267,0.0690175783913284,0.779686832690057,0.813437583982763
-0.462083816273878,0.307833674892643,7.25554299982527,11.2106626608698,9.27885222344752,6.95086987588948,7.57360350969864,0.0875944406997656,0.789401126169115,0.823570269620375
-0.463599918918938,0.308576162585954,7.08541213156099,11.2899711359641,9.22380163655846,7.0855986109999,7.54981180142325,0.104475256494798,0.797170172496403,0.831665701906052
-0.468215461753413,0.311345248684997,6.92159754961556,11.350742704925,9.15212292637647,7.19477407844807,7.51892283465032,0.119352016420544,0.803237008181918,0.837481268711944
-0.47247152876485,0.313918253581149,6.76053720098185,11.3938550448209,9.06446924803823,7.27319697133181,7.48176624881803,0.132166765717179,0.80815236444462,0.841076547687984
-0.476178450857767,0.316194416375836,6.60633530704024,11.4219558787629,8.96308776286934,7.32110134101276,7.43937539257052,0.143089979190549,0.812653011577786,0.84278196959762
-0.479306434145202,0.318168912382721,6.46339091929422,11.4384570853677,8.85090913492014,7.34284794827595,7.39265549906891,0.15242733375759,0.817447741282292,0.843086235599584
-0.481663793475118,0.3197208920031,6.33497041987873,11.4464852252551,8.73060843661196,7.34471874398892,7.34212269049694,0.160486512475768,0.823023380151743,0.84247771830744
-0.483369650936291,0.320921307565118,6.22428745009867,11.4481540544711,8.60397361915638,7.33290670516646,7.28780456112124,0.167466671611017,0.829583675908151,0.841302865331151
-0.482130138503663,0.320308497017245,6.16412377583588,11.4443538548825,8.471776242058,7.31245747571182,7.22935482520053,0.173414257976441,0.837143523533816,0.839698086723447
-0.479666494641681,0.31893669989758,6.12392473648542,11.4349838837951,8.3341021232058,7.28727201278934,7.1663437051532,0.178256329949715,0.845701812193906,0.837612964474561
-0.476883193897825,0.317352804403296,6.09123711376464,11.4193888183578,8.19092187270038,7.26074204002148,7.09860879278227,0.181881791137925,0.855375771550792,0.834902826415891
-0.473557710071394,0.315390285149892,6.06461994559096,11.3968156329867,8.04266670474948,7.23638100577099,7.02655761864209,0.184233616658699,0.866409283561646,0.831450752866156
-0.469077435221275,0.312635053697084,6.04252393907551,11.3668823376365,7.89067811481668,7.21802117733538,6.95136512786346,0.185374292230011,0.879050390425375,0.827281578615638
-0.46314415173882,0.308881202587623,6.02184370058165,11.3301170750127,7.7374816303184,7.20956382118961,6.87502835408603,0.185502383378728,0.893377247079571,0.822638297151957
-0.455824441414878,0.304164642709207,5.99896606492868,11.2884619740765,7.58680907199392,7.21444757403958,6.80023960782326,0.18491897751652,0.909164496557039,0.817993405556109
-0.446827136492917,0.298296992256583,5.97262179851832,11.2454168213656,7.443249115798,7.23489592601595,6.73009024530362,0.183958916805411,0.925826983562201,0.81397463773515
-0.436091498858322,0.291240700889547,5.94111138022332,11.2055744821507,7.31151467940304,7.27102449233222,6.66771577572374,0.182910869977791,0.94243648264264,0.811217044309813
-0.424081763927024,0.283303451821924,5.9068534552115,11.1737249951485,7.19556692469754,7.32015077232666,6.6160282155332,0.181891067844898,0.957813987874479,0.810203158450694
-0.411094755223816,0.274681759929177,5.87120014358616,11.1540427690972,7.09797609482483,7.37681025341369,6.57757794676164,0.180918442721055,0.970708816594671,0.811174068832696
-0.397430271323629,0.265573158374133,5.835962694044,11.1497329059743,7.01974694568138,7.43376303709306,6.55444836050864,0.17994783691823,0.980048328702924,0.814153340883398
-0.383417565849176,0.256194822024895,5.80373266609919,11.1630828279699,6.96053817966781,7.48378877810332,6.54808554813147,0.178989217984217,0.985200589537231,0.819053641723841
-0.369228468371654,0.246660939926258,5.7749115501667,11.1956270471252,6.91905208011878,7.52169150589582,6.55910346658239,0.1781915520757,0.986180060094725,0.825799712888098
-0.355434927950405,0.237350275758689,5.7507338921582,11.2482116000426,6.89342365649249,7.54589776484944,6.58719972438516,0.177881310726252,0.983746382871525,0.834419898737323
-0.342220597817387,0.228392679056588,5.72931402699611,11.3208748797163,6.88151910738035,7.55917392995293,6.63124624120512,0.178550944748767,0.979363027866121,0.845085840176912
-0.330186628818021,0.220193943677665,5.70751661520172,11.4125273809187,6.88107088207823,7.56810338956128,6.68948446495879,0.180803289972402,0.97498596399274,0.858086074227073
-0.318340470845035,0.212139949854835,5.68802926724731,11.5205543319496,6.88962843576988,7.58121450681338,6.75972153133414,0.185233523870665,0.972684679073906,0.873731277862388
-0.306490380207497,0.204133456431682,5.67034761266866,11.6406439766226,6.90442503930816,7.60621930530766,6.83949361456434,0.192291042441538,0.974178267638135,0.892224273144978
-0.294513870930694,0.196120027438836,5.65403135707058,11.7671024373536,6.92232888717727,7.64739192139534,6.92621275657588,0.202152923557329,0.980439662527375,0.913550731956157
-0.28218249822155,0.187971165953085,5.6392866246977,11.893629346094,6.93998883927728,7.70418220488003,7.01729239624425,0.214658472489967,0.991513736549662,0.937429684961504
-0.268201684082218,0.178863963472841,5.63120071927711,12.014278782096,6.95417303455119,7.7715912213156,7.11022766746295,0.229331182329354,1.00660329104219,0.963329572656553
-0.252760618110549,0.168915630484937,5.62666050946141,12.1242770268173,6.96219995423003,7.84195491460858,7.20263811452745,0.245497771661706,1.02435111272131,0.990531906267396
-0.235546147205737,0.157909598482189,5.62502509197572,12.2204474374072,6.96229881337441,7.90716553925199,7.29231224171632,0.262395994102862,1.04316842270336,1.01821314627905
-0.221386271540127,0.149556091146355,5.6644716826137,12.5901472528334,7.16252216047339,8.34169700079347,7.40616163153747,0.297420270026523,1.06117120454419,1.08158062569717
-0.198699246569784,0.133928661905338,5.57234688341016,12.0715365040851,6.72786546079635,7.61716057008685,7.42496727882041,0.27401189061813,1.07714926241438,1.03296310897224
-0.186050906658719,0.126540709006279,5.61748065494518,12.40555591712,6.90531523889488,7.99712453890544,7.52763497725713,0.306686942106001,1.09059384662599,1.09190387511689
-0.170818927788324,0.116952365553629,5.61149942124948,12.4478295598758,6.88245813224764,8.01200501593407,7.59124252101573,0.321058698828734,1.09978040398394,1.11495032669035
-0.156160257276416,0.107685613833796,5.59975194330814,12.4650152190902,6.84641072180347,7.99092891130887,7.64632292434205,0.332847162733844,1.10444173664659,1.13326322376485
-0.142097106179996,0.0987722397922716,5.58603539769319,12.46574187272,6.80557630370028,7.95186549533538,7.6937454621847,0.342608282775869,1.10436213917465,1.14785627464593
-0.129821322040341,0.0909757780119387,5.56489753717101,12.4506770297375,6.76118691426697,7.89855468653763,7.73412652779715,0.350334655717692,1.09982933713215,1.15864978428803
-0.119069608651872,0.0841278349739288,5.54007911316387,12.4206987593726,6.71400694161833,7.83440567722878,7.76797450582183,0.356071073869788,1.09151234347889,1.1657390296099
-0.111527013151404,0.0793349913585157,5.52733098361869,12.3772332527467,6.66468043864528,7.76289570264555,7.79555252981894,0.359926990679336,1.08034093038081,1.16943003272599
-0.105667551492209,0.0755916657379502,5.51349606006478,12.3220570060947,6.6137427186475,7.68748687554247,7.8168937161089,0.362066707371172,1.0673951367316,1.17019057077958
-0.101445537788185,0.072864734415541,5.49774871253637,12.257066535978,6.56163784395375,7.61164470418593,7.83195332544361,0.362700596097167,1.05381960994785,1.16858760716761
-0.0984671288460844,0.0708993500237991,5.48127192201387,12.1842023842634,6.50877690272023,7.53878624801806,7.84081591788831,0.362070023050105,1.04074576171507,1.16522439631755
-0.0964009787481592,0.0694843593031209,5.46544121933826,12.1055285555451,6.45561488261797,7.4720508904928,7.84386525236387,0.360425071662681,1.02920373208994,1.1606827647402
-0.0950436333554928,0.0684938981889444,5.45114308422318,12.023322521345,6.4026993840973,7.41393842281205,7.84185124672962,0.35800144245575,1.02002229948906,1.1554738275929
-0.0942270843884171,0.0678265032371479,5.43899092865317,11.9400290291521,6.35064956946414,7.36587973523714,7.83583624547436,0.355000745385292,1.01371920289317,1.1499976542654
-0.0938392853694298,0.0674170346607366,5.42944493939223,11.8580379010611,6.30004846213165,7.32775229203552,7.82704841452131,0.351570359373238,1.0103837589145,1.14450968402971
-0.0937806137648437,0.0672074043198617,5.42268094445282,11.7793403108814,6.25126421541556,7.29739262567907,7.81669577421216,0.347783289073191,1.00956920397453,1.13909332177418
-0.0940777971053058,0.067219163635666,5.41738141773283,11.705151696708,6.20425221869587,7.27031005932125,7.8057975432438,0.343615706370076,1.01024270612659,1.13364523781218
-0.0945639684473394,0.0673497158911376,5.41340744930973,11.6356393175774,6.15843626744025,7.23995515572526,7.79507893558852,0.338949638813904,1.01086887548933,1.12789256550875
-0.0950236965953087,0.0674658983803157,5.41066693097587,11.5699530420532,6.11279510402585,7.19888952334642,7.78495284741734,0.333620413596197,1.00969743414221,1.12146998707796
-0.0953640311760123,0.0675139399727701,5.40816974519981,11.5066755442513,6.06621569877743,7.14083762256966,7.77558345884201,0.32751575887296,1.0052400759444,1.11406574534174
-0.0955681433612949,0.0674896493768269,5.4050747047509,11.4445386434673,6.01799637696161,7.06287434088102,7.76701197981114,0.320691304816016,0.996759448900413,1.10559175892135
-0.0956799986079376,0.0674271492197394,5.40081219625215,11.3830079417384,5.96822226514074,6.96652328743934,7.75931323186063,0.313432762477603,0.984495277156785,1.09628712021641
-0.0958186591308486,0.0674068945853451,5.39516647721155,11.3224079970047,5.91778679014193,6.85705863868653,7.75272774605398,0.306217419028177,0.969479918938313,1.08668813803966
-0.0960570058804015,0.0674763870408765,5.38815890604314,11.2636360763398,5.86809226781274,6.74153715769468,7.74771105781917,0.299597872129396,0.953075963582661,1.07748600207014
-0.0966181445730169,0.0677778574896714,5.38011496947162,11.2078038035167,5.82067091192812,6.62682131398382,7.74488406600722,0.294078856279582,0.936529356908392,1.06935964005339
-0.0975317214899926,0.0683264263468813,5.37145978143923,11.156067738194,5.77693296633535,6.51848113324658,7.74491525904472,0.290042049979975,0.920742649841042,1.06285836043184
-0.0987147154201471,0.0690639334607334,5.36294839082659,11.1096303519002,5.73806695171398,6.4205929935576,7.74838048309788,0.287724376606314,0.906273442876923,1.05834970811602
-0.100207295522701,0.0700112047515842,5.35416906786799,11.0697451369848,5.70499591425344,6.33593037268319,7.75563830155136,0.287222476454695,0.893438560542479,1.05600653404119
-0.101800016496231,0.0710287356919319,5.34523263762373,11.037630705975,5.67831653179898,6.26612364233334,7.76674227465845,0.288497764027694,0.882411275574513,1.0558081402486
-0.103266801058918,0.0719672734732835,5.33643018670927,11.0143330952572,5.65824055229519,6.2117533598124,7.7813967584363,0.291380634723832,0.873278431339343,1.05755385032597
-0.104372037835403,0.0726718303709667,5.3279768597668,11.000621506295,5.64459609449936,6.17254516620366,7.79896099618465,0.295586874102322,0.86607938456868,1.06089995109837
-0.10494814945268,0.0730316903851148,5.32001461836187,10.9969440790528,5.63689574866263,6.14769295490012,7.81850764996206,0.30075134550604,0.860838450773121,1.06541965272171
-0.140794256158823,0.0977618487151363,5.3926426494287,10.9025611019945,5.53426691942132,6.06592144496775,7.85933248116152,0.305417537972104,0.836765160169252,1.07769464112234
-0.037465039922739,0.0283713458799282,5.55298025478498,11.2068001522139,5.78440598860125,6.259184030773,7.8624168444774,0.315234398419845,0.876079339569588,1.07944617227949
-0.0991328348919445,0.06906272081799,5.30236258678561,10.9521986611457,5.60576140889213,6.10437504789171,7.85827135890844,0.314431836097989,0.857480588073672,1.07707719551386
-0.102665118516065,0.0714369177739477,5.28981336888842,11.0714197319206,5.65119762226826,6.17082020469217,7.89449087941201,0.322188004835565,0.859735514734292,1.0891946299418
-0.10157326599312,0.0707323356561561,5.28357555714949,11.1067179478145,5.65956764750777,6.19760805779483,7.90934978126148,0.326487203266936,0.863161700723554,1.09390104189714
-0.100157918211087,0.069805082076252,5.2769721550944,11.148632973717,5.66839085320838,6.23287019689048,7.92086652922888,0.330305215112602,0.868285993971914,1.09821015293276
-0.0988111467049546,0.0689311482061312,5.26898444140274,11.1855963403727,5.67333136350573,6.26705213832461,7.92869521733775,0.33301388056692,0.873863964596499,1.10129477199965
-0.0980380285050737,0.0684465550839413,5.25965215439476,11.2153673601978,5.67334387945835,6.2973669450849,7.93345321816301,0.334514206177776,0.87915941557478,1.10303387557643
-0.0975811850391911,0.0681890268494197,5.24915237514997,11.2339474850134,5.66634610929889,6.31901141129056,7.93584353687636,0.334570918869203,0.883486910618258,1.10306739941749
-0.096732806642985,0.0677047629157256,5.24029894463904,11.2391920265002,5.65109552301756,6.32910483369195,7.93719171342541,0.333038017306043,0.886521783504973,1.10121639096482
-0.0954070595086989,0.0669390971726256,5.23404067842573,11.2314773520782,5.62751087946128,6.32737316830165,7.93962171705823,0.329905483443544,0.888452843267302,1.0975844919703
-0.0945971370823114,0.0665299073080163,5.22626559544415,11.2141417174787,5.596998316303,6.31665460131147,7.94608165804895,0.325341201954123,0.889998662397053,1.09262809507616
-0.094583057600971,0.0666548416443954,5.21601082850226,11.1932405370521,5.5624131439272,6.30243058735279,7.96021745430136,0.319682835659961,0.892256988098165,1.08712623869882
-0.0949860742878109,0.0670676287564147,5.2068610699329,11.1767628380922,5.52777729272741,6.29180374324075,7.98607194150451,0.313408559149317,0.896453765201134,1.08208460770679
-0.095813913886644,0.067766853727896,5.19908910625489,11.173485216603,5.49781690087103,6.29216940071843,8.0276039601959,0.307104892939158,0.903654415684904,1.07860322348618
-0.0967410093204347,0.0685346811661447,5.19523344154225,11.1916709335943,5.47739334957276,6.30978917007881,8.08805755187441,0.30143692545049,0.914485012559042,1.07773274980022
-0.0976275876648089,0.0692691137752328,5.19587335376283,11.2377448826881,5.47086892282737,6.34844210000904,8.16925231818035,0.297112417315722,0.928906856861597,1.080330223269
-0.0982275225713565,0.0697975992262983,5.20149962826813,11.315005518892,5.48143422987314,6.4083536016272,8.27089214200048,0.294827967779294,0.946088502560329,1.08691821511003
-0.0974105147557461,0.0693789286803366,5.2166380910041,11.4225125154509,5.51046045683563,6.4856217766936,8.39003320024106,0.295192310422554,0.964414446481539,1.09756249173865
-0.095669164203496,0.0683215211074992,5.24136003724238,11.55446395465,5.55701307102202,6.57236471378757,8.52090654563421,0.29863337015707,0.981660252864376,1.11180193585615
-0.0941559198745331,0.0673616196510804,5.27145218314153,11.7004346108024,5.61770096079212,6.65775845214078,8.65528434738642,0.305302032392536,0.995343514033638,1.12866567114231
-0.0922732959539068,0.0661110448739046,5.30676070991078,11.8466520840583,5.68697238767849,6.72992375520809,8.78345215088899,0.314988230614268,1.00320946611175,1.14678563724238
-0.0904021797595307,0.064819489495532,5.34587545630754,11.9781200767949,5.75782683779431,6.77826421236493,8.8956226024783,0.327068179110726,1.0037350913528,1.16457560645673
-0.0898577855180961,0.0643385199718309,5.37965516668481,12.0810668440907,5.82278372246679,6.79560886469245,8.98341136887833,0.340507095792453,0.996492922433265,1.18042731359505
-0.089769646904883,0.0641194879789978,5.41348024634177,12.145089640319,5.87490420343161,6.77957559387229,9.04095170305959,0.353944035587448,0.982253689494662,1.19288346926671
-0.0902989867181406,0.0642770366833531,5.44686781346554,12.1645480806431,5.90869207545973,6.7328497404013,9.06542833520895,0.365868239207466,0.962803310090852,1.20077731163099
-0.0907480677325355,0.0643721878106042,5.4830165644163,12.1390828566974,5.92074838532045,6.66235004634859,9.05712039947596,0.374866552666201,0.940540950082045,1.2033527220871
-0.0916028795152173,0.0647254097761306,5.51805538487721,12.073345797799,5.91008629929876,6.57748313087569,9.01917716325112,0.379888204338748,0.917975651882281,1.20037112197441
-0.0935015029052023,0.065759842645058,5.55351313649667,11.9760602193137,5.87805278160797,6.48794796519668,8.95722291287239,0.38045388611086,0.897257944355889,1.1921778224237
-0.0946176450902988,0.0663011962426836,5.59114382471794,11.8585500504458,5.82788941822478,6.40176659516924,8.87872150960619,0.376738008997339,0.879870931676175,1.17968110402547
-0.0982620158861564,0.0684808854596179,5.60868076036455,11.7329844395008,5.76406775518718,6.32414455817541,8.7920511438849,0.369502469565623,0.866542209277903,1.16421978838097
-0.103447111143246,0.0716674517191727,5.60903003261299,11.6106851440017,5.69158267298278,6.25736713770881,8.70540191064508,0.359903845951761,0.857343376542183,1.14734365374586
-0.107994219154287,0.0744616094054895,5.60134444276435,11.5008196516281,5.61535567662035,6.20150979108887,8.6257311877732,0.34924545462413,0.851885596900374,1.13056868255141
-0.110593051121838,0.0760265910546016,5.597126062715,11.4096597940593,5.53982172563313,6.15553182714167,8.55800916065776,0.338749235577595,0.849525693775497,1.11517332049044
-0.112594838680357,0.0772348515109301,5.59355450017017,11.3404051846238,5.46868666824532,6.11829965801161,8.50488999846458,0.329393161444874,0.849528017643713,1.10207477979399
-0.11270640246868,0.0772436386004987,5.58813467160621,11.2934461782189,5.40479156880676,6.08919648870554,8.46681371110697,0.321830869564283,0.851157701994615,1.09178910074259
-0.110209005602007,0.0755837688618131,5.58193650170968,11.2669211559814,5.3500406363515,6.06825408064047,8.44243525524718,0.316382437382564,0.853724155268606,1.08446020432603
-0.106147329109056,0.0729275432557319,5.57589403365039,11.2574580083172,5.30540201850097,6.05602830366503,8.42923005853761,0.313078589393085,0.856627433402947,1.07994047655942
-0.101190196589858,0.0697040946619034,5.57105538853121,11.2609854103486,5.27099592162724,6.05345302302022,8.42413370506183,0.311737195456609,0.859436860424046,1.07790018343762
-0.0962587678140243,0.0665090138513651,5.57065984588535,11.2734644877618,5.24624588389405,6.06170852141858,8.42410849971571,0.312044080629403,0.861975197750088,1.07793583436999
-0.0910000980562134,0.0631113093782933,5.57442967606181,11.2914187588507,5.23006090145935,6.08206907689018,8.42656946770156,0.313619814077448,0.864369449705638,1.07965502373058
-0.0856618770525847,0.0596714879039091,5.58262518668587,11.3122185125173,5.22103263727387,6.11576067448701,8.42963141603032,0.316069722386249,0.867058731457157,1.08273203313843
-0.0806605103998883,0.0564600581154905,5.59440903875577,11.3341109314701,5.21759826696868,6.1637499158159,8.43216562660831,0.319015985016363,0.870743709584064,1.08693181241363
-0.0761374636205885,0.0535707619964029,5.60954469429331,11.3559842411516,5.21807291113076,6.22618522461518,8.43369606880367,0.322100850922433,0.876227680939682,1.09209255618252
-0.0721621330493656,0.0510498402959139,5.62709704284914,11.3769155749137,5.22052003685475,6.30139361951441,8.43420642268157,0.324953966489368,0.88413301433469,1.09806607858951
-0.0687709377344198,0.0489202793338213,5.64548529004001,11.3956924944439,5.22258630986035,6.38489131319222,8.43394225491389,0.327140731247426,0.894588482707041,1.10464447626848
-0.066966697795959,0.047828259824124,5.66258228901769,11.4105803590577,5.22151319281981,6.46920387508915,8.43326845277512,0.328128468624248,0.907060485755242,1.11152187563419
-0.066026245751746,0.0473004793232598,5.67797145244131,11.4195229741839,5.2144532294943,6.5450038028893,8.43260423688554,0.327302219728009,0.920456822568939,1.11832801845197
-0.0154644388449166,0.0140360030303191,6.00234092242323,11.9178085849161,5.23061594994304,6.54758211856631,8.58303145184199,0.327357959771858,0.923994926172251,1.15301570148376
-0.0868799364602942,0.0617317774511326,5.62675577915903,11.0322071496349,5.14799623174676,6.66744673721208,8.32095846926877,0.314118082248807,0.945242928228301,1.10855750197404
-0.0579443055990169,0.0423011353255068,5.72769995077637,11.4023956914143,5.1355064141646,6.64783970579139,8.4354529323179,0.308100654648454,0.949285441789621,1.13662112990823
-0.035085854510255,0.0275554958916159,5.84647470938767,11.3929060296262,5.09274910162544,6.63407225986478,8.44399124582848,0.29520862477478,0.956459030970879,1.1430503022029
-0.0228979851199989,0.0196632470263708,5.91590232278072,11.366343192232,5.04168890319627,6.60347779384064,8.45140039104134,0.278495430944917,0.963407032732507,1.14884430088157
-0.0156030004289285,0.0148642872488227,5.95159511126522,11.3361992415402,4.98533714197232,6.56215938577424,8.46179297975294,0.25805670919504,0.970918486914462,1.15517352768574
-0.00924876168745338,0.0106138459375515,5.97572926743486,11.3040137015341,4.92549249655255,6.51689527140833,8.47533096729952,0.2339062466197,0.980023909925806,1.16243029991902
0.00218379032032323,0.00303950159767126,6.05508530196866,11.2853089787057,4.96761789599522,6.65557992019473,8.492597597354,0.212919946202777,0.987104881823426,1.18335850875802
-0.0137698620273511,0.0130764434978763,5.9197131915969,11.2229897279116,4.70468070080374,6.26999635521271,8.50931898570967,0.167012836902406,1.01021586908774,1.16957842384685
0.00909729457465988,-0.00197200357429882,6.00453155936121,11.1981552987373,4.73839700412106,6.41637884474806,8.52946583893583,0.138428278965755,1.02451353717489,1.19259865156654
0.0189857866358161,-0.00864942911479059,6.02405116695568,11.1676943481252,4.67998420387978,6.41175407974424,8.55157718663339,0.100860300330633,1.04560700136798,1.2072783336496
0.0246165737646835,-0.0125761626876825,6.03748883177588,11.1395557874979,4.62548023842281,6.4269116300582,8.57288822461866,0.0608244015667232,1.06983270418685,1.22461175140362
0.0281587462601534,-0.0151441734299785,6.04321119299928,11.1171063326509,4.57519040549776,6.45984526217593,8.59293535090008,0.0186561737636633,1.09660183017307,1.24481369399194
0.0290765607984464,-0.0159941044921548,6.04107960553539,11.1007074104623,4.5284594830227,6.5067381776254,8.61031187445344,-0.025416274286815,1.12535165987598,1.26768452124788
0.0278276845196528,-0.0154120535191066,6.02964162070967,11.0896574703951,4.48397815625876,6.56215745731401,8.62396023058329,-0.0712710140322385,1.15557729364138,1.29278572110872
0.0246613951663515,-0.0135489069929075,6.00936252867258,11.0830719775967,4.44038007948484,6.62032727858962,8.63393325587923,-0.118850137727075,1.18690891043085,1.31960192474918
0.0200068272694743,-0.0106717351304883,5.98215435721299,11.0810049303124,4.39682570139112,6.67623583277065,8.64202928444344,-0.168117365269379,1.21913436769398,1.34773278839489
0.0147234809090732,-0.00732620966142145,5.95074264153661,11.0849669180078,4.35324936574531,6.72626337563908,8.65182183962699,-0.219040486764492,1.25218581706182,1.37700758648807
0.00768110295759222,-0.00277128822008243,5.91748107511757,11.097315394491,4.31013707219482,6.76826227151325,8.66784308966311,-0.271627536947149,1.28610451575779,1.40744969081134
0.00231920192367066,0.000780592986827977,5.89371189456554,11.1198560117546,4.26803139705361,6.8013020168348,8.6941967547785,-0.326019502774708,1.32099533532381,1.43911677203867
-0.0132090895206668,0.0109600677827646,5.82663226346008,11.152633247394,4.22713393930398,6.82536399608233,8.73328059733358,-0.3825222203713,1.35698403878876,1.47192742718079
-0.0330263720545885,0.023980344286929,5.74520263007185,11.1937003787287,4.18724159960652,6.84110485230002,8.78521879977299,-0.44157605468117,1.39418718121379,1.5055795574916
-0.0484255326980939,0.0342044530934257,5.66163445606148,11.239885932499,4.14797460821864,6.84964807278427,8.84812145471084,-0.503666706747342,1.43269998381579,1.53958285828058
-0.0609470218030856,0.042641423593793,5.61410188379996,11.2879778658563,4.10909635354118,6.85237375450808,8.91885403582934,-0.569231703576111,1.47260728330502,1.57335293531901
-0.0708027192771075,0.0494326603095033,5.63546349324763,11.3357174739177,4.07075285703833,6.85074784294497,8.99390084911166,-0.638592167378454,1.51401982480997,1.60630275219998
-0.0753498734544452,0.0528037187952243,5.66384375349007,11.3822910635089,4.03355699853159,6.84622318364272,9.07004124332341,-0.711940590506278,1.55712486931585,1.63789590034529
-0.0781539674948851,0.0550380237852966,5.69209525696545,11.4282743633022,3.99851136487014,6.84015946537708,9.14472762768636,-0.789377012754003,1.6022174439063,1.66765514373217
-0.0788650558296215,0.0558895851796863,5.71905433181043,11.475129042822,3.96679778419715,6.83363918403819,9.21618323490116,-0.87097025872628,1.64966032980865,1.69513942247933
-0.0774611447568287,0.0553253006855181,5.7433282899855,11.5244405171525,3.93949098764107,6.82711511023861,9.28331199158089,-0.956826460023021,1.6997420782388,1.71991552307791
-0.074659581321941,0.0537932002812219,5.76469119946853,11.5771692758102,3.91728651316958,6.82004131998081,9.34552949390009,-1.04713667647478,1.75248608107404,1.74154978054344
-0.0706454717092374,0.0514012139820934,5.78407961856408,11.6332122962366,3.90033971103776,6.8108162192709,9.40259814103078,-1.14218477258248,1.80754802922147,1.75962498325231
-0.0659597688921872,0.0484919322036662,5.80103197293061,11.6914431554734,3.88826003150105,6.79721446329048,9.45450776048527,-1.24232958472484,1.8643052291872,1.77376284932305
-0.0614467779621549,0.0456118388037125,5.81704222865276,11.7501418623086,3.88021879374216,6.77707387167581,9.5014048861738,-1.34800636166094,1.92208366129332,1.78362756065831
-0.0573759739284569,0.0429407208640241,5.83281921183104,11.8075264802735,3.87508562847165,6.74877740069523,9.5435522493797,-1.45965978882302,1.98034622998965,1.78890588331842
-0.053361962499331,0.0402373854584928,5.84671370552294,11.8621280859081,3.87154034957964,6.71126693259162,9.58130527353864,-1.57772295016722,2.03870607825854,1.78928487787093
-0.0496659503059792,0.0376825247148006,5.85805019656025,11.9129508397121,3.86817053276524,6.663734603355,9.61510765030126,-1.70262096076865,2.09678779032177,1.78445363166986
-0.0466444212311797,0.0355206755969618,5.86692194113891,11.9595154967699,3.86359830802543,6.60539739773733,9.64549723622519,-1.83464142821615,2.15409163803805,1.77413226093473
-0.04617002676282,0.034978228599914,5.87261328341959,12.0018762706321,3.8566494036981,6.53564114502631,9.67308362841787,-1.97391647627849,2.21000094504793,1.7581040804253
-0.0469736396655167,0.0352502475637978,5.87581134625682,12.0406021634628,3.84651556873414,6.45443946689902,9.6984611122077,-2.12040736764416,2.26392749254864,1.73622835546507
-0.048807108626871,0.0361921252493476,5.87662153060539,12.0766638555221,3.8328405805793,6.36271855855881,9.72206593592148,-2.2739036553576,2.31547220382713,1.70843611680976
-0.0520149331679413,0.0380413770053463,5.87552081192379,12.1112058786909,3.8156941964735,6.26242618186703,9.74402530788299,-2.43412982560656,2.36449009229777,1.6747272838625
-0.0566422343405691,0.0408387578538152,5.87343021233162,12.1452357996168,3.79543979320564,6.15626178453148,9.76404133528932,-2.60072739683413,2.41102753669309,1.6351822868922
-0.0624698164212929,0.0444509240751022,5.87242430487606,12.1792783224607,3.77253191096575,6.04716002647618,9.78132889997045,-2.77329098320752,2.4551607276088,1.58998964454966
-0.0691834121057889,0.0486819048338387,5.87700766094907,12.2130717418181,3.74730893356344,5.93769635840816,9.79462859531597,-2.95135579355505,2.49679593816836,1.53948643126014
-0.0762634311654159,0.0532043067009391,5.89505531018066,12.2454460492442,3.71985734534373,5.82960052001481,9.80234696935986,-3.13434642970383,2.53550424798709,1.48421171389531
-0.0832647823021058,0.0577282137699914,5.91880240101023,12.2745212423621,3.69000038650101,5.72351580211495,9.80287541769652,-3.32152331549287,2.57045325872051,1.4249705402246
-0.0901471074903423,0.0622278817666287,5.94380228674112,12.2982386602831,3.6574233691798,5.61908379968012,9.79505529542159,-3.51196571961462,2.60047825643155,1.36288468104832
-0.0978595780461334,0.0673208902129399,5.97237116472162,12.3150673085476,3.62190781766821,5.51539637644189,9.77863317561129,-3.70455813304491,2.62431860088913,1.29937540252448
-0.106970787420631,0.0733712089208126,6.00346396402616,12.324635570177,3.58360305976964,5.4117754134036,9.75449456118757,-3.89812059958609,2.64101091763588,1.23601697474283
-0.117855058552066,0.0806086773194281,6.03528200522382,12.3280689168412,3.54323167911968,5.3086804503477,9.72454074155909,-4.09174565415317,2.6503531650526,1.17424531763787
-0.130687255237234,0.0891250397596726,6.06560175736694,12.3279140145129,3.50213438578349,5.20837031793718,9.69124180972976,-4.28466621043329,2.65325030081158,1.11499835858464
-0.144252195958374,0.0981074263379622,6.09266913628648,12.3276433584447,3.46211466498233,5.11488416760355,9.65705656328388,-4.4764833280913,2.65169995472139,1.05845526709017
-0.157797213647447,0.107046531613149,6.11714359508952,12.3308573807857,3.42512507791339,5.03313193361855,9.62396132864379,-4.66715203212487,2.64828876188793,1.00404508992327
-0.170322405722055,0.115286961252777,6.14267890857489,12.3404128516189,3.3929051630941,4.96737938583939,9.59323938417884,-4.85685533688797,2.64534597944128,0.950764127007402
-0.18198801652832,0.122933685952102,6.16500069141465,12.3577402178264,3.36668583435695,4.9197978419066,9.56552337377385,-5.0456671341131,2.64412911177497,0.897661788445918
-0.192446421154685,0.129779228945489,6.1848179489712,12.382538260008,3.34701999329101,4.88970262664047,9.54097952361246,-5.23338252727875,2.64440508962668,0.844268800557348
-0.202158163985746,0.136144253510257,6.20496008868374,12.4128982482269,3.33374310074604,4.87374248185765,9.5195174820142,-5.41936237757793,2.64458365647153,0.790789901746795
-0.224015938027417,0.150886348307686,6.29913196020405,12.3738729668643,3.17695284158908,4.81011162764304,9.42052793419817,-5.6070543638502,2.64248713087859,0.71630823559842
-0.20744163136155,0.139306259387631,6.17640381582357,12.5419290810336,3.48843980633969,4.93655183716393,9.5648920523528,-5.7757594654034,2.63644707954908,0.705310225352953
-0.229866828934131,0.154418924964199,6.2718009088005,12.5075446120592,3.32276567900003,4.85854682814341,9.47494465426238,-5.95469839281184,2.62202919301295,0.635704390038253
-0.239935221524425,0.161105064024782,6.29669532441649,12.5259506333675,3.32189218483365,4.85339664091716,9.46187943123538,-6.12300162360568,2.60247160630643,0.58987629598273
-0.250357442919268,0.167998286977605,6.3200624058248,12.5373046387256,3.32113464285702,4.84483013942508,9.45148824497536,-6.28499957424782,2.5771688796566,0.547195622588778
-0.261218935636844,0.175158469524551,6.3417474330887,12.5382997424182,3.31825419783032,4.83556160228486,9.44126687346911,-6.4407202352031,2.54800088701361,0.506595587984224
-0.272276465606822,0.18242177181148,6.36048705545022,12.5281821258627,3.31220806036591,4.82781465463072,9.43006021191846,-6.59037683301468,2.51668451076511,0.467550853396031
-0.283128369927797,0.189528185168736,6.37494561268243,12.5067453807598,3.30237469690691,4.8231420005643,9.41694444007653,-6.73410660806224,2.48436745242439,0.430197727572946
-0.293278882209519,0.196163485181142,6.38400131198494,12.4745426121685,3.28865506603314,4.82202439247681,9.40147492819568,-6.87186613075899,2.45151198252399,0.395486630509381
-0.30230299234216,0.202063631218931,6.3874444838394,12.4332399887398,3.27155245739863,4.82404613882107,9.3838662091275,-7.00349197204481,2.41811871267532,0.364975674353067
-0.309895850389243,0.207042213095141,6.3856307599715,12.3857875105991,3.25219466119721,4.82830286133754,9.36507190241445,-7.12884414861799,2.38401619836457,0.340467990834399
-0.315967410815336,0.211047800303438,6.37906878588825,12.3362628677965,3.23228927984301,4.83376750447541,9.34675904187525,-7.24792505779551,2.34904245716855,0.323683605627309
-0.320426180993481,0.214022434489011,6.36842960622888,12.2894453262543,3.21403812879626,4.83955379700315,9.33117438030302,-7.36093121048916,2.31310599195156,0.316030655221776
-0.323408534100769,0.216050539391041,6.35484621251561,12.2502724415027,3.20004227096726,4.84509350300933,9.32092765720175,-7.46822557386485,2.27617848104412,0.318466449946282
-0.325361759618274,0.217414222770515,6.34022924878013,12.2233310811663,3.19319416598556,4.85021726386227,9.31874102770395,-7.57026376636188,2.23826519490867,0.331423958770952
-0.326951690420026,0.218535452402846,6.32742582610093,12.2124879289796,3.1965111938438,4.85511276709456,9.32721242295887,-7.6674906362293,2.19938228676344,0.354779532043569
-0.328978305113224,0.219923716779235,6.32043749221641,12.220683474443,3.21286728833132,4.86017188829001,9.348615163729,-7.76025519640057,2.15955641828518,0.387843589231923
-0.332295003113128,0.222125628408416,6.32430179064333,12.2498091738505,3.24463298297371,4.86579267516162,9.38471374450653,-7.84877636546476,2.11884552663521,0.42937077598255
-0.3376597744532,0.225629912234622,6.34482273864183,12.3005194323079,3.2932863338263,4.87222753885053,9.4365353982473,-7.93315296684572,2.07736672960236,0.477595828061908
-0.345649432501528,0.230812024910763,6.38767304406327,12.3718720876058,3.35905895145069,4.8795456172731,9.50403999665812,-8.01337437864009,2.03531782380246,0.530297328750378
-0.356596170914804,0.237892421373725,6.45745519555968,12.4608241918908,3.44064380130138,4.88770881400143,9.58569141963063,-8.08931749489453,1.99298414036113,0.584891383634655
-0.37052995815147,0.246897737025922,6.55671770939919,12.5617304124416,3.53496248447441,4.89668778456952,9.6780130551514,-8.16073236638789,1.950723303794,0.638570839795507
-0.424902358742667,0.282286482290028,6.62721729233015,11.8526861028077,3.31527099014456,5.15625234156562,9.38569074732693,-8.24075519891175,1.90060614661463,0.607865396093589
-0.428007305145463,0.283934520979858,6.99856611377929,13.669438267772,4.05327094902356,4.60671882516193,10.3195005564662,-8.27178012521934,1.87431247806558,0.827325952094625
-0.432833573001833,0.28712750730751,7.00163891278278,12.8252308369587,3.87657363007011,4.95588482214163,9.94549052371199,-8.33844524159876,1.8297985304547,0.774921506542029
-0.459065301847948,0.304190212395461,7.2055980069596,12.8746666759009,3.9219825451558,4.94220449456841,10.0123347319285,-8.38634404398124,1.78942648320251,0.801835750792023
-0.482278684301825,0.319219900747386,7.36676187039357,12.8618981189994,3.96899233127646,4.95539771653781,10.0361234499022,-8.42508598991938,1.75174364180208,0.81881273769726
-0.495139497956601,0.327505537687533,7.47519987945255,12.795890591666,3.98493221748801,4.97087477796195,10.0225783070109,-8.45466100763499,1.71596407113645,0.8275019358929
-0.494452318247234,0.326975886242305,7.51281648824516,12.6736882286329,3.96474975893211,4.98963244354722,9.96952577299167,-8.47553038204778,1.68263307032798,0.828796482734027
-0.446910101904353,0.295901073343838,7.2848519528384,12.3498823704746,3.83866593650215,5.04557352368479,9.78899843774258,-8.48523725391397,1.64857907513996,0.818907356813959
-0.421799986326798,0.279420290305965,7.10150587220173,12.112341390451,3.73469967060692,5.08486412092516,9.6518097052058,-8.49341509976664,1.62335543290601,0.806313404953919
-0.372557334125547,0.247124842453841,6.66516898394128,11.7395416991505,3.5441523208296,5.15948590114217,9.42239085114895,-8.49806623127719,1.60085409501283,0.784053802936956
