-0.595985979531144,0.394086901838818,9.54600534532672,7.03959852642648,3.19500992655935,3.47589930092905,10.3527388155685,-6.6733521982819,1.39196368532696,0.60225435887784
-0.580126896696881,0.383592905056712,9.48541356460503,7.49656342730816,3.19803850906449,3.34030574182164,10.3889858192646,-6.65216950061399,1.38086911390741,0.528002637607051
-0.583523521204605,0.385847941152166,9.53743545191901,8.00119551201798,3.28369824418455,3.13307635206162,10.5677084554975,-6.5963163849426,1.37214203772683,0.499207356480092
-0.572748999436242,0.378864553055592,9.51460786015526,8.63885604310292,3.32349944267171,2.85648003878134,10.7294628138194,-6.54260883964713,1.36457598414326,0.466980067791329
-0.574565309425786,0.380146455041499,9.52548257360055,8.90477465380034,3.30627292007573,2.75656793803548,10.7698450727437,-6.48146257060436,1.37168445862336,0.442040350833345
-0.573382208946703,0.379500366525383,9.52295749859146,9.16332006386549,3.28653634238261,2.67034157032831,10.8000454208473,-6.41445371524965,1.38920358089677,0.426636648119529
-0.571769684285726,0.378577114609932,9.5114926291998,9.36100010872474,3.25352069160287,2.61717220999062,10.8032613341341,-6.33854339251129,1.4157849640011,0.424291535146778
-0.567359228168962,0.37583932710573,9.49316036496854,9.50308045181357,3.2061851050514,2.59346056553098,10.7866257921229,-6.2539889139382,1.44969917928033,0.435921532616277
-0.562780247305054,0.372979952426616,9.4742209064355,9.6026784787357,3.14501853521048,2.59324569327149,10.7599833052162,-6.16216097536707,1.48896781983069,0.460561660994603
-0.55812151209055,0.370043826060598,9.45430156116995,9.67344464689832,3.07115280631885,2.60694198383449,10.7332045467531,-6.06212304324979,1.53063131867703,0.498600701027647
-0.554121285533632,0.367418471155505,9.40336906743884,9.63747584220113,2.72003413576999,2.59627520946236,10.6083739543993,-5.97940960852046,1.56621795110106,0.514796945199789
-0.548753504090749,0.364203025107684,9.45280713510967,9.84277506904156,3.15823790901358,2.70204705611918,10.7790187537479,-5.80678601305087,1.6129532535649,0.631620605087947
-0.546510816449118,0.362729112323261,9.4156171003813,9.777538843262,2.81374445171145,2.71861205301618,10.644612897941,-5.70867071706019,1.64970840170057,0.648143229334364
-0.544564700150045,0.36156879249947,9.41554589164007,9.77380123730466,2.73225950355483,2.7925762069965,10.5862124161253,-5.57867949068315,1.69168628550272,0.688944059593502
-0.544703521966676,0.361746228753048,9.41963085923426,9.77034946441009,2.64800750538817,2.86550311031264,10.5237364405293,-5.43960388273307,1.73138288858302,0.727440344319047
-0.545817594549148,0.362520518288694,9.43275575558684,9.7625265393971,2.56115399679203,2.93897079036244,10.451563721076,-5.29254989541979,1.76894802706082,0.76245479705262
-0.547892110312123,0.3638651812096,9.45627965014158,9.75062998097127,2.47033231557855,3.01433025793104,10.3668023340946,-5.14008017357789,1.80547800967212,0.79217065643815
-0.551257525044792,0.365983471572713,9.48788441780845,9.7361369026983,2.37259374050125,3.08664107039666,10.2727263169909,-4.98355669475203,1.84027521841496,0.818516848287604
-0.555258129965868,0.368446094761371,9.51878442685984,9.72004976152898,2.26435726471954,3.14455023876215,10.1770623976258,-4.82252416873599,1.87020148842704,0.846434822249473
-0.559016691391841,0.370700086169601,9.54653067292257,9.69816020523791,2.14666416256877,3.18691338985382,10.0794638115281,-4.65770491217295,1.893937433995,0.876007664169228
-0.5609938274145,0.371787564171887,9.56853892019034,9.66327194523459,2.02597656133864,3.22755697476267,9.97019811801149,-4.49192487457083,1.91399506669001,0.901424547441857
-0.563249572323021,0.373102758785927,9.58570421461626,9.61227686481721,1.90942184492039,3.27961537881282,9.84215603571999,-4.32730564602127,1.93296159063492,0.918470467290773
-0.565224880247989,0.374338230979747,9.60059530579692,9.5477731019905,1.80267949414564,3.34560382783148,9.69662948911013,-4.16344257542132,1.95034206147659,0.92845452826231
-0.566849350833061,0.375429937775491,9.61525625894251,9.47574614201007,1.7109022887286,3.42124985763562,9.54058548177951,-3.9986824248965,1.96334053532408,0.936102463108618
-0.567050776730372,0.375609967607361,9.63236163489065,9.40350857618083,1.63763525415878,3.49922466166213,9.38360316630689,-3.83178385346502,1.96844705558255,0.946867017678318
-0.567163424147411,0.375675956229787,9.65337096032856,9.33618577500951,1.58283838657003,3.57264595448634,9.23297710648592,-3.66271537523226,1.96323421482609,0.96401078292242
-0.565562316784277,0.37454491501899,9.67272348962894,9.27466762312088,1.54357893041276,3.64128826988998,9.08958429216648,-3.49323300126392,1.94856197529197,0.986268038283456
-0.560364477457542,0.370986053553923,9.68466710785153,9.21755167790665,1.51706843866263,3.71239440507384,8.95037969576642,-3.32628151225009,1.92801807872632,1.00959985500076
-0.557081480680666,0.368581179025285,9.70804742037773,9.16295986314658,1.5023156694948,3.79473129551706,8.81278332525426,-3.16433318000421,1.90489621299473,1.03073169859554
-0.560575636739855,0.370511564787391,9.76032785474527,9.1103741045434,1.49757470760161,3.88925300353889,8.67800010575381,-3.00842515179633,1.87983572449082,1.04903799885479
-0.558257708446493,0.368653516807637,9.79912969616678,9.06186265449077,1.49851137745802,3.98669274443197,8.55100857609011,-2.85875139705799,1.85113921146438,1.06577190283694
-0.551486084544335,0.363911957519314,9.82309156464897,9.01913917747901,1.50212321432026,4.08221153052131,8.43354210006709,-2.71602294156576,1.81855108994539,1.08056832458634
-0.545439807984887,0.359656657613859,9.8444113700918,8.98300208736887,1.50930591926382,4.18383854500769,8.32262243312785,-2.58186589028932,1.78512025499043,1.09068399073126
-0.552547080770865,0.363943943861529,9.89966707912153,8.95701703330453,1.52137055967936,4.29800043308644,8.21955207254177,-2.45776088436876,1.7534433028215,1.09489764223531
-0.557823429452201,0.367060249010274,9.93636382529672,8.94585913287259,1.53792554840427,4.41955846270379,8.13131017468124,-2.34383596926245,1.72278163306141,1.09485361425858
-0.561551663252572,0.369186726561261,9.95993924976789,8.95116067416625,1.5583074927931,4.53805612646571,8.06330163167967,-2.23872564688162,1.69053196990537,1.09263472984826
-0.563795043776117,0.370370957543102,9.98071934052857,8.97322060592942,1.58217259706688,4.6436653032651,8.0175301299673,-2.14053183566234,1.65426966105995,1.08955665712264
-0.5645376463948,0.370611342912813,10.0146488119093,9.01434574692174,1.60921214017455,4.73023888042067,7.99429617494703,-2.04775735800166,1.61295669346037,1.08627761268092
-0.563751759930071,0.369888273140653,10.0731534591334,9.07856952256964,1.63881637916452,4.79670263305929,7.99205985132198,-1.95956462756015,1.56738616388312,1.08277136248632
-0.561667819071427,0.368337337324438,10.1612129081731,9.16932801304021,1.66941769575091,4.84273843960285,8.00799089889296,-1.87557728313683,1.51901007022897,1.07877924086078
-0.558087830182357,0.365800859347913,10.2726623315697,9.28819181206433,1.69804282618923,4.8630377483336,8.03999170602218,-1.79565793074701,1.4682638520286,1.07463517493986
-0.552052123742387,0.361623854547957,10.3954699823721,9.43424508284077,1.72084267262656,4.84837101556901,8.0868547799841,-1.7197998254759,1.41452191891324,1.07122961660268
-0.544525039884778,0.356412262859382,10.5277962231712,9.60164896031396,1.73532480706641,4.79458405564956,8.14478872545439,-1.64793853645414,1.35759494149379,1.06883257606375
-0.537055123071128,0.351160846645484,10.6556163064525,9.77895297089611,1.7424540790054,4.70954042166158,8.20555258372052,-1.57989039525288,1.2987218829424,1.06649226047195
-0.529241511020792,0.345619569140229,10.7706231971094,9.95462991845713,1.74557499685043,4.60824871067332,8.26064853029806,-1.51552187455901,1.23994110845649,1.06301201649905
-0.518423126278424,0.338085993542833,10.8621242169067,10.1232889559816,1.74773654645391,4.5031173171822,8.30596465515739,-1.45457181785591,1.18289656281456,1.05797954804002
-0.512445612567183,0.333674835325711,10.9667631360701,10.2862617512389,1.75083154505898,4.40106907385836,8.34169529115236,-1.39649082592703,1.12836319953272,1.05178281135123
-0.504154199130919,0.327806947107176,11.0550389622653,10.4479734788633,1.75626695989502,4.3063226886459,8.36955822567128,-1.34060334343454,1.0764315171608,1.04510981374338
-0.49143655477839,0.319175018743752,11.1254662751628,10.6102391337375,1.76557439595421,4.22407131621354,8.38943557863377,-1.28628135272903,1.02712852556275,1.03813870293812
-0.477760876093155,0.310057529444312,11.1753871594456,10.7684491901507,1.77988720708332,4.16181641321301,8.39833380620093,-1.23333524042272,0.981141086240689,1.03000313161027
-0.465968307365956,0.302296370917577,11.2102823647509,10.9139226572646,1.79902285704144,4.12739796997506,8.39288957599059,-1.18250235140013,0.939825596318113,1.01923583566322
-0.453532108719308,0.294227253422786,11.2424654666054,11.0379371563257,1.82232482753875,4.12861559612067,8.3706516229483,-1.13531841040775,0.90481267337105,1.004397572028
-0.440485513466803,0.285801367872609,11.2814500432857,11.1321737194251,1.85027133692059,4.17440058878664,8.32886549565541,-1.09348718331396,0.877685473543208,0.984305110710436
-0.428280024421515,0.277874441771158,11.3264879347185,11.1885252091241,1.88425587105106,4.27143901715706,8.26505374096194,-1.05825230359211,0.859110317555086,0.958389646890419
-0.413661356292512,0.26829500671627,11.3622162746041,11.2009318723482,1.9249079047188,4.41814094968943,8.17948895428743,-1.03003713230459,0.848005340550948,0.927093453529379
-0.404944940111993,0.262452647969348,11.424280712192,11.1669041404485,1.97121493430015,4.60384346534199,8.07625377545907,-1.00859845086134,0.84214701919825,0.891826807063444
-0.39711807080251,0.257165625706294,11.486017648882,11.0882452678672,2.02003217761457,4.8095851913987,7.96380030216163,-0.993412813273325,0.839155125869683,0.854908600676848
-0.389402249944934,0.251995975136874,11.551990742754,10.9724436414292,2.06480166036045,5.00406398028767,7.85666940468252,-0.983384312128798,0.836341895054693,0.819870744289548
-0.380400079199267,0.2460773376669,11.6200439021301,10.8347557970047,2.09548523587759,5.14276023959625,7.77654725206534,-0.97613566122598,0.830487937740903,0.791692246143466
-0.36393411079229,0.23552517417888,11.6538751683357,10.7100180549753,2.20939848554615,5.36271051947173,7.70073237656278,-0.962860083490414,0.820400070813551,0.7785769203587
-0.343483741049769,0.223554146486443,11.4687697301959,11.170355539595,1.59002107213818,4.13165575079718,8.23815620751319,-0.968453944347808,0.777961660772974,0.816420408794557
-0.382839036174688,0.24646222690856,12.0751575365845,9.87073252836656,2.52224280908997,5.85666007701912,7.41766307663147,-0.917438344247774,0.78579647929803,0.756058594890475
-0.353144248566154,0.228537261279303,11.8775687099314,10.5814101331768,1.75766671950861,4.12670520952779,8.19242506045865,-0.907323746043182,0.712472653945792,0.839981423614068
-0.335943372801207,0.217547478640773,11.8546844792607,10.6055539121081,1.84350536804232,4.08184864853955,8.27383970274686,-0.86750331225089,0.681313219979161,0.877366590888723
-0.32400978995657,0.209870194075921,11.8586237394711,10.7403475414106,1.69793820538639,3.58158209620461,8.50257537072009,-0.832260531221466,0.63665168433599,0.922579300651806
-0.311079015575314,0.201514979634218,11.8095328196356,10.8643907919679,1.63271225606047,3.29136480637814,8.63533444692145,-0.797928179620264,0.602622166033924,0.956651026505697
-0.298377147357285,0.193297546248149,11.7292206382871,10.9962267641937,1.57171359750264,3.06508735543099,8.72155572717954,-0.768697901465919,0.575965622173797,0.97996405624687
-0.291161880910957,0.188629880292412,11.6341382767927,11.1202480305891,1.539085177309,2.96199296188186,8.74042207231549,-0.746321197124328,0.560328564835737,0.989669215688595
-0.290312735575596,0.188093418790119,11.5230075996594,11.2323043214008,1.52553064712775,2.95810531969421,8.70312792236418,-0.731564817225209,0.554958685465842,0.986724033129851
-0.276410484878015,0.178254688038684,11.401345682201,11.0691182732419,1.74642280849834,3.60628665369501,8.3707993714037,-0.723666250797546,0.594917314877111,0.947436119739044
-0.301662189735236,0.19657385225675,11.2760302773535,11.6451882639009,1.32617716325504,2.60203544895166,8.7553464770827,-0.722497194721831,0.536622695731731,0.973008678332464
-0.293161056655928,0.190287913251657,11.1956397124796,11.5395398808887,1.52362027385615,3.19064007795666,8.46653025357806,-0.719076761148492,0.574199856223123,0.934236552274871
-0.291304110026511,0.18933106027067,11.0605603603727,11.5970972277115,1.54872828793335,3.34763174939645,8.36388313411161,-0.716925958004229,0.58456736243291,0.913142982405693
-0.294216487562773,0.19152765934337,10.9559916295555,11.6686961375152,1.55719744910975,3.44942092917772,8.29621549998199,-0.71304716778842,0.589817622643421,0.897112038938579
-0.29346459008419,0.191377448036463,10.862098854428,11.7298352591144,1.56024804576739,3.52433999534961,8.24410022007996,-0.707413081220089,0.59173336335204,0.884195059211581
-0.293867926737984,0.191953759940169,10.7785494271695,11.7725748344951,1.55898189903043,3.57649810551533,8.20121203316823,-0.7003973979072,0.590822001639531,0.87359688772405
-0.295344784738616,0.193181197393511,10.7054999149971,11.7938139195633,1.55344437412879,3.60723391431565,8.16467189041142,-0.692467189599703,0.587453526584479,0.864669626728626
-0.297455456844591,0.19477250585258,10.6385395783645,11.7960315522998,1.54248624344797,3.6139818901078,8.13577686470646,-0.683959167820842,0.581706375026582,0.857203029163836
-0.291209267752611,0.190837402997621,10.4080409318269,12.105378629728,1.48080647487586,3.38516027115443,8.29848608301245,-0.666141787745845,0.567737886871436,0.874419212985968
-0.303570975941585,0.199005126247572,10.6295137274031,11.4775986341713,1.58964851295239,3.85753586710974,7.92008768186215,-0.670322207474697,0.573233320450802,0.827606554617098
-0.304028782186329,0.199506789664066,10.4551206023494,11.7579373533197,1.43796212598237,3.40696673553142,8.14991277232395,-0.658535750478914,0.549023621328078,0.843994136716158
-0.304162829368629,0.199693248012333,10.3876475194812,11.7412608922418,1.45843622141871,3.44458811559911,8.14695417535677,-0.648712471388486,0.543396075805516,0.842148866945721
-0.30493518140379,0.200273895360175,10.3544354124664,11.7669100844033,1.42982708669919,3.35582333517776,8.21047007405074,-0.64039203081887,0.534354095684539,0.844285278844858
-0.304809236883309,0.200249397863448,10.3368634396065,11.8138735091791,1.42532990926685,3.30763625450034,8.28363887339622,-0.632197545950691,0.527972778980724,0.84877759192435
-0.304899737406228,0.200329753311226,10.3477362832339,11.8971386614937,1.42736269533995,3.25515325281676,8.38561082253627,-0.624299301963031,0.522184743404989,0.857554443236406
-0.305267521203812,0.200544777477248,10.3862167821032,12.0123192026823,1.44284188162905,3.21659143636904,8.50743347917366,-0.617191036779098,0.517457133672094,0.870377172464086
-0.306955587971487,0.201558378730728,10.4543056750529,12.1495318029969,1.47173880828547,3.19902829132247,8.64169728076909,-0.612113912093597,0.514091199307068,0.886272689323891
-0.311230681978008,0.204186531412971,10.5531109890772,12.2950236358097,1.51550851111598,3.2177225370613,8.77766601013968,-0.61089546379577,0.513486420280157,0.903422746316991
-0.317786850643656,0.208239710209015,10.6833297760436,12.436624351296,1.57383820446923,3.28618068631551,8.90577900170732,-0.615711135077465,0.517767736471937,0.919663818576606
-0.322687877911302,0.211185699715256,10.8325610909068,12.5656168871598,1.64460037524475,3.41156658691038,9.01893271254739,-0.628448900447533,0.528813023950124,0.932904034850487
-0.316151760253804,0.206717721453726,10.9783810911541,12.6765597212219,1.72410332459109,3.59068035791128,9.11280891491477,-0.649949768063742,0.54716783560348,0.941475505851955
-0.303678835269044,0.198406713354758,11.1187094058441,12.7670001611885,1.80776721236414,3.81074412268272,9.18454631059422,-0.679845664524454,0.571931973444482,0.944187651217621
-0.305819551885007,0.199551256905543,11.2849858720001,12.8416869139971,1.88997859320888,4.05254721117449,9.23335554648441,-0.717188075596644,0.601685052755173,0.940340110944192
-0.310980812547159,0.202678022444629,11.4521434108386,12.9211056514909,1.96409049117614,4.29506446419121,9.26295440487861,-0.761120564956843,0.63593169355986,0.930003245245094
-0.317889550310286,0.206972686588104,11.6090220857305,13.0411144223192,2.02418087554574,4.52250666402859,9.28061152747056,-0.810840413216686,0.676020167144048,0.914168491162879
-0.323231319162241,0.210292000559144,11.7406321543007,13.2343221225404,2.06719864715137,4.72833926184115,9.29142318111736,-0.864841133692217,0.724098231284582,0.894210925397044
-0.331542830081482,0.215560372803383,11.857849718106,13.5076366463934,2.09253620769841,4.90848764801276,9.29437139580048,-0.920174059251017,0.780108618242359,0.871174894822896
-0.332689771552529,0.216219715632409,11.9276468328689,13.8365093164734,2.10068138411623,5.05302940504961,9.28434887856553,-0.972399117031613,0.839667548945419,0.845631935735086
-0.330547762330666,0.214772500818875,11.9569904230866,14.1816541554191,2.09424249381948,5.15275828560404,9.2562382775866,-1.01728979351968,0.896231603897064,0.817741061940178
-0.366067463252883,0.238398972427981,12.4749881978748,13.5716066751344,1.72257706083986,4.58822675499568,9.00499377160395,-1.10437202169343,0.87497642266802,0.720860504154974
-0.288646700251677,0.186885317255751,11.4391483958237,15.6402279600258,2.37873718520964,5.78052060374218,9.32047947662199,-1.02401262889868,1.03838506306845,0.829503779306049
-0.320033769031112,0.207865182733261,11.8516652291581,15.0213497324132,2.07070512674243,5.34310200618614,9.01115141786126,-1.08179229966079,1.01847458473928,0.732517860385942
-0.335653551239792,0.218182411259729,11.8417678079752,15.1738793154413,2.14900752265084,5.59429022824669,8.74641766379301,-1.09942057378896,1.04491899084715,0.676025346212584
-0.337368219157342,0.218944051279969,11.8678525960445,15.2416514278727,1.97796678125525,5.18010348795048,8.80969096971784,-1.08506549442242,1.05817110677382,0.656658786834794
-0.333447953267593,0.216663575939434,11.7948271356321,15.2001078020398,2.08455577679723,5.46779008716067,8.46831813212201,-1.08772607594738,1.07131867858114,0.598582073525248
-0.33369609309629,0.216930142754048,11.7613451876622,15.0720196078893,2.10821859628299,5.49610626041546,8.21937678463813,-1.0765525858847,1.06929958210296,0.555585055805696
-0.329776161085354,0.214512652873938,11.7165175444033,14.8550560484629,2.13713898093034,5.50190977164263,7.94275831518546,-1.06067854131096,1.05728088381101,0.514835971536612
-0.326183096014845,0.212295375525974,11.6669352808824,14.5695729909935,2.16642607154337,5.47109941642837,7.65235882862604,-1.04092909487183,1.03603830093437,0.476873154170126
-0.32232851254351,0.209889137275423,11.6089775583159,14.2367611290585,2.19368157853405,5.39762671153324,7.36013258979753,-1.0177464201666,1.0068068095192,0.441745043323922
-0.31813916724888,0.207232956481791,11.5394864769082,13.8811237389912,2.21784519751844,5.28769922922233,7.0738359964992,-0.992130712376334,0.972657026643989,0.408775952476552
-0.313788880817781,0.204423233033399,11.4588635329198,13.5298404640838,2.23876977223684,5.15652293721025,6.79814202876768,-0.965566704038708,0.938075178944609,0.377100997409991
-0.309478567998032,0.201588595853671,11.3718693317479,13.2017700411024,2.25653615492499,5.01475072266503,6.5375291445451,-0.938795130838358,0.905669011283381,0.346697680517527
-0.304947117311183,0.19857584842657,11.2846116046401,12.9027992063456,2.27126041474847,4.86737074753925,6.29579292589797,-0.911818952789125,0.875685387509926,0.318319097172132
-0.301182211114242,0.196038763114585,11.2069497630736,12.6320745389165,2.28319910493684,4.72025205001001,6.07460101487982,-0.884719547829385,0.847972371824593,0.292849320788922
-0.298706066243605,0.194316639225273,11.1427974752213,12.3856374371905,2.29264253091732,4.5795900944055,5.87396750750772,-0.857719453820255,0.822434407563868,0.271102818524
-0.297148775837468,0.193170652500785,11.0912861619312,12.1585549372459,2.30002647420104,4.44780507258921,5.69478619678366,-0.830955731820588,0.798562369759771,0.253925281981896
-0.29614441436828,0.192383474083423,11.0531117108099,11.9492355139392,2.30659613256211,4.32281115830264,5.54036867138826,-0.804600233160663,0.77553833953033,0.242106177584328
-0.295299494121703,0.191734931274925,11.0278269669772,11.759140970867,2.31420633414932,4.20108583077361,5.41387637617265,-0.778914160588887,0.752661274347465,0.235896259210005
-0.29486451938314,0.191414082809886,11.0126437407731,11.5889958520093,2.3242295425789,4.08041240561387,5.3159601609205,-0.754105589255667,0.72946622868188,0.234754306209958
-0.294651119729131,0.191308484998245,11.0020621738304,11.4383125872043,2.3375609250144,3.96116116201437,5.24534518392317,-0.730423332593336,0.705709935975148,0.237662069067735
-0.294472450900244,0.191283491464908,10.9910650715275,11.3062610229284,2.35516351842019,3.84920127158465,5.19833688759992,-0.708383712146549,0.68185171976703,0.24330118940521
-0.294264403206616,0.191255523007984,10.9767362365494,11.1909603063664,2.37773235701521,3.75283147483513,5.1698703029894,-0.68866610294932,0.658709117939484,0.250292565948681
-0.293888708933355,0.191084458618199,10.9578475807856,11.0905436800818,2.40574963636624,3.67184747508687,5.15926008110848,-0.671702310835669,0.635954878311821,0.258119111046418
-0.292900449578451,0.190440212029348,10.9348383121985,11.0061675177797,2.44021420827078,3.59829858393614,5.17091204165871,-0.65759630011167,0.6124673355107,0.267565636205165
-0.290736940912745,0.188908285747237,10.9111430435342,10.9407225716339,2.48222908718499,3.53141865252244,5.20511192388392,-0.646036394219108,0.588523038340833,0.279659190911968
-0.287365872855142,0.186440952097608,10.8929435328921,10.8946443232149,2.53168964743806,3.48311737474913,5.25237087113527,-0.6359725090906,0.566260128648738,0.294448216775492
-0.283489002721922,0.183567580386051,10.8860055718366,10.8683182197634,2.58767944692365,3.46380276976948,5.30207890111515,-0.62594578457203,0.547386926071091,0.311367115611862
-0.279888407676033,0.180940655846188,10.8934032131897,10.8665428697201,2.65042560179608,3.46624201639927,5.35384669883596,-0.614986908298864,0.530685169766581,0.330457796096445
-0.277617696338491,0.179327405437108,10.9186117995218,10.8916250938924,2.72066771466231,3.47158672555083,5.41424680673968,-0.602974109450223,0.512736845870286,0.352182086067288
-0.275532193293301,0.177958527675068,10.9575372031141,10.9339948883993,2.79668752817326,3.46778852954313,5.48601013434042,-0.59027504166228,0.491000909042024,0.376311983222197
-0.274954281626182,0.177596200366839,11.0096829652201,10.9795851437033,2.87472617032437,3.44901739110544,5.56817196060453,-0.577449727915691,0.464793264568554,0.402183955557119
-0.276015064543787,0.178242070423544,11.072576788854,11.0255246212573,2.95276216792785,3.40558651773451,5.66318734114378,-0.565448209845233,0.434359186304697,0.429590208604718
-0.277192712971999,0.178861123864616,11.140723075143,11.0823389923525,3.03185292184871,3.33291978538176,5.77629084220631,-0.555727701927103,0.401230718297163,0.45838521869252
-0.277127908517735,0.178566100355541,11.20587358668,11.1637009682836,3.11417920643807,3.24439890552471,5.90980942183962,-0.5498540376166,0.368512943055548,0.487666500831849
-0.27606749952628,0.177573392641393,11.2627482741004,11.277841791096,3.2012672817767,3.16591584028684,6.06239184555056,-0.548952074028591,0.339236161714368,0.51608831268011
-0.274856046507349,0.176517597887494,11.3069699949575,11.4252248774061,3.29360425559638,3.1251415938221,6.23209099224676,-0.553490473197709,0.315103324438651,0.542652438049599
-0.273164469754734,0.175221974534178,11.3407128933359,11.6013972933081,3.39145817677924,3.14223768030069,6.41914644540846,-0.563483360596474,0.296428362757059,0.567050287006466
-0.271091490189623,0.173719453379393,11.3660260174826,11.8020436202357,3.49630248492314,3.21787982722608,6.62571152211283,-0.578953864995642,0.282040153449908,0.589569019526132
-0.269349081282707,0.172457624440272,11.3824750531104,12.0248404355481,3.61123222963048,3.33347732592897,6.85008467719616,-0.599852659668407,0.270027387963852,0.610227030801983
-0.267466551091404,0.171175680319518,11.3944577891659,12.2678894463302,3.74013446700961,3.46836112386165,7.08382738186305,-0.625578883428823,0.259087561737677,0.62816264055845
-0.264761313560904,0.169462439921546,11.4124594347593,12.5294048456803,3.88710059364765,3.61009682424761,7.31923179534077,-0.654970356485871,0.24835495409366,0.642921331986046
-0.262414015047201,0.168063666221258,11.4552658106729,12.8096068871964,4.05610777344937,3.74671195115582,7.55575592378447,-0.686543324679481,0.236096535731344,0.655939497276441
-0.259931563509097,0.166639013319578,11.5309039525552,13.1095783096128,4.24917854704867,3.86609669566049,7.79525237988873,-0.719686092150725,0.220055270784604,0.669698685452399
-0.256251698813208,0.164466225797515,11.635088858632,13.4266232239036,4.46436807614305,3.97278325021264,8.03547423013841,-0.753780475159178,0.199724906647739,0.685773278310119
-0.251252384528256,0.161393907385963,11.7633811665557,13.7557404671451,4.69770945783607,4.08681302601382,8.2726690653505,-0.788888783864067,0.176834314323528,0.70458891010457
-0.244324865299368,0.156975150019022,11.9018252777362,14.0959710010625,4.94707992116916,4.21639574717481,8.5064154274308,-0.824566925865689,0.153010798196602,0.726511361674432
-0.237102911639296,0.152266928040487,12.0446424357851,14.4474598440379,5.21148950821333,4.34571219868469,8.7368148380355,-0.859646431557726,0.128568655281024,0.751904666406923
-0.227080739998551,0.145674288772147,12.1993196006056,14.8013019763784,5.48663414525817,4.45258565220428,8.95892539359334,-0.892277905223183,0.103876800478975,0.78027631284096
-0.215872149800283,0.138248490775664,12.3638422717861,15.139852847913,5.76415295619371,4.5269078080107,9.16343522445507,-0.920460067034264,0.0804241945135666,0.810123468190078
-0.205967143855388,0.131598593350331,12.5400035537237,15.4490989925815,6.03621752695513,4.57033315282782,9.34238051880721,-0.942895237182981,0.0601095666364332,0.839546540433272
-0.197864768130228,0.126065354416868,12.7235357079286,15.7237243176207,6.29795969822279,4.59022965154701,9.49199619638836,-0.959227147658716,0.0444527345179049,0.866786106190708
-0.18711927953613,0.118805074663763,12.9136986872776,15.9585562919196,6.54464916678897,4.59883709049637,9.61035493954976,-0.969720543404136,0.0344185228055291,0.890523937483763
-0.176004371924313,0.111304268682293,13.0826017754766,16.1426344880024,6.7699787155565,4.60893891724873,9.69466071976168,-0.974450500224791,0.0297549968479801,0.910057508186072
-0.163010281238578,0.102592420443878,13.2224912861867,16.2642531713456,6.96821573846802,4.62644955883075,9.74164255839841,-0.973553124020446,0.0285819931487407,0.925283537336149
-0.110695225165358,0.0685258476491424,13.2651125803618,16.3181561571059,7.13625139236222,4.64895759840301,9.74967907466304,-0.967560637307103,0.0283195985112347,0.936573779230945
-0.104424997179126,0.064148898554972,13.2727740890664,16.3577776547607,7.30738905829845,4.417000176837,9.73261806954798,-0.953015863525988,0.0228046515935903,0.949850216081386
-0.0779619498041973,0.047071072640011,13.4567987696589,16.1790680137383,7.34344619845956,4.93245147362421,9.64086253945223,-0.946197919929644,0.0250758446717466,0.943843984629156
-0.0685094109980909,0.0406806536322641,13.4285053657568,16.1079128189288,7.45728953398035,4.69202677633569,9.55307875548991,-0.924660288756175,0.0111755598913276,0.952185051062378
-0.0597222622894045,0.0346934793203068,13.4441183373656,15.9404792943176,7.51218810126921,4.66639052370123,9.42438031788376,-0.905148973402081,-0.00329188346626906,0.951919382080575
-0.0519156360715263,0.0292816517213189,13.4590273472743,15.7404514714078,7.54431252237246,4.64237076422527,9.27479122081828,-0.882929228630371,-0.0213180968347382,0.949458088429293
-0.0474449495187227,0.0260526379275862,13.4694368776334,15.5277002981127,7.5613289455341,4.59758972538889,9.11375394896219,-0.858120933167167,-0.0419257583783027,0.946038891416897
-0.0452492266393781,0.0243454068749884,13.4750113593175,15.3184446494433,7.56893890720207,4.53153122642646,8.95092700394917,-0.831740500640206,-0.0636546007917217,0.942806003232014
-0.0540662949015064,0.0297925624874614,13.4795659832641,15.1224970733214,7.57050714579925,4.45348584149386,8.79361410922591,-0.805073980501867,-0.0847395721252943,0.940436773970996
-0.0758084893667999,0.0436436422835689,13.4622471278061,14.945840831491,7.56873908607179,4.37389707375167,8.64678451177265,-0.779039186256766,-0.103402538952961,0.939323173074121
-0.076036003642394,0.0436799521247219,13.4228469028884,14.7943963441851,7.56711407077762,4.30086667738417,8.51490131651823,-0.754303354875204,-0.11793921775468,0.939736096344584
-0.0782366195097506,0.0450949153487102,13.3718286286783,14.6728510547757,7.56887117872794,4.24197225092655,8.40223188892902,-0.731650723089935,-0.126758490647258,0.941630473430674
-0.0819753409638074,0.0475853925240732,13.3321822928319,14.5842519193403,7.57674884174248,4.20300689549577,8.31229639460843,-0.711947521688141,-0.129050644198605,0.944735298786683
-0.0441720365856617,0.0222472952895695,12.8061231856362,13.6416450881931,7.07913087504013,4.65759180393695,7.91234953014933,-0.7150245902989,-0.0995269695961074,0.879954853946248
-0.14731142854937,0.0907748030614647,14.0407665082029,15.3432674368933,8.09347002340175,3.54059822275748,8.46668140867086,-0.676002614263405,-0.145208846225459,1.00755055181389
-0.0922115558538152,0.0546817440556688,13.2953922632432,14.4799132727639,7.62646377296425,4.40366807640279,8.19880650990978,-0.67470468611877,-0.0977901024594292,0.955583650884105
-0.0989453961210922,0.0589186326128381,13.2802170229037,14.6661926495646,7.74779719316748,4.25579259179931,8.23076322127237,-0.676585783617524,-0.0913603428939976,0.961740540299868
-0.0994454604981456,0.0593482265863826,13.232853178925,14.7238236985332,7.7978111258379,4.46798323555804,8.28076636174601,-0.680904392818281,-0.0733968331445884,0.960989871662339
-0.101923724591833,0.0611136712588649,13.2027031389775,14.8992360760637,7.91190906340219,4.64834110812969,8.38510373923565,-0.692407598345075,-0.0586306767517623,0.962884803305181
-0.103822781957787,0.0625869776526688,13.1750678329932,15.1185114471314,8.05089790062192,4.91085735392963,8.53434898090171,-0.711625925441196,-0.0434587615765705,0.963572877320029
-0.105155672021642,0.0637624861241541,13.1660629464807,15.3936395077129,8.22210461178176,5.22072281547883,8.72882756252883,-0.739621075800255,-0.0298125656512323,0.963681243105452
-0.104534959176341,0.0636457557890076,13.1847166157219,15.7054822932936,8.41626475387823,5.58166826599402,8.96222498898215,-0.776254314381159,-0.0181336017494163,0.963153646931209
-0.101415595041005,0.0617530339408623,13.2372093877196,16.0435225615312,8.62872059572757,5.98134430736497,9.22753194157055,-0.820551718577403,-0.00895854361384424,0.962891046734327
-0.0968557120898013,0.058765479959742,13.3267971640284,16.3969816326061,8.85429224854329,6.40745839501129,9.51593222880507,-0.871062340214218,-0.00165444656535557,0.963793785976225
-0.0910051669162903,0.0549104801032267,13.4431011206538,16.7500563327104,9.08432756550888,6.83576834938941,9.81105432728199,-0.925347922851846,0.00480364067346051,0.965835685195369
-0.0841351841316623,0.0504587708369569,13.5678695943382,17.0708932640397,9.29996192637946,7.21659769699065,10.0793463484298,-0.978771450317628,0.0102960526173715,0.967104126204287
-0.0767950468120835,0.0457595349613852,13.6794067004776,17.3081253535372,9.46951632598025,7.47505950840766,10.2685504803589,-1.02436427066758,0.0130608501810394,0.96385370357567
-0.0689122953304361,0.0407230312206398,13.7577986322813,17.4046492639703,9.55641619217358,7.53705078227128,10.3241759779647,-1.05484874675502,0.0105889482370489,0.952060149615127
-0.0616141655759657,0.0360462133873541,13.787649847034,17.3304959464473,9.53922346818765,7.37076332827716,10.2220297748487,-1.06612629054914,0.00129581267561221,0.930199836139757
-0.0541029070050572,0.031189646704156,13.765512764297,17.1045984901626,9.42648379292312,7.01056923247829,9.987767161634,-1.05913906014314,-0.0139465100883832,0.900897628289426
-0.0455905028651062,0.0256175608872274,13.7067005017459,16.7797605513303,9.24937728254669,6.53684695262927,9.67920778935889,-1.03843885078091,-0.0318019164623213,0.869381652299421
-0.0381399869842645,0.0206513885869435,13.6222054902408,16.4137178401713,9.04399627049754,6.03677303201395,9.35440237724768,-1.00982281486429,-0.0479744682166658,0.840616591283819
-0.0330366846349467,0.0171314118605437,13.5244110363315,16.055084018836,8.84152846881159,5.57981785086923,9.05622117505727,-0.97898205681925,-0.0589697060602761,0.817981112810548
-0.029718085788455,0.01471809668279,13.4237937490628,15.7417945547507,8.66599271956119,5.21049472524462,8.81250995291863,-0.950891659226262,-0.063053193248594,0.803479259831294
-0.0281459285567711,0.0134009521202335,13.3733800210796,15.5017152457954,8.53383266958128,4.9521597195859,8.64073587705514,-0.929766022790673,-0.060149976944767,0.798160347214543
-0.0258575067949151,0.0116369213560669,13.3392137260243,15.3529399133944,8.45444946619163,4.81539318188396,8.55215927337412,-0.919209483813194,-0.0512548240377401,0.802299697778011
-0.0223239364655546,0.00913008647867025,13.3020340451699,15.3043857588673,8.43167866050966,4.80342078922839,8.55334955665568,-0.92195814375917,-0.0379543767018529,0.815425353243806
-0.0191098939027768,0.00691828326817223,13.2702534691565,15.3574207184384,8.46583256918761,4.91304433610448,8.6452061024813,-0.939156886825448,-0.0221172655809999,0.836280165281245
-0.0125606869658759,0.00263917796974333,13.2533318126754,15.5052003166238,8.55408284130183,5.1321636631666,8.8196193700417,-0.969533033031497,-0.00576056285521073,0.86269388568033
0.000149055748180582,-0.00556333606714193,13.2627373841832,15.7253593256762,8.68710994138021,5.43491127016945,9.05377227802785,-1.00829416071184,0.00894587756875989,0.891314452800474
0.00613308312857985,-0.00939179855872693,13.2818685236417,15.9705240056387,8.84421059575037,5.77657392589418,9.30525364414014,-1.0461688914654,0.0197191181962243,0.917567826494513
0.0112305377850568,-0.0126491808975613,13.3119602343246,16.1774337918376,8.99614816313068,6.09463510651893,9.51893608621415,-1.07110180453832,0.0244760433220613,0.937111986351929
0.0147184925000129,-0.0148883713319151,13.3498337362452,16.3046732356588,9.12129280727589,6.32630154297596,9.65280843034739,-1.07423731641151,0.0221556849086947,0.949040211390703
0.0157536880067372,-0.0155705791399065,13.3975967782023,16.3549902146731,9.21586615685492,6.42910602595161,9.69680759893409,-1.05437557147839,0.012937261789963,0.956987884345182
0.0141736855698615,-0.014578000124883,13.4579763236627,16.3512975536192,9.28379326414919,6.38268226536863,9.66131752411632,-1.01555027378033,-0.00249845097863877,0.965517913403151
0.0103688178565289,-0.0121373283218248,13.5272285468811,16.3093717050351,9.32582327753422,6.18853263579686,9.56063410093655,-0.963340705325545,-0.022886610829614,0.97603778122182
0.00516701475647446,-0.00875203583642936,13.5944254480347,16.2358517154207,9.33989965609408,5.87880099404709,9.41135776075612,-0.904728114612275,-0.0458959739611532,0.986328261588951
0.00146719545835877,-0.00626399759801655,13.6450563152446,16.1349507892946,9.32377047317603,5.51011435523095,9.23315282948343,-0.84846415531775,-0.068800521263248,0.992727921691552
0.000839871280097659,-0.00570578376774855,13.6762803578551,16.0152140254145,9.27811709002458,5.14218211237922,9.04751015642581,-0.803488261956165,-0.0893960957417399,0.992749809563097
-0.00191433438412736,-0.00381927335313065,13.6947909021498,15.8903955285945,9.20903997005362,4.82472977838204,8.87649089822454,-0.776467095522074,-0.106139423829336,0.986115132566588
-0.00510504912404086,-0.00178043050282706,13.6982127944069,15.7714656210384,9.12548733115089,4.59461293894324,8.73808810055767,-0.769973843460112,-0.117805815726323,0.973662809224344
-0.00975305340648203,0.00109549285784116,13.6999909470147,15.6616098711174,9.0358006699192,4.4742534046112,8.64181849672571,-0.782123985989789,-0.123032338033087,0.956334588291961
-0.00996146987773988,0.00108055976017274,13.6792933597446,15.5594670831619,8.94783396435688,4.46973221744773,8.58913530103905,-0.807428879098106,-0.120514793164856,0.935775986396891
-0.00684164138776666,-0.00108219086805045,13.6357121162652,15.4632131802018,8.8689977375764,4.56713680231598,8.57492911922647,-0.838593378463858,-0.110311624896349,0.915023771494402
-0.00305615259430569,-0.00366905143604934,13.5613198412347,15.3695359263993,8.80285729536602,4.73404917573135,8.58755022841547,-0.868999615625357,-0.0948171589671128,0.897409151257385
0.00521312242717525,-0.00913443922486751,13.4476186928811,15.271848196817,8.74665304587373,4.93235979819535,8.61121647258302,-0.894744479254856,-0.0777465809541,0.884428213718849
0.0122157442702113,-0.0137708657182448,13.3413536537172,15.1655800967036,8.69544040399569,5.1305494020886,8.63228871322614,-0.914614492371823,-0.0621371593951536,0.875448235552193
0.0169088355900301,-0.0168919000411767,13.2416183674018,15.0550921712975,8.64798367106864,5.30575865369308,8.64416236695419,-0.928778656053927,-0.0496417605527804,0.869381252397694
0.0263670495380257,-0.0230468347464394,13.1289739046193,14.9515993675619,8.60675970054881,5.4428983070422,8.64662709488651,-0.937978711897768,-0.0408907725811048,0.865792075458818
0.0339914194948903,-0.0279819562162317,13.0440513002293,14.8659648942098,8.57483615414361,5.5366871605916,8.64290272970021,-0.943343262618694,-0.0357762611465206,0.864641845421188
0.0415184217935945,-0.0328379938687417,13.0072622831046,14.8044819408292,8.55409746154736,5.59007169663708,8.63671628276503,-0.946095237518309,-0.0337203949496886,0.865745964426381
0.045370362197355,-0.0353166388761549,12.9826148538769,14.7678670211616,8.54427549955511,5.6077822599564,8.62954093087993,-0.947131164170463,-0.0341180189667747,0.86858575903251
0.0449919324119122,-0.0351011333133683,12.9717781685035,14.7524770640921,8.54342838752445,5.59479997426495,8.62044311017335,-0.946922460797267,-0.0364749828942216,0.872419444169611
0.0408389483302568,-0.032520081360758,12.975598029275,14.7533964775789,8.54982496171919,5.55911747529102,8.60852578617396,-0.945645261348973,-0.0402512206473001,0.876588384040183
0.0329330635003194,-0.0275840087988704,12.992432773791,14.7673773130984,8.56312223761093,5.51059815212963,8.59444448324637,-0.943467005353595,-0.0449287344578854,0.88068926137548
0.0265574631546308,-0.0236480499372594,13.0324452692783,14.793251759515,8.58379458539175,5.45883994483337,8.58062344994046,-0.940782541827412,-0.050070904194109,0.884579211885825
0.0203455572879649,-0.0197400209825858,13.0848237186326,14.8294179635804,8.61160773435345,5.41390102539048,8.57030712145855,-0.938174253462453,-0.0551551126804993,0.888213139314431
0.0149319743659651,-0.0162496486883067,13.1434978794134,14.8719792916711,8.64463190448497,5.38506865819629,8.56568004180559,-0.936165691109002,-0.0595555762947814,0.891461519234475
0.0110564322888407,-0.0137095200543626,13.206141539388,14.9160827470851,8.67974351108379,5.37604805672413,8.56649960027106,-0.935035351345409,-0.0628864152422568,0.894072358782423
0.00920153265512963,-0.0124867182930817,13.2779986126926,14.957404827699,8.7134849525016,5.3823137983612,8.57015422099171,-0.93480571848205,-0.0652160898340824,0.895727546030306
0.00873697836990961,-0.012178626301752,13.343956985403,14.9920001352051,8.74246270743995,5.39409893481098,8.57262852597103,-0.935233041146813,-0.0668178395629976,0.896147713648049
0.00866561503530899,-0.012135280576603,13.4038522617877,15.0174208219443,8.76447515574946,5.40282285690806,8.57109517731173,-0.936103478465066,-0.0678203696551312,0.895234768526208
0.00875558572558072,-0.0122027225219231,13.4546475474926,15.0349115145218,8.77999929358855,5.40593410574833,8.5660635359024,-0.937469693597285,-0.0679503614942603,0.893098839481777
0.00889859839796397,-0.0123071975530797,13.4937450524053,15.0484286326145,8.79161840521181,5.40570482074041,8.56041040164905,-0.93952010836653,-0.0666850398883365,0.889867523505034
0.00907712778007708,-0.0124322789319679,13.5178947043329,15.0608600258148,8.8017001046645,5.40502828331217,8.55641057195672,-0.942219006058839,-0.0636820077887937,0.88553991355292
0.00939425669828875,-0.0126447605445091,13.5231130066418,15.0727305925142,8.81143061340918,5.40638416329415,8.55491856572674,-0.945262795217483,-0.0588358518682772,0.880102560746817
0.0100151513764116,-0.0130533870069352,13.5070515328077,15.0848194542126,8.82197408852574,5.41221168394695,8.5570300842315,-0.948339950789586,-0.0520920472563403,0.873851736772615
0.0109165598582296,-0.0136369691472834,13.4710405991313,15.1004783800671,8.83563510446168,5.42308560116691,8.56518929442023,-0.951293059761044,-0.0437171498411685,0.867626079345853
0.0118125672563705,-0.0141994363188606,13.419365563548,15.1254130013314,8.85596991618724,5.43698900163721,8.58283299010911,-0.954053700718587,-0.0344503242181468,0.862697103975247
0.0123563635831497,-0.0145105020629396,13.3573011806469,15.1663848167361,8.88744384012485,5.45300341105554,8.61435942904992,-0.956700008833184,-0.0250801254161344,0.860472807965742
0.0122417467242641,-0.0143709178036778,13.2897281992094,15.2299825309115,8.93486987177249,5.47486677942397,8.6654505326122,-0.959570022338891,-0.0159675537426597,0.86236477580477
0.0111962981425313,-0.0136015781760744,13.2208456884279,15.3206567038138,9.00216344310034,5.50990704002941,8.74192387411419,-0.963098521868297,-0.00715350407745807,0.869808476159823
0.00910210547707208,-0.0121231067084312,13.1568049606191,15.4389884055941,9.09067772646044,5.56249346287242,8.84699690957558,-0.96760432710311,0.000820187138861395,0.884258573391413
0.00622497459464211,-0.0101082254286747,13.106499125261,15.5830125443952,9.19881243153626,5.62506709831862,8.97920691909325,-0.973361208595455,0.00601222146466174,0.907057741672363
0.00353413753350357,-0.00818318648412808,13.0664667826277,15.7496330944723,9.32285625958932,5.68000239823778,9.1331403636189,-0.980752216329348,0.00537295295606227,0.938973723126318
0.00216327014377143,-0.00708713018679236,13.0356266221443,15.9328020212304,9.45739089082763,5.71483811477455,9.30227597844284,-0.990326505184942,-0.0035643841316349,0.979389979211484
0.00306673059699158,-0.00745106940980556,13.0109300430174,16.1237556971738,9.5962953830078,5.73142530693437,9.48127503068197,-1.00280869631526,-0.0213824439338358,1.02576377659289
0.00687109464345964,-0.00970582591244368,12.9915498849273,16.316501296211,9.73567345775731,5.74001228181756,9.66668253224506,-1.01892214320846,-0.0470407287713283,1.07393577421234
0.0109955125892594,-0.0122189556017004,12.9907171328064,16.511579945426,9.8754765897471,5.74859690659806,9.85602923422385,-1.0388219366321,-0.0786621577294395,1.11906650924918
0.0173401272375832,-0.0162421959334706,13.0087033416382,16.7110700339088,10.0161454386021,5.75584661552562,10.044851430208,-1.06128381690054,-0.114166095240235,1.15668513820998
0.0252920079829982,-0.0214209382219789,13.0990873942787,16.9094483521578,10.1533630250696,5.75114452869857,10.224241265427,-1.08343328187378,-0.151744061165161,1.18367298981791
0.0169449361456216,-0.0158285651177019,13.2752668817416,16.2576080940762,9.84383062554462,6.38396277571048,10.236660321127,-1.11463480859679,-0.144096371278237,1.1547575430004
0.054959740005403,-0.041301775582459,13.2802405458693,17.9630656188509,10.7553675880685,5.09589248978982,10.6379273098384,-1.1070729156836,-0.258793311080216,1.2342304088997
0.044346334516662,-0.034478393714071,13.5151000611525,17.376415326203,10.4676072401864,5.54581626400516,10.6111487584616,-1.11517802960994,-0.252480883492371,1.1983514806814
0.0466932373363997,-0.0363072211460975,13.6519129978547,17.3901723913443,10.4790834910006,5.47209764688016,10.666134853043,-1.10452799644283,-0.272510111708414,1.19118623120235
0.0467978241576097,-0.0366558407545596,13.7679620813406,17.3975945964278,10.4792446563226,5.3559189905743,10.7026964783028,-1.08200175625008,-0.286031315419175,1.1875070350856
0.0469127591056513,-0.0369482485008187,13.8729450450524,17.3782617371446,10.4572573237222,5.23734552099978,10.7237111479351,-1.05014814866772,-0.289725105698499,1.18699628819182
0.0473532634342771,-0.0373740256882752,13.9674480445349,17.3294755019194,10.4120290835348,5.12935662663784,10.7329003790483,-1.01074298574291,-0.283823705674432,1.18938144664461
0.0475659677020482,-0.0375532417264768,14.046631313264,17.2417831319211,10.3379953396549,5.03725593079384,10.7281481049742,-0.96557170299563,-0.270057569734141,1.19299400031473
0.0459976732341685,-0.0364589548100596,14.088007979227,17.1047020811856,10.2280952912431,4.9597119066265,10.7032481833838,-0.916777906056603,-0.250854204709385,1.19544326585941
0.0426051055962094,-0.0340835640523764,14.1046283157876,16.9108365360418,10.076650279593,4.8908416227742,10.6504561997976,-0.866800443091467,-0.22866881829827,1.19422368633213
0.0318857784124664,-0.026874613673601,14.135150219778,16.746858014787,9.91440640648508,4.52683054510229,10.5536194367994,-0.820140730412997,-0.212935617544182,1.18469175956379
0.0399455641616971,-0.031876867601398,14.0731505376234,16.2606334018582,9.60743559012981,5.02737370085496,10.4453622313471,-0.767710522955455,-0.175835028973202,1.17646452310692
0.0290269267371037,-0.0244839896951087,14.0380918397053,15.9676223651511,9.35362737933239,4.66240250082906,10.2688641683673,-0.729390965789964,-0.160303912032553,1.15179174382525
0.0190649064549902,-0.0177470750473965,13.9944920356401,15.5197870801549,9.01892977548988,4.57299376262863,10.0524238927674,-0.695482651864482,-0.137558043895758,1.12070832090305
0.00862473375817541,-0.0107053778776226,13.9431475996038,15.0198241584527,8.64907654400103,4.4609997853839,9.79712640967197,-0.667724786353151,-0.116797615593678,1.08284290918193
0.000963534708321223,-0.00546846626436259,13.8784658489393,14.4787268979635,8.25233264618852,4.32082154097796,9.51021393956175,-0.645669421723573,-0.100059966033239,1.04068009453014
-0.0138513793937322,0.0043717788094863,13.7990288997005,13.9170936457106,7.84168025833076,4.14551039066177,9.20447222573825,-0.628775542207148,-0.0895817725128114,0.997763634091752
-0.0198772697857374,0.00850929686387275,13.6859204835823,13.3525019545319,7.42833332744387,3.94063831295805,8.89242208067734,-0.616787406220704,-0.0860055762067505,0.956753337641734
-0.0253558673704604,0.0122683597978674,13.5501557042607,12.7978561859071,7.02159974940632,3.71975551929016,8.58380318595053,-0.609239978427341,-0.0881973278437874,0.918859333215523
-0.0356008296440316,0.0190883878635099,13.4183430663516,12.2644691623966,6.6301508680175,3.49754409156392,8.28642357478092,-0.60536755402489,-0.0937602849590465,0.88427099304874
-0.0474118333611504,0.0269135530113122,13.2902642495599,11.7636683318468,6.26133975539906,3.29046443698305,8.00654045718891,-0.604326472924486,-0.0991334343927705,0.852530395666549
-0.0593992072666225,0.0348458511597784,13.1646199229147,11.3050150654178,5.91965962311893,3.12084247354982,7.74727990577296,-0.605488515971723,-0.0998475124714322,0.822730745092911
-0.0720934910035594,0.0432259912004294,13.0278964910594,10.8983475016902,5.60861994119448,3.01534533705223,7.50978667679933,-0.608524530274988,-0.0917711025652764,0.794186282162111
-0.0839701051570122,0.0510655344671984,12.8772973315846,10.5590027892738,5.33391075640703,2.99517616768344,7.29680863748467,-0.613532426000875,-0.0724690888274306,0.767170072442769
-0.0988301586073055,0.0608153206499281,12.735877737956,10.3023234377868,5.10070276445253,3.06424978870672,7.11163303603761,-0.620718109034593,-0.0418529292480893,0.74252703176743
-0.115990021474592,0.0720441139472222,12.615271738449,10.1290676869847,4.90771909968734,3.20102577870299,6.95382441191768,-0.629719203808142,-0.00284922745786526,0.720513730453532
-0.125778874922379,0.0785282041748142,12.4993077759652,10.0191897466843,4.74604488241292,3.36230334421153,6.81879439012701,-0.639542418312923,0.0387561338354051,0.70003780239347
-0.12951731010455,0.0811291163903198,12.3910880729342,9.94169469247529,4.60336499223123,3.50720561376166,6.70121532058147,-0.649137459987751,0.0774813328912987,0.678732019459965
-0.134049155230063,0.0842587704675484,12.2946384348859,9.8707614807591,4.46885779483432,3.62157173973275,6.59723665511086,-0.657860974694782,0.111817067140405,0.653811105854773
-0.132912819371917,0.0837333396481164,12.2047992377196,9.79273952208782,4.3349995095288,3.71722678581878,6.50287393009076,-0.665941615298699,0.143931911477543,0.623228218077658
-0.133145961678134,0.084111927578795,12.1194300806781,9.70413029881625,4.19814959582437,3.81410668970761,6.41267596978818,-0.6734758383254,0.176457220780075,0.586746562508155
-0.133670488080763,0.0847264121842808,12.0416401342536,9.61041197670285,4.06027158844818,3.92270463979212,6.32178500843506,-0.680311356061312,0.210132929130062,0.546363157720923
-0.134369191259102,0.0855125032756541,11.9669146171734,9.52459386653258,3.9287101215837,4.03574098889829,6.22860047221162,-0.686124568806151,0.24361923375629,0.505548939904737
-0.135978296610474,0.0869185789292191,11.8916168972014,9.46021873968728,3.81178408748818,4.13607446264088,6.13674784557083,-0.690788710939674,0.274945196946404,0.468112604113938
-0.139828532745253,0.0897481929200502,11.8154132671607,9.424654500778,3.71441240830273,4.21313756842565,6.05470295039273,-0.694445036091489,0.303400157293729,0.437232901721179
-0.146739365090368,0.0944795758970134,11.7412461217996,9.4218100384422,3.63885046510217,4.27108053806285,5.9913247813567,-0.69726409197046,0.330253042322224,0.414527406702394
-0.15466546562776,0.0997756363562647,11.6729250283636,9.45704155242724,3.58713134824219,4.32559366314239,5.95125605475982,-0.699152813759206,0.35769822888251,0.399997013113912
-0.154862925959699,0.0999888040149514,11.6120747540322,9.53462291213673,3.56013295218305,4.3951510380284,5.93505093454336,-0.699635685402337,0.387153561485083,0.393196327317928
-0.155340070729512,0.100284291112513,11.5521630399182,9.65524560919774,3.55596530344976,4.49039595634217,5.94328439116554,-0.698312657923797,0.418536006172423,0.394190865237152
-0.156183942854296,0.100740104628635,11.4957142914255,9.81831851388022,3.57005445215,4.60883314554641,5.97779004559395,-0.695874836612441,0.451283975379179,0.402846180962535
-0.153290219166966,0.0987907005528311,11.4396587120308,10.0236432044966,3.59623596608267,4.74170452438298,6.03729638607551,-0.694738109459056,0.485949329822374,0.41721797240559
-0.134970571220316,0.0869707943400994,11.3721264470058,10.2685759764762,3.62831404490039,4.88036058135245,6.1158338697887,-0.697827194515984,0.523649185162708,0.433564897579354
-0.139539079373603,0.0900591065633709,11.342023541186,10.5426954100629,3.66074015663826,5.01132984362895,6.20840373225843,-0.706353768976182,0.563742353909412,0.448554010967573
-0.144394936699985,0.0934353380173896,11.3248418345095,10.8275834553236,3.68869704250772,5.11698662920756,6.31394361169989,-0.719303423273045,0.60342145117029,0.460680655656372
-0.148305199761981,0.0962432560101409,11.3188506448468,11.1044569111267,3.70884524580519,5.18732160245183,6.43013640718761,-0.734927405462549,0.639815952434788,0.469277759939329
-0.14964689657792,0.097299927959154,11.3257257884924,11.3634920601212,3.72030463249541,5.2253764665517,6.55056033136639,-0.752085137510663,0.671778956691439,0.473668649052012
-0.14859823999721,0.0966051945424959,11.3401927186942,11.6061143398314,3.72468235873563,5.24015533873956,6.669857841607,-0.770343204730158,0.699339419820674,0.473899414132565
-0.145940961156144,0.0946867999906615,11.3591433393264,11.8382474004526,3.72500229894648,5.23807871180087,6.7876976859915,-0.789469788752069,0.722125794259821,0.471167948473624
-0.142334708687205,0.0920623782695426,11.379927251311,12.0628277839619,3.72465966890347,5.22207334590592,6.90573611772197,-0.808916719555644,0.739252463274271,0.467002525325696
-0.138942002927018,0.0895396970093534,11.39108588422,12.2783391978761,3.72647559385332,5.19340137500335,7.02395852695121,-0.82761381199189,0.750132408029689,0.462488222180686
-0.137718874255969,0.0884212981817029,11.3934249064931,12.4812585115298,3.73108033140151,5.15276005978696,7.14050771429854,-0.844116906627684,0.755057294290295,0.45827575990572
-0.13511839280582,0.086472829107098,11.3962529129279,12.6661401150595,3.73553860983848,5.10424307095462,7.25130160181741,-0.857131317734989,0.75558687605866,0.454656255712077
-0.131888401094047,0.0842630048262399,11.402912691539,12.8239290943812,3.73451926917553,5.05554518688568,7.35003039886313,-0.86597005685351,0.753942015100733,0.451628629760661
-0.128749245787008,0.0823586765358317,11.4069430738402,12.944977133079,3.72357928639488,5.00810056364199,7.43198489999781,-0.870241338627214,0.751294156453975,0.449501539646445
-0.151162684740517,0.0972558759536816,11.4404970726606,13.0238642739166,3.70111145511933,4.95308699375236,7.49651596982961,-0.869383205768848,0.747187600824473,0.449240282598553
-0.16493799169126,0.106739644050167,11.4320574764579,13.0606057182046,3.66807756746899,4.8836623951177,7.54453627015547,-0.86306812497328,0.741160850931053,0.451871384816685
-0.180409273075967,0.117271541790662,11.4240118720328,13.0591777174172,3.62658798833328,4.80297146463366,7.57723562912976,-0.851737408434341,0.733793062796134,0.457897617281123
-0.178874469605311,0.11662573863898,11.3960965827555,13.0250016177013,3.57831609938112,4.71794979911111,7.59719224727943,-0.836378900990367,0.725806611876585,0.467240656665099
-0.173883930286558,0.113561754260573,11.3763506426576,12.9635681207246,3.52430846807332,4.63444441598738,7.60780257418817,-0.818020525413095,0.717443714783534,0.47931999122399
-0.168554481810439,0.11015556550459,11.3553340026189,12.8797314358639,3.46535376277632,4.55622508148922,7.61241492179756,-0.797520851437505,0.708486544486382,0.493256923890281
-0.163713881252338,0.106991552005225,11.3289610425763,12.7780714215479,3.40182201036809,4.48278158498846,7.61474359082308,-0.775677581058171,0.698347765772169,0.508162421705262
-0.160488230774847,0.104810540144141,11.2974175457486,12.6651848677613,3.33376958475557,4.40930446289935,7.61810636664186,-0.753325511904351,0.68657915698872,0.523243382285631
-0.158143728423787,0.103129190376423,11.2572409597966,12.5502842856804,3.26148128391351,4.33072855606661,7.62353695834597,-0.73178482108049,0.673441849794944,0.537827661451556
-0.158329105429631,0.103024968935132,11.2005360268517,12.4432940091917,3.18650224601618,4.2493801959381,7.63013186776932,-0.712221237775368,0.660427202720944,0.551558387770236
-0.158626101877189,0.102987803839977,11.1312868283022,12.3519639181096,3.11204251496681,4.17715177593096,7.63739143705515,-0.695363975572726,0.649934420641363,0.564573175647207
-0.158490242050526,0.102715022149899,11.0526656181119,12.2808615695688,3.04141363390868,4.12647887367614,7.6462004747594,-0.68144417344106,0.644004046891009,0.577210250453925
-0.15615758820838,0.101080967260248,10.963055233583,12.2303022770216,2.97572541714218,4.10005952043764,7.65785184500164,-0.670439646326052,0.643084818952465,0.589396044693204
-0.151564243516827,0.0980523383556871,10.8634240676572,12.1929360565298,2.91318224582105,4.08801549655588,7.67355861625301,-0.662148794464235,0.645162182255979,0.600600020296775
-0.145720634533963,0.0942949725418931,10.7565573594561,12.1564281231284,2.85121398020329,4.07763756259985,7.69447356865074,-0.65637784918693,0.647100141354828,0.610325270746067
-0.139605192536599,0.090430320159281,10.6432533683223,12.1118918313059,2.78935752322536,4.06812816522902,7.71990377463324,-0.653427849125051,0.647705657075001,0.618129910891713
-0.136292302223186,0.0888097752300803,10.5672801677643,12.0616793056375,2.80236108895082,4.25567707907822,7.64544107797007,-0.663564999079659,0.648744354933314,0.612247045572973
-0.12912718022643,0.0834862054769648,10.446143756038,11.9981296229549,2.59776613472098,3.89893135754154,7.87625921011995,-0.651335452016055,0.649906488457895,0.636895967214291
-0.191351417258241,0.125927760688096,11.4160187817893,10.8772357062876,2.10082715959058,3.18572420950589,7.5436874561244,-0.727236190082693,0.565152515396625,0.544436190707056
-0.0520646046313325,0.0326648479791272,9.45149091349342,13.0104844152493,3.19536152351623,5.32818314885131,8.01825212045944,-0.619155809258381,0.744821515984201,0.713451016025741
-0.121596772787886,0.0787316291429637,10.2409631270883,11.8323416366077,2.40082390241081,3.86376315581733,7.96568783490464,-0.678476396605965,0.6359148850708,0.64469252871743
-0.118789416827405,0.0771226542809059,10.1354287459022,11.7661722544183,2.47367195841356,4.15525369083894,7.89390053582705,-0.693626515542218,0.638458865682095,0.63257893868969
-0.116667243691059,0.0757025977400331,10.1083475721794,11.7296863933388,2.37509734091771,3.9975438864078,7.97197175059636,-0.705776942298803,0.621641951813372,0.631402690675099
-0.112986648487673,0.0732323624553357,10.0557818162856,11.6671643913163,2.32231830967945,3.94561036730853,8.00956064067033,-0.715165614473461,0.609374339831442,0.63058514659487
-0.109665148386001,0.0709857907286078,10.0220534179929,11.5962198389133,2.25895914271673,3.85919063511126,8.05191776866597,-0.722883603139425,0.595267021408409,0.632291203499812
-0.106477337811425,0.0688319572100718,10.0020089677182,11.5056023925102,2.20189731540178,3.77868157796785,8.08101221415648,-0.727838908640648,0.58067498752927,0.635731151641766
-0.103849447143665,0.0670439920459062,9.99783063267239,11.4002289776727,2.14736381206629,3.69361567156904,8.10127650479354,-0.729498919295091,0.565155510910438,0.640922810634738
-0.101844349896183,0.0656472640252381,10.0055705327534,11.2819140744743,2.09716505396108,3.60925386593362,8.1119881778828,-0.727693386817862,0.549065073862192,0.647011015821592
-0.100175471738535,0.0644347299657032,10.0225952053779,11.1591347656399,2.05221041338671,3.53049973759861,8.11501183726574,-0.72279865075872,0.533463341295808,0.653149890869636
-0.0979351783771048,0.0628025765238162,10.0470090420022,11.0473956045472,2.01487774425419,3.46638972598115,8.11448808140861,-0.715591486284,0.520308630805867,0.65908505522989
-0.0960578177712228,0.0613514911483834,10.0731247242458,10.9588260680092,1.98656585798778,3.42072247813497,8.11586886645027,-0.706790163333726,0.51033758082299,0.665077270690676
-0.0936989606864852,0.0595536404573515,10.0947691835744,10.8975887282685,1.96665893246223,3.38919350558232,8.12396017509042,-0.69688055223722,0.502427952182281,0.67150194455804
-0.089588203128549,0.0566212868632867,10.1066911508449,10.8640751108747,1.95387905638098,3.36703390138651,8.14280569269604,-0.686587181563763,0.495365967624187,0.678756065126817
-0.0844344007672623,0.0530407643437311,10.1137083329695,10.8559973487075,1.94735272424332,3.354517290831,8.17528023138266,-0.677287482577243,0.488872554566819,0.687069768791176
-0.079047234687536,0.0493483405101661,10.1204946029394,10.8701832808384,1.9465153896877,3.35494494334533,8.22297982833784,-0.670781521704566,0.483240455033449,0.696318938460736
-0.0736885560337552,0.0457120884898238,10.1293745136964,10.9071008643678,1.95110249998514,3.37187545683351,8.28796016016909,-0.668555169290008,0.47893658712797,0.706372882693288
-0.0651170717708343,0.0400272501443403,10.1424306609838,10.9711974120247,1.96128788188574,3.40787616224807,8.37345683572478,-0.67107120770548,0.476317384430496,0.717466916114019
-0.0596801968922777,0.0363853390077119,10.1607089096258,11.0658394995155,1.97778014459267,3.46290728147947,8.48062756994357,-0.677327007045961,0.475222049786443,0.729885228455417
-0.0576427792045144,0.0349493785051826,10.1869846684286,11.18790738515,2.00149237222606,3.53191172346413,8.60482552690235,-0.684500539693752,0.474714183133931,0.743598308155724
-0.0569825549629222,0.0344025346518577,10.2160367233714,11.3263507706157,2.03303774244093,3.60436704283569,8.73580077298487,-0.687975880013706,0.473434698637496,0.758669951107761
-0.0569311117237149,0.034235664042557,10.2459176358782,11.4669422724162,2.07250270543507,3.66799210164631,8.86219270116006,-0.682904735733069,0.470435507738529,0.77573642051501
-0.0570560282774358,0.0341670164975132,10.2787334811733,11.6002152200234,2.11842455007159,3.71185759537763,8.97772311847801,-0.666992960309119,0.465304299093032,0.795527848436736
-0.0570359121176104,0.0340005170165689,10.3161961975457,11.7249165005173,2.16746152051635,3.7280780712982,9.08322076392925,-0.641676290666139,0.457882371587762,0.818229328436479
-0.0565387741382254,0.0335335241846541,10.3568840810149,11.841547826967,2.21604061388027,3.71437132557553,9.18082984841396,-0.610524389540816,0.448461839984292,0.843444021850158
-0.0580199840011573,0.0343548735289081,10.399122199786,11.9399179677315,2.26079459289604,3.67395263306993,9.26564781444951,-0.577389169258783,0.437471849475476,0.869786784970377
-0.0594292416232553,0.035138670157839,10.4371070856206,11.9970547993783,2.29759218218487,3.61295831726125,9.32499325230527,-0.545967999098601,0.424805839370197,0.894452740554341
-0.0606209043115459,0.0357888056059169,10.4667192780211,11.9927100794816,2.32203993587189,3.53774674238153,9.34688408038313,-0.519641917642027,0.409882043755105,0.914001812984459
-0.0618492602669046,0.0364666175251918,10.484968762354,11.9230537686495,2.33058829657288,3.45053979029064,9.32687103469939,-0.500661146134674,0.391677815325715,0.925522998055609
-0.061971887041,0.0364318349529514,10.4899891112755,11.7975230011818,2.32084604521661,3.34775682826695,9.26708773778653,-0.489542412822997,0.368873222029929,0.927142610337299
-0.0571617106216362,0.0332037870002491,10.5025718972334,11.6303812331551,2.29276778559626,3.2288294768576,9.17294369722944,-0.485680491775736,0.341701970378166,0.918204940491139
-0.051795910094712,0.0296211131655932,10.4936857534239,11.4386380209778,2.24980233578867,3.104714875618,9.05227273512024,-0.488263579562106,0.31350028799483,0.899502511853798
-0.0462213172537599,0.0259097446546471,10.4647510210933,11.2423081258658,2.19726187454209,2.99056411001728,8.91605394933653,-0.496183893557591,0.288813047303196,0.873416113151899
-0.0396768105958857,0.021581793841383,10.4190871552656,11.0614914439907,2.14036040758832,2.89491157378371,8.77757651962385,-0.507589433066844,0.270475519956715,0.843533629009192
-0.0328347647490967,0.0170758338073812,10.3644823978951,10.9130209344376,2.08469074022598,2.82221069995053,8.64967490019998,-0.520277455230322,0.259467757792347,0.813717125349333
-0.0269579271678434,0.0132112256360155,10.310967482263,10.8095277452558,2.03642583061434,2.77896577897049,8.54272977898155,-0.532611331206049,0.256203875450716,0.787226167909506
-0.0222019242996858,0.0100893751596787,10.2666018305464,10.7575236752629,2.00019417106313,2.7704012140801,8.46388602240919,-0.543838027240175,0.26045428396977,0.766325441305527
-0.0187749758701,0.00784040535961222,10.2361708788542,10.7540769213813,1.97741828177022,2.79517115992012,8.41606346807432,-0.553744694700184,0.270774583227016,0.752260584603235
-0.0158287866906004,0.0059065610069309,10.2246722850899,10.787282351816,1.96716302359326,2.84725225913281,8.39798240270895,-0.562426383896911,0.284996743904389,0.745409504573232
-0.0134309027911448,0.0043231288566052,10.2315931584929,10.8418333402043,1.96744929843232,2.91942214586791,8.40678235567282,-0.570254865199713,0.300977613584027,0.745615389644952
-0.0121469946409999,0.00345511935098907,10.2502536190362,10.9049043773057,1.97506305570353,3.00237044103434,8.44027794634053,-0.577610409621223,0.316765024725732,0.752487370424622
-0.0115830760453215,0.0030510011872882,10.2755174340156,10.9682334319701,1.98542623190909,3.08291185645761,8.49665348245156,-0.584290756880321,0.330485672584129,0.765464684236696
-0.0113199909894717,0.00284012519619932,10.3008353937207,11.0265183650508,1.99308915817977,3.14437472386582,8.57240186571581,-0.589354464943594,0.340178140974147,0.783527296430383
-0.0109173129818367,0.00253589203690375,10.3203425063494,11.0739256053794,1.99358663866296,3.17276755804952,8.6588059430353,-0.591686425255114,0.344211964740304,0.804576466773912
-0.0103532264215374,0.00212687726450028,10.32888159429,11.1020113021628,1.98665113735992,3.16870358697107,8.73885158522417,-0.590917782168253,0.342663794758861,0.824921722757642
-0.00933893944206472,0.00142899372491132,10.3260707052236,11.104255383453,1.97607678526032,3.14825792008664,8.79254364154454,-0.587974053419067,0.33764686083093,0.840179091217648
-0.00840517387011886,0.000778434168619797,10.3219738979196,11.084679258971,1.96543220040398,3.12761769101101,8.81004920942466,-0.584546688991396,0.331780578051201,0.847688699688063
-0.00866902244547716,0.000893972509271132,10.322249515114,11.0578446105995,1.95579839997348,3.1129025517571,8.79759083521281,-0.581908681159668,0.326941977100964,0.848040698650504
-0.00515555543814878,-0.00143319882149665,10.3367044807732,11.0375971984429,1.94683521151664,3.10257303948672,8.7697649292132,-0.580264021999371,0.32387005772216,0.844070388624862
-0.0037552063787779,-0.00239292238740544,10.3672065415029,11.0281472331716,1.93796364440841,3.09249273381861,8.73893019845905,-0.579077662656821,0.322157090861397,0.838713247142235
0.0083684258346095,-0.0102689227624301,10.3847537220298,11.0261452608928,1.92893063003738,3.08030525599393,8.71100739918585,-0.577836719486307,0.321028028344085,0.833730014279828
0.00801162082758471,-0.0101041385592172,10.4185808208969,11.0277432961784,1.92016525056012,3.06839596698111,8.68696208176864,-0.576546033064817,0.32035464756492,0.829605961446911
0.00734203259243078,-0.00975494975236112,10.4477830869371,11.0321992973872,1.91262615957916,3.06265759265335,8.66584218057392,-0.575656083936251,0.320747529115941,0.826066208456231
0.00667626268754665,-0.00941612372520871,10.4663396134025,11.040857637755,1.90718112531181,3.06774941735567,8.64697609177371,-0.575578864261592,0.322745614593744,0.822770129301389
0.00599881628349063,-0.00905914090548162,10.4721671451345,11.0548531562899,1.90415153194583,3.08418719414774,8.63038510394374,-0.57635164923335,0.326272655698708,0.819676099179157
0.00529534763166858,-0.00865731747131797,10.4657412239097,11.0740052218252,1.90338006484121,3.10945442075919,8.61608521656401,-0.577737127757296,0.330844655978435,0.816894575045925
-0.00415600650972566,-0.0025761909255211,10.4698722970173,11.0972112687428,1.90404609571817,3.1381428024697,8.60422435976372,-0.579440618410771,0.335637712774221,0.814498634652179
-0.00204790524531967,-0.00390274282503735,10.441687072763,11.1231586215962,1.90447085617858,3.16146034150189,8.59586177799017,-0.581203206106465,0.339372380644692,0.81256240516181
0.000332550628092065,-0.00536839389428533,10.4129891490793,11.1503266891104,1.90386391749955,3.17371900434151,8.59213633737128,-0.58283748323016,0.341140915314462,0.81116638873755
0.00182426690672421,-0.00624674966881083,10.3906363266064,11.1769728189643,1.90395517389473,3.17864375252766,8.59260963820552,-0.584235233859338,0.341299946270707,0.810300616071683
0.00258508849118558,-0.00666453366319248,10.3797655550899,11.2017415815175,1.90702852608545,3.18341120944401,8.59549340347554,-0.585341514432852,0.340802468352299,0.809869715390896
0.00209952130047976,-0.00629909424020113,10.3812667178156,11.2239768900373,1.91332891827472,3.19042845770059,8.59906088138882,-0.586159060023181,0.340191788270016,0.809767340010984
0.000813607244729744,-0.00543416348410306,10.3944727020446,11.2435851237559,1.92117842431418,3.19777636184552,8.60258011661409,-0.58679589078133,0.339624264608704,0.809921929417637
-0.000911654926415296,-0.00429603224497503,10.4160352919496,11.2605025846664,1.92843544456136,3.20293026565764,8.60646278138269,-0.587450368477646,0.339175131763095,0.810336415595622
-0.00299847843690902,-0.00293502314316274,10.4420985521809,11.2739613506546,1.933856261249,3.20477288501969,8.61152277313018,-0.588260382909781,0.338869355720251,0.811095714759995
-0.00513607483861587,-0.00155353274715397,10.471027339282,11.2833388962126,1.937829200702,3.20442129285962,8.61821567591318,-0.589216375803643,0.338790795306936,0.812299061401586
-0.00758164496376783,1.78938623000072e-05,10.5026176054405,11.2902044983652,1.94181590671825,3.20459170387409,8.62680692516652,-0.590290147816728,0.339158964949615,0.813991828156233
-0.0110317883058663,0.0022355631532176,10.5355829229987,11.2982801589369,1.9473781674164,3.20819598088939,8.63770166729091,-0.591525708384779,0.34016710898445,0.816195245458197
-0.00972412506841519,0.00138917478516212,10.5585476644757,11.3103468919324,1.95608663469483,3.21913565485429,8.65062984134273,-0.593028624491555,0.341975871366038,0.818872687588218
-0.00772926818697896,0.000107125761493278,10.5759799198519,11.3259307480923,1.96948762043502,3.24269814598896,8.66402618047353,-0.59495818222633,0.34494002519242,0.821882253817541
-0.0103040584757533,0.00177604107742563,10.5955826644818,11.3433100180281,1.98793047161564,3.2809262902197,8.67682932317996,-0.597497976183081,0.349241287812625,0.825175613541673
-0.0126783789305886,0.0033151699419303,10.6057740169849,11.3619160831516,2.01018771922318,3.33004632526303,8.68979796544718,-0.600831791991107,0.354547314973939,0.828937451683732
-0.0147488999689038,0.00465922219960043,10.6044462900085,11.3812866403766,2.03506406237596,3.38617552594027,8.70349611693311,-0.605256839846049,0.360693653286383,0.833339280974119
-0.016454008774552,0.0057774918584784,10.5908986506014,11.4000699394912,2.06271405600486,3.45033994023626,8.71671114888005,-0.611284299459774,0.368299914606553,0.838382354198391
-0.0178790920466711,0.00673417705671601,10.5673676689714,11.4172066699302,2.0941997710354,3.5258341403604,8.72793439340326,-0.619533130865623,0.378237211893118,0.844113315224449
-0.00776515875880035,-0.000602217070986184,10.4015809018829,11.7178266545473,1.97212001183868,3.23137380324724,8.89029196650465,-0.636960113940675,0.363713124172874,0.862120792645594
-0.0437110518724696,0.024316159451681,10.6900215711846,11.2540840643613,2.27036379434078,3.94962224683731,8.65071813028666,-0.636801620483848,0.417663888418305,0.856855408301765
-0.0241550737948964,0.0110262619177174,10.4636172476807,11.4449823835509,2.21724210551293,3.83051909180701,8.74317187540262,-0.659920629770971,0.419645998347475,0.872477855052001
-0.0195479262048343,0.0080929801792255,10.3925696906554,11.4417073045354,2.36187903916461,4.1227538598339,8.69666591194501,-0.680272305520668,0.438531312674543,0.885158196720049
-0.0336151341464326,0.0175183945309439,10.4185724688251,11.4389116544293,2.22738877180165,3.89976809644616,8.79869161492234,-0.71174012846638,0.459999617414752,0.898989838012896
-0.0327963820644216,0.0171192205276239,10.3556651566415,11.3770440008484,2.35737041920222,4.18281883066244,8.74588578932795,-0.743302134762777,0.485322300178647,0.913042798116178
-0.0370066056529625,0.020066701224183,10.3280833745118,11.3231702116639,2.39338223799128,4.28990570298929,8.7519234503075,-0.781299801911654,0.511217055859655,0.930950170622275
-0.0406605275245819,0.0226580018689811,10.3021163812154,11.2513317040644,2.42451251734818,4.39773799015146,8.75693891894983,-0.824644694239318,0.540501218532695,0.950864194874261
-0.0439631373556229,0.0250014764954884,10.282386111307,11.1735791166764,2.44888014196803,4.49781158551574,8.76400363314017,-0.872956579883147,0.572278667170565,0.973422854564205
-0.0471262728117557,0.0271980008028211,10.274266886017,11.1002159841956,2.4675397377166,4.58808672034894,8.7721042470871,-0.925919988701871,0.605667820413281,0.998611454121021
-0.0503635934563225,0.0293447684757807,10.2817989236797,11.0365881001669,2.48322957174342,4.67207559105033,8.77596202748389,-0.983072842595475,0.640219949234692,1.02561070146488
-0.0544882014347307,0.0319362834954792,10.2998000866236,10.9824914740524,2.49783456907839,4.75055511986977,8.76963972048114,-1.04375935231157,0.675240507318254,1.05317197331612
-0.05983028281933,0.0351844904507138,10.3299067375134,10.9338165327031,2.51129066954366,4.81801369389659,8.74994802177097,-1.10738231030113,0.70941583009159,1.08009942762065
-0.066243793958918,0.0390496875483535,10.3636941206356,10.88314279715,2.5233392480391,4.87014868684308,8.71543608000998,-1.17350033626485,0.741741769346528,1.1052557178999
-0.0734207121342428,0.0434181900796208,10.3885856876202,10.8220677757033,2.53446657221468,4.90849652696644,8.66544403282722,-1.24229995007235,0.772256126517454,1.12760836234236
-0.0813206476165085,0.0483320553320965,10.3971724887444,10.7450499682727,2.54502472069297,4.93665361502398,8.60130243601438,-1.3140078818374,0.801702224118042,1.14653013931129
-0.0897003933100517,0.0536665659941009,10.3866410154735,10.6528901257247,2.55468252300539,4.95460539839694,8.52838295966522,-1.3892788963083,0.830608331432211,1.16217305301784
-0.097399036293229,0.0586712189957807,10.3563740066188,10.5533036008507,2.56266051319582,4.95778769762424,8.45615669612683,-1.46919799818907,0.858931437016398,1.17552048908392
-0.104880836584525,0.0636228409103153,10.3072729500908,10.4551973159325,2.56848866456713,4.94332936825124,8.39310203728716,-1.55481201617919,0.88703043880021,1.18751800974556
-0.111891247101043,0.0683369920110032,10.2393885611047,10.3627044289,2.57278783366282,4.91508769697681,8.34207292254376,-1.64629307312845,0.916314681467884,1.19815744542694
-0.118438973787264,0.0728095565294217,10.1567431290827,10.2770154513663,2.57650370238107,4.87915829330997,8.30307276212901,-1.74324788622345,0.948067767785469,1.20685067749607
-0.124548449190423,0.0770473710083592,10.0664667636831,10.2005198983778,2.57954187960517,4.83865528369806,8.27720789744975,-1.84546224757591,0.982589848547202,1.21314117427898
-0.130300297450647,0.0810945909853413,9.97600049058812,10.13579910667,2.58107106698869,4.79516033924785,8.26498781416743,-1.95302820426108,1.01991065786774,1.21656114103307
-0.135781055674884,0.0850005943806726,9.89268492628792,10.0832077116248,2.58118633618349,4.75104052676207,8.26389058654545,-2.06608835538797,1.0601483326495,1.21640933076453
-0.142569620711637,0.0897691812250817,9.82797195086649,10.0419572884856,2.58156166830502,4.70867823292144,8.26992974817718,-2.18486428882412,1.10318022544294,1.21196009656032
-0.153395640354974,0.0971277274034685,9.79097096365343,10.0102206033878,2.58434979818593,4.67016495207374,8.27910848540978,-2.30956331758029,1.14896149650202,1.20227861861699
-0.163545497008084,0.103986440871076,9.76207156613384,9.98188435807993,2.59073967457593,4.63853520987535,8.28654653797493,-2.44011426262814,1.19800071452959,1.18576845255641
-0.172178897639923,0.109782971510113,9.73905058753238,9.94711338382814,2.59976429551273,4.6152696893326,8.28778372731284,-2.57636893631242,1.25062616905795,1.16065999679045
-0.1817874716973,0.116174217498854,9.71898755739996,9.89857641598581,2.60804546135005,4.59547569787045,8.28150799103386,-2.71840858108362,1.3060758318019,1.12595580174715
-0.191384279887503,0.122590900996819,9.69680249950078,9.8359738829545,2.61077479672618,4.56811551776735,8.26871579232296,-2.86627498860872,1.36322072624607,1.0812195851199
-0.200543582984774,0.128791010931115,9.66296284927553,9.76396301513319,2.60372235801721,4.52347648468639,8.24991704663908,-3.01974352385906,1.42169599887477,1.02555032032737
-0.208481774575336,0.134271699253591,9.61018195637307,9.68676622925859,2.58583811886285,4.46115763520289,8.22457995526451,-3.17853347272022,1.48133472177146,0.957580758697563
-0.2143406742828,0.138466502250051,9.54096396092628,9.60615583559288,2.5598139077623,4.38828606231304,8.1925825229976,-3.34228810956094,1.54087170876154,0.876692248918813
-0.217898627492833,0.14120457509035,9.46512234673602,9.52337664353666,2.52993831415863,4.31157408419107,8.15501669130576,-3.51030950752439,1.59819994764524,0.783606920619922
-0.220028116872027,0.143016321471534,9.38896231938227,9.44012099852431,2.50000974109195,4.23451739299559,8.1135273030329,-3.68157814043527,1.651649296207,0.679754156271277
-0.22287274575881,0.145263836706216,9.31278065466939,9.35813874747297,2.4724245485408,4.15826573999725,8.07019440147251,-3.85495320552488,1.7002717571439,0.566953378848044
-0.225341924947197,0.147236393512449,9.2460823228671,9.28024252979048,2.44818194590645,4.08194879513414,8.02840593624846,-4.02948207030592,1.74359303496041,0.44766637641052
-0.22817388595931,0.149404924767472,9.18952758806044,9.21052703030808,2.42782698857963,4.00450833249671,7.99237256516251,-4.20466185546965,1.78173311487843,0.324698869296599
-0.230137570171417,0.150959773973481,9.14000757485024,9.15228033333086,2.41216827427235,3.9262425938889,7.96576476807964,-4.38027107585858,1.81513176495311,0.200774268721961
-0.235151567715387,0.15441270457523,9.08688381658945,9.10707062886292,2.40205229909778,3.84807983490323,7.95143371066683,-4.556023103185,1.8441786701968,0.0783755689989226
-0.241067688480622,0.158376992434632,9.03762312945159,9.07533336106753,2.39791530593296,3.77085722874444,7.95145188557278,-4.73135895808478,1.86937526734424,-0.0406993842493634
-0.246534829497974,0.161999142292824,8.99790368776353,9.05667488799227,2.39892477332677,3.69362669063986,7.9675573399087,-4.90543863472368,1.89106579333128,-0.155209804016794
-0.251194335372429,0.165085222160871,8.96504400030141,9.05023639265719,2.40268940426344,3.61277607170209,8.00121881174777,-5.07754523282748,1.90904558458132,-0.263660194203174
-0.253868591555833,0.166915181137803,8.93001197154659,9.05411167149946,2.40750693062782,3.5273560371283,8.05038060913902,-5.24739079428133,1.92345333242064,-0.364971492157052
-0.253471636777672,0.166789527693727,8.88988557979535,9.06459324707445,2.41424989477336,3.44324555293205,8.1077328560744,-5.41485876616232,1.93551012891178,-0.459717768094406
-0.253625640256383,0.167005256095033,8.85370872962444,9.07744715476534,2.42497227465442,3.36830533745073,8.16539894358537,-5.57957919643812,1.94657804023583,-0.549148895983456
-0.261654982708424,0.172277221727568,8.84111788204973,9.08911181130601,2.44131119762441,3.30694126870615,8.21905435911066,-5.7406362644537,1.95719546230653,-0.633520424600833
-0.268876320108356,0.177033944740493,8.82833227286359,9.09760923325618,2.46387911611944,3.25834829521145,8.26870588559237,-5.89694283986912,1.96697610481912,-0.711350870715595
-0.275965394477945,0.181766109536845,8.81866538081329,9.10430173806842,2.49156571278829,3.21652253731018,8.31880825483917,-6.04798708690758,1.97509435566888,-0.779650552656729
-0.283338961848916,0.186745330199536,8.81543556813983,9.11225943202246,2.52298323799801,3.17693185454111,8.3731551190159,-6.19359994928464,1.98172664026588,-0.837070226838812
-0.290951232494028,0.191903265271608,8.81507170887697,9.12205401047136,2.55934677604507,3.1433299779622,8.42836396727983,-6.33332493906428,1.98850057482723,-0.886723906825694
-0.300166924567444,0.198102003946099,8.8320238689538,9.13146898189031,2.60446816176561,3.12262939934154,8.4770269118621,-6.46639019989747,1.99649853060605,-0.933009608909398
-0.310141927899277,0.204796987801695,8.86277666131794,9.1381360871594,2.66124015735545,3.11614766586044,8.51578430086705,-6.59185455137654,2.00489489132835,-0.977273286452154
-0.320658737001741,0.211859703792439,8.90175197731888,9.14102504916877,2.72821843207617,3.11886461729607,8.54773112210412,-6.70933728344901,2.01196449898545,-1.01824877201269
-0.334193568488045,0.220893542982758,8.95178188476089,9.13974904261859,2.80001226102667,3.1245473589854,8.57829426968431,-6.81960298989145,2.01641431952809,-1.05452413754041
-0.355909381850149,0.234913049467236,8.9302672642483,9.00027799408012,2.71618255472563,3.21487236853689,8.43491100518053,-6.95068914702728,2.00985277180107,-1.12915010050523
-0.352387593561881,0.233533896440791,9.10648607490137,9.22813202350502,3.11143357427875,3.07358661099818,8.81259275681894,-6.99410461728901,2.02285857978163,-1.06384400555239
-0.383322881261048,0.25352224150793,9.11282364320565,9.11707764764238,2.99006883373174,3.1125424826288,8.70790214384932,-7.111988335433,2.00701476277908,-1.11561184346997
-0.397280514896852,0.262809775512808,9.14183170452262,9.07917271993771,3.0390224854584,3.12256900566069,8.74627829367114,-7.20152433900504,1.99859177539383,-1.1215669626694
-0.415988720065948,0.275182067578875,9.17009369785369,9.06184678886479,3.08402198264723,3.113528077172,8.81003548167106,-7.28395398815165,1.98758995471748,-1.11247838387033
-0.427339284791542,0.282794812617389,9.17467612770287,9.05420965400479,3.12554413251629,3.10302089124275,8.88391129661521,-7.36164040123019,1.97495192242553,-1.09502525623114
-0.43609876717273,0.288722807592476,9.1728362361902,9.05702039246199,3.16162960956809,3.09325648475444,8.96728031839912,-7.43632409396308,1.96069833387334,-1.07180076566835
-0.443580819489656,0.293791134278561,9.16597965742276,9.06949389389888,3.18745705415966,3.08364227293689,9.06082915373744,-7.50953855400024,1.94432068825373,-1.04454683863388
-0.450156289074397,0.298228934255874,9.15229384963699,9.08726806208865,3.20011925509812,3.07428688286222,9.1623092743267,-7.58167512049036,1.92505611853623,-1.01444431809172
-0.455823143991593,0.302047696387499,9.13059603929358,9.10509060008307,3.20165469044756,3.06426561317058,9.26877168468906,-7.65137459756502,1.90205632608953,-0.979768814799555
-0.460524855438768,0.30522481589687,9.10306662763474,9.1193267635739,3.19534308425188,3.04861699084803,9.38144113089589,-7.7159533759474,1.87464838967201,-0.935229646213815
-0.462740344090201,0.306766469692802,9.06382883054881,9.12649629376003,3.1828897817332,3.02384640114859,9.50176470809313,-7.77367359050167,1.84285391618245,-0.8776253634148
-0.465639873374489,0.308719353169982,9.02489507318434,9.12169890031295,3.16870778038744,2.99522328202904,9.62417323307571,-7.82512084823869,1.80762460671962,-0.810070268323333
-0.469948553275355,0.311562362749876,8.99441451431169,9.10037498343519,3.16235035840012,2.97317380226968,9.73872076646579,-7.87164778549617,1.77048648442331,-0.738134658753394
-0.475741484709458,0.315361836171484,8.97517491237599,9.06100288162702,3.17322989869083,2.96588033982577,9.83799866137663,-7.91448715076163,1.73311225168132,-0.666503138212994
-0.482666151527828,0.319900455928169,8.96655618531567,9.00717521519199,3.20612270393528,2.97475493211683,9.92156316191009,-7.95450215730115,1.6970521231006,-0.597412418306593
-0.490678204729419,0.325134359262192,8.96127036246586,8.94720934468672,3.26408510975387,2.99344451099128,9.99636258759203,-7.99042153421878,1.66367376518006,-0.528008707489928
-0.499472439354419,0.330837739580863,8.95299194518393,8.88930849221213,3.35309627683075,3.01515677464319,10.0695328796481,-8.01950250545153,1.63422730555617,-0.454450622158388
-0.509895847754873,0.337536235895965,8.93844670266115,8.83853200915087,3.48216265668037,3.04037732352438,10.1425049519645,-8.04114228371772,1.60983664836317,-0.378991737429685
-0.526362898444606,0.347975429535192,8.96013864829957,8.58542437602232,3.56040928378832,3.15730263063127,10.1015575778392,-8.05469587295153,1.5864265552624,-0.314076822578104
-0.539516644125418,0.35627808281064,8.96705675073325,8.43284275173923,3.65152434696164,3.23812806180601,10.0904471330923,-8.06684902325213,1.56903093001966,-0.258402849376921
-0.547707806305385,0.361240765222006,9.09100910340807,7.82853137187061,3.27335576697224,3.44024063039138,9.80308071350688,-8.0652992289234,1.53703831844124,-0.220836737113213
