-0.173125321060204,0.114339625916049,7.17591109277912,12.8261144891845,2.86646406135262,4.94556710460105,9.51781019864417,-8.53620550592572,1.3043653587213,1.66009258712954
-0.174845730058997,0.115256922792118,7.2549294416561,13.018894460592,2.86055039972524,4.86257447125465,9.58371197547943,-8.51577362027015,1.32465866149236,1.61479495663806
-0.166298045986296,0.109953671037413,7.32146011408337,13.3358397088656,3.00446928302778,4.79752236759879,9.73582571120495,-8.48627285069013,1.34604090384941,1.58434336243194
-0.163431604588373,0.108123002204902,7.46109893020882,13.7920873077997,3.0604211915133,4.63006778864719,9.90648283915558,-8.45655089159021,1.36666051323203,1.55111796829939
-0.162025376044607,0.107242812183895,7.50745716015006,14.0372766913471,3.0584284770103,4.52425759551156,9.98892467973606,-8.41990892676693,1.39083076256107,1.50015493900615
-0.160925675693888,0.106566152728481,7.54329662103923,14.2882973743793,3.05029747733256,4.41530102120425,10.0700524427009,-8.37654816832281,1.41882003763897,1.44327472250874
-0.160830527137059,0.10655324098753,7.55925211263723,14.5080717940808,3.03350656649488,4.31871693575853,10.1378766073358,-8.32536043177124,1.45158392352678,1.37902118046138
-0.178319940498466,0.117166343800797,7.48981470947484,14.2673969521814,2.60898600600788,4.19532757514281,9.9639190493889,-8.28304754564652,1.49032155398265,1.2545303292904
-0.146651033271126,0.0982635177184435,7.58346582007199,15.1822526078633,3.35410389110138,4.23759272932682,10.4422383452554,-8.17513682227152,1.52913550113458,1.27418030559385
-0.164264164692214,0.109059240777769,7.53475467443726,14.9739947715428,2.98947447978425,4.14722117359523,10.2926575968395,-8.11079060959019,1.57790274686137,1.15173010508967
-0.166515420781266,0.11062765379626,7.51630254478101,15.0556787124461,2.97114621476984,4.13140507943334,10.3202520460153,-8.02011090789216,1.63034876805248,1.07062598782781
-0.16918926719738,0.11249810047282,7.50045590278758,15.1211719063561,2.96342511587288,4.1335309197956,10.3483640254402,-7.91814112895733,1.68662694638485,0.992574662442675
-0.172109495989035,0.114534719153064,7.48642021288909,15.1633373686369,2.95710002128712,4.15057573648616,10.3715675061523,-7.80490926760005,1.74559007171484,0.918139026516967
-0.175122040317991,0.116628352953304,7.47519790362795,15.184538906856,2.94923791856059,4.1785731436408,10.3894450293367,-7.68035443191948,1.80620273139016,0.849090227913574
-0.178161216140687,0.118727011137311,7.46710585296954,15.18747972302,2.93707183326977,4.21348270606468,10.4016331571304,-7.54461765085929,1.8675196140817,0.786963940374359
-0.181120368185263,0.120753916356173,7.46192881847107,15.1748621080576,2.91818275586631,4.25176877049217,10.407848098076,-7.39810714497176,1.92881371157703,0.73293191569688
-0.18375962362369,0.122549640115553,7.45913138998819,15.1494259121951,2.89081613389699,4.29076127157401,10.4080850198996,-7.24150214159499,1.98964513095155,0.687801916853808
-0.185937973340002,0.124023072218322,7.4579137935241,15.1138606287598,2.85408380027889,4.32877217139821,10.4027194410544,-7.07568075995309,2.04981965408666,0.652104586534049
-0.187647631638015,0.125172731882057,7.4572906538647,15.0705529824902,2.80804306220918,4.36501771352907,10.3924613983588,-6.90158794841902,2.10925564728555,0.626214966979132
-0.188819137017536,0.125957990847266,7.45616001102053,15.0212948713467,2.75366856685913,4.39947632118781,10.3781877537173,-6.72012691757531,2.16783917248619,0.61042674009832
-0.18946439161086,0.126388421644513,7.4533567244004,14.9671397766626,2.69274130589933,4.43279044342408,10.3607395178833,-6.53210613029358,2.22534878013166,0.604930893543803
-0.189611561818037,0.12647981583772,7.44767203782191,14.9085064853984,2.62766977693962,4.46620642003544,10.3407729942061,-6.3382615360551,2.28146572152409,0.609724554527014
-0.187318104793347,0.124968915553754,7.43687666361265,14.8454712180386,2.5612476113434,4.50146197591652,10.3187009933279,-6.13931689063929,2.33582085668762,0.624519340708826
-0.183719839904501,0.122584676224818,7.42037108619657,14.778101972125,2.49636135903354,4.54055234033309,10.2947108170946,-5.93603789943852,2.38802223842853,0.648703527907168
-0.179620871526234,0.119844936612783,7.39797377066316,14.7067104720578,2.43568535819256,4.58538562794248,10.2688318625236,-5.72926117351596,2.43764174895756,0.681371708710117
-0.174991508576844,0.116733679027768,7.36923858156039,14.6319549593083,2.38141720861988,4.63741002997619,10.2410222319495,-5.51990611654296,2.48417617638912,0.72140173670062
-0.169757622156284,0.11321161732096,7.33391069031447,14.5547782155881,2.33510243240221,4.69730983486507,10.2112393867476,-5.30896050754306,2.52700899187413,0.767547669986645
-0.163803497808701,0.10921487726096,7.29187941260977,14.4762299062926,2.29757203075276,4.76482510850978,10.1794742434455,-5.09746556995126,2.56538830357537,0.818524959017994
-0.156998876291337,0.104668022282217,7.24318254929986,14.3972786469147,2.26899519966956,4.83873427817612,10.1457533679606,-4.88639533915584,2.59843791659945,0.873068958456973
-0.149254233321916,0.0995163419379384,7.18806694161271,14.3187160862006,2.24903739869756,4.91705699142108,10.1101297317843,-4.67668874915512,2.62522808954458,0.929952748042018
-0.140578731588225,0.0937626674608291,7.12707779368385,14.2411982340247,2.23708981208064,4.99748480864567,10.072686660628,-4.46919845934005,2.64491248045091,0.98797190377262
-0.131118220579065,0.0874944004438245,7.06115017652125,14.1653889570029,2.23250277611557,5.07791489338678,10.0335735312191,-4.26468625204093,2.65688643912771,1.04593089406032
-0.121117452631821,0.0808632387847036,6.99158568103987,14.0921086527479,2.23474473246649,5.15685580703562,9.99307120362259,-4.0638235490343,2.66088439520729,1.10266927790029
-0.110898806203127,0.0740751583570676,6.92021098288314,14.0223995438143,2.24344248057045,5.23352336497497,9.95166188430515,-3.86720920074223,2.65696355142127,1.1571337728896
-0.100653638650229,0.0672566684718208,6.84842813117312,13.9574902364307,2.25832218666891,5.30764410282208,9.91006877656957,-3.67528860747055,2.64540423507936,1.2084613301676
-0.0905535374148626,0.0605261011340132,6.77792959832197,13.8987022449707,2.27911377258856,5.37914786444898,9.86924272333051,-3.48843454135036,2.62660752769312,1.25603050472073
-0.0808734097795018,0.0540710012438238,6.71185196795337,13.8473401089579,2.30547687217603,5.447922829801,9.83029933221652,-3.30708853225768,2.60103945417572,1.2994683035236
-0.0715326223161952,0.0478490077539826,6.65895420518927,13.8045658158559,2.33697259883362,5.51368688561192,9.79442886159436,-3.13148047238583,2.5692037426551,1.33863131467654
-0.0625784579495628,0.0418945284736142,6.61889704457669,13.7712380784113,2.37307329437452,5.57594584968991,9.76279042060898,-2.96175143148866,2.53160347856529,1.37357890329484
-0.0540848271470135,0.036253630152465,6.58794014002624,13.7477339467938,2.41319200389668,5.6340294872156,9.7363820746616,-2.79795713637924,2.48869640260339,1.40453231477252
-0.0459936430318717,0.0308838704038344,6.56612431026251,13.7338299009435,2.45671824070829,5.68722987389533,9.71588995681817,-2.64006390928372,2.44088869144678,1.43180785016802
-0.0382552068560189,0.0257470753907741,6.55269935305859,13.7287287873224,2.50304891331197,5.73501434643037,9.70155056036604,-2.48794440711377,2.38858927094358,1.45573491297124
-0.0308399709267111,0.0208204566730917,6.54615866561123,13.7312523548351,2.55160564992134,5.77721464457048,9.69306956288385,-2.34137176582213,2.33229506520899,1.47658913846313
-0.0237292515195446,0.0160923541922179,6.54438491932514,13.7401300032846,2.60184214586243,5.81411895004286,9.68961948980727,-2.20003644124776,2.27266150344882,1.49456308418533
-0.0270917749593264,0.0182904918506285,6.5973131725858,13.6795906394421,2.57394588276364,5.75842521924779,9.64534478968502,-2.06812667028742,2.21392752521274,1.49315163694216
-0.000402393770207066,0.000613811043516687,6.49427483336655,13.854796736633,2.77865610548144,5.95018172498458,9.7429196940246,-1.92515723691894,2.14327450249023,1.53772592045617
-0.00362874965865995,0.00275237670893794,6.54274922822682,13.7963733077136,2.75796953028817,5.90143289678757,9.6962098908653,-1.80173361944768,2.08305649019497,1.53073315135559
0.00332636324096351,-0.00183274115077677,6.53505323418349,13.82144539603,2.8104506804333,5.92834923347966,9.6968877937998,-1.67759802270722,2.01967811710262,1.53821831498069
0.0108293600766792,-0.00675899536907978,6.52167824751214,13.8511376188105,2.86294719397386,5.95562809409331,9.69523440976101,-1.55698510007755,1.95795533735937,1.54340770657729
0.0188271936616575,-0.01199433866584,6.50206643715153,13.8840617050321,2.91530410430121,5.98467081135967,9.68959885328268,-1.43975377524604,1.89867480394164,1.54630752030243
0.0274242665603499,-0.0176101899617662,6.47612252496104,13.9197638594417,2.96762204357341,6.01613852974209,9.67934049663139,-1.3258455657037,1.84231055104253,1.54707025823856
0.0364780307603015,-0.0235190154179048,6.4492951259633,13.9577052384709,3.02016419666635,6.05035037568828,9.66429121994668,-1.21526996576179,1.78903977433115,1.54585147151242
0.0456985202746367,-0.0295393500548902,6.41990918312943,13.9973805710684,3.07331676738171,6.08729247759314,9.64470311236758,-1.10808316992223,1.73875847501706,1.5428078798269
0.0513809777278982,-0.0332802040808527,6.39355401195791,14.0384752481681,3.12751182754801,6.12660644426531,9.62117371942669,-1.0042849688109,1.69112912244265,1.53810574643342
0.0581301370421932,-0.0377270733002483,6.36515906013625,14.0809905259149,3.18313236923534,6.16758561394885,9.59456325866535,-0.903939239828784,1.64565942346071,1.53193290125174
0.065793978625383,-0.0427854745646028,6.33520674429895,14.1252759585436,3.24042009995769,6.20922279662027,9.5659081755914,-0.807141085777621,1.6018052118901,1.52450797743077
0.0740067545118309,-0.0482194665597377,6.30421693920867,14.1719230418628,3.29939987708135,6.25032718360296,9.53632020994948,-0.714008656261111,1.55907610047502,1.5160815477287
0.0835190286323703,-0.0545114018016207,6.2717144175398,14.2215193830392,3.3598316879704,6.28969264092687,9.50685915786933,-0.624698158656509,1.51711599570215,1.50692587301249
0.0926499139591842,-0.0605663889234926,6.24338944860825,14.2743307015022,3.42120121245259,6.32627791708863,9.47838822076046,-0.539380468090292,1.475739411162,1.49731395374973
0.101165069907254,-0.0662229302470522,6.21776896983565,14.3300173190659,3.48275260246882,6.35934267835025,9.4514440911752,-0.458222860471316,1.43491908561601,1.48749267769997
0.108823457585666,-0.0713143558556862,6.19443787126956,14.3874788825519,3.54355372839522,6.3884943619832,9.4261622264404,-0.38136238934282,1.3947376480667,1.47765747749053
0.11538539114963,-0.0756759559507351,6.17327263464421,14.4448633211296,3.60257369657282,6.41363771720685,9.40228214217404,-0.308886475182439,1.35532768567129,1.46793576485078
0.120551047817859,-0.0791063660093397,6.15498354117562,14.499711088477,3.65875475262917,6.43485281315591,9.3792276329145,-0.240836692775184,1.31682176769655,1.45838302328135
0.124122650974144,-0.0814727856603853,6.14039125546457,14.5491771044008,3.71107896040831,6.45226003282537,9.35623453039934,-0.177177700150463,1.27932477810866,1.44899029449525
0.125986441188736,-0.0826990983719608,6.13035023965379,14.5902733880612,3.75863986124824,6.46592685611861,9.33249113000045,-0.117807573559661,1.24290839546412,1.43969687820097
0.126148996637996,-0.0827891832434872,6.1256396556732,14.6200840591473,3.8007178667903,6.47582986608903,9.3072596420717,-0.0625895196329717,1.20761798603736,1.43039999333681
0.124722781397816,-0.0818175603274965,6.1273005503106,14.6359250632706,3.83684922519974,6.48188029806019,9.27995666024784,-0.0113622693856355,1.17348761645653,1.42095597095453
0.122624818029722,-0.0803815001341511,6.1399000773255,14.6354581573662,3.866878980339,6.48402432160831,9.25018809892616,0.0360303787779787,1.14056368071095,1.41117375807966
0.120049373195647,-0.0786118550996317,6.16058407664815,14.6168131978408,3.89098821108987,6.48238337358836,9.21775964302946,0.0797080978661208,1.10892884638251,1.40080675320785
0.125705070844858,-0.0820994463784319,6.14814855271297,14.5476723193856,3.99071758804969,6.64826983130684,9.16769840257535,0.12512001416318,1.07753465871999,1.39594779860714
0.112502639663371,-0.0735186277916818,6.2594480076422,14.5511221642895,3.83822247773666,6.2870304455041,9.16057448118083,0.148858485387955,1.05220919117034,1.36965094790449
0.119228856538946,-0.0776849192336297,6.25216627319459,14.4453882612116,3.93118924015764,6.45315514110241,9.10674146149333,0.18696999547555,1.02421019337316,1.36222881457215
0.121737214542488,-0.0791620963940117,6.2923722974786,14.3567484040247,3.94226372916413,6.44927544765323,9.06770858097304,0.215867980405608,0.999396734102476,1.34666001667867
0.125527918183434,-0.081472020391365,6.33180295946955,14.2587000514973,3.94997918778153,6.44076394713225,9.03023701945667,0.240392380063621,0.976899857193724,1.32865101219739
0.129961359378204,-0.0842023759503492,6.36508685952099,14.1604554593206,3.9582150761702,6.43348733905488,8.9967031782671,0.260532172346362,0.956793228141273,1.30837753769226
0.134971445123304,-0.0873123675259639,6.38866052031196,14.0719960161833,3.96830235392022,6.42743176615141,8.96967838570792,0.276167438997083,0.939057099557951,1.28587451361893
0.140322943887495,-0.0906513305686994,6.39994652898991,14.0037708678693,3.98129726726597,6.42170880580385,8.95158152925218,0.287272831344948,0.923538564114596,1.2613164645051
0.145798597314011,-0.0940801173953676,6.39664915360019,13.9652564962599,3.99801243395577,6.41501665891309,8.94423917579725,0.293964595271531,0.909982244531487,1.23501898623787
0.150995386079048,-0.0973394985295917,6.37895781569489,13.9631975864846,4.01895211222798,6.40609047086233,8.94835806295151,0.296508740597979,0.898082678406396,1.20739972498143
0.155703066234415,-0.100294737049596,6.34755580554831,13.9999185259469,4.044203755883,6.39411073676721,8.96301161698963,0.295305093332083,0.887534804881542,1.17891121456317
0.159513470907257,-0.102682575844128,6.30500923761783,14.0721976246071,4.07332759965594,6.37896283923371,8.9853188304346,0.290838631601854,0.878070398217667,1.14996662518028
0.162065404877364,-0.104269535450805,6.25527060999779,14.1711501311024,4.105321891245,6.36133912621302,9.01050951247341,0.283647058045483,0.869479144493628,1.12088794326939
0.163684377851857,-0.105266015880823,6.20492411123351,14.2833145792657,4.13872523511239,6.34271094157129,9.03248566348952,0.274279594525743,0.861615474652645,1.09189908213255
0.165916476217903,-0.106672007229304,6.1676565696513,14.3927857899887,4.1718627672977,6.32518403775299,9.04483707494413,0.263288950781094,0.8543938474283,1.06316744602691
0.16591019793451,-0.10664004580242,6.13268369009047,14.4839367679083,4.20318077945477,6.31122811165938,9.04211392321231,0.251240059276111,0.847778416548857,1.03487622935804
0.163640385580544,-0.105152244152362,6.10088431258428,14.5441116879008,4.23156644348036,6.30324911528546,9.02105455091919,0.238719942301977,0.841771292236925,1.00729549085133
0.270272728403319,-0.174868167768154,5.95130232873646,14.931295064463,4.43474135060086,6.69074312378615,9.06857467711999,0.246360678743228,0.853663777422755,1.00909850226933
0.0961736141042544,-0.0609072034815903,6.33245045233254,14.0620787742122,4.04476171827175,5.79994338037183,8.80748850394909,0.185234657465422,0.812313649044039,0.911637282157691
0.145958533445444,-0.093629181333547,6.05046818249762,14.5793949064602,4.33611485168438,6.43669009957096,8.87933082094515,0.208356953591553,0.831207182486616,0.938268017516166
0.142570999776452,-0.0914992304742992,5.9892953073566,14.4053350816063,4.30314525364419,6.32385791349749,8.79320145296855,0.193323841554828,0.823895119617638,0.908742911039396
0.138941142582332,-0.0891662852522631,5.95412594875858,14.3272934916946,4.33017490684065,6.36977748558558,8.73837470158896,0.188456175205346,0.822621460557734,0.89419926411265
0.13602702522616,-0.0873062898851328,5.9155619516767,14.2257083626315,4.34292480916213,6.37168647657159,8.69421394589431,0.183658363100488,0.820948339878053,0.880536179368055
0.13486563682148,-0.0865947044332624,5.87508132460475,14.1399141878457,4.35836014142899,6.36846577684418,8.67292643575105,0.181124232257787,0.820310056637864,0.871101182799308
0.135208503591846,-0.0868744226412532,5.8343071395491,14.0762001932583,4.37378484896631,6.34713476602867,8.67790464467934,0.180255155560757,0.820303149111938,0.865479037530301
0.136837796048237,-0.0880045039314699,5.79580951569971,14.0451843835019,4.39144875470851,6.30904005589199,8.71145882918447,0.181047504980532,0.820764411632078,0.864091489412391
0.13928374141064,-0.0896774882366897,5.76232837514274,14.0531369640822,4.41299394210416,6.25493198890613,8.7732440138867,0.18337116861187,0.821334882732729,0.86716060921033
0.141862133092193,-0.0914432397780494,5.73623043818923,14.1032803596647,4.44067092704126,6.18840287602461,8.86084105240413,0.187138844920471,0.821700978545794,0.874868205573781
0.143988673469662,-0.0929133297324106,5.71914106253089,14.1951731445475,4.47688941872399,6.11511690451571,8.97003772692474,0.192252734691692,0.821773641590051,0.887210774794169
0.145062739400763,-0.0936872440953365,5.71217404551652,14.3247802854231,4.52402457247316,6.04286962541511,9.09520294302126,0.198592800881605,0.821865071771131,0.903918549328654
0.144549532742431,-0.0934071087147878,5.71585629033439,14.4845669557203,4.58401628748175,5.98095845079017,9.22958462055447,0.205995513115623,0.822712983752012,0.924381446238097
0.143030757261556,-0.0924394055497509,5.72814610322742,14.663703816374,4.65788528653579,5.93893720639541,9.36557315676749,0.214238796657074,0.825305458194518,0.947615292479469
0.140933818216741,-0.0910529207255517,5.74693112076965,14.8484813412194,4.74522909120533,5.92479123832344,9.49503022094265,0.223026297383178,0.830541931416197,0.972277408477551
0.138478790225675,-0.0893851362820027,5.77059446256813,15.0232422033001,4.84387364769274,5.94304197709735,9.60979689351129,0.231968478612886,0.838855900650121,0.99674354036779
0.135911064188884,-0.0875934433361741,5.79761298709178,15.1721008618261,4.94989691019885,5.99354658579719,9.7023948939513,0.24056393397028,0.849967136418934,1.01924885784354
0.133448343068106,-0.0858208445940784,5.82638344717989,15.2813909575747,5.05815935598516,6.0716087501425,9.76678902570275,0.248193535532021,0.862889166094347,1.03807799356068
0.131300944223756,-0.084208716852251,5.85525142693693,15.3422899897929,5.16324601067358,6.16937476772005,9.79899425078447,0.254140397261708,0.876192999156468,1.05176668829621
0.129728124585381,-0.0829332235661394,5.88265762393276,15.352759579549,5.26049840875163,6.27779553414615,9.7973612589151,0.25764208988617,0.888395437142498,1.05926910694026
0.128675399105724,-0.0819712350260593,5.90774793477259,15.318080630945,5.34678035536894,6.38826300875223,9.76252087129359,0.257973362321362,0.898297693734394,1.06005955082747
0.12792543075114,-0.0811996626950107,5.92860196202715,15.2497767446892,5.42078625526126,6.49346788147493,9.69708457329945,0.254543877016916,0.905168951454047,1.05415789265968
0.127436296324371,-0.0806144105283619,5.94539771823782,15.1632356860271,5.48290394576773,6.58762214530431,9.60519301335456,0.246981543809086,0.908775984182344,1.04207505525614
0.12733720560513,-0.080326191255519,5.96068014521592,15.0745864945497,5.53475756463532,6.66649807572809,9.4919146028392,0.235169443801094,0.909324237449554,1.02467523304701
0.127803367892556,-0.0804762806175109,5.9751791190438,14.9974725365905,5.57857981348281,6.72760710164865,9.36248922811101,0.219225198495729,0.907372642204852,1.00297085734407
0.0764123502624708,-0.0463492375008421,6.62375623918576,15.0933553672658,5.60136552806475,6.74204527019168,9.29369953501566,0.209306173653985,0.894586606194441,1.0002702747243
0.247726527033613,-0.158673358743599,5.91714679474647,14.7888386809744,5.6707711645931,6.80703923969115,9.02427829632624,0.167106993166408,0.90490928938392,0.933654840264502
0.132873421472367,-0.0839114518926726,6.00422932836092,14.878189067655,5.68283911764561,6.80031979593766,8.9194599391623,0.149184132012435,0.893198773560024,0.92208797714718
0.135788605782874,-0.0860327020703867,6.0159051840869,14.8784677285095,5.71078584856031,6.80054889471436,8.76387684670533,0.120942460359387,0.889208645388934,0.891611508317506
0.139536411702079,-0.0887503243424909,6.01907037454855,14.8803662488088,5.73379821378758,6.79115574832797,8.60612920065401,0.0911672025671193,0.886731542933235,0.859943228305282
0.144386032967044,-0.0921994498068676,6.02209105810411,14.880767305114,5.75267657268738,6.77431645416975,8.45010817506942,0.0607086962356892,0.885377502153741,0.828029671357841
0.272838618372801,-0.176517371974075,5.88037787834705,14.7131044689419,5.88709611225105,7.0486616390668,8.16678305673567,0.0257080518824537,0.913926329612238,0.77243942940776
0.119229931285767,-0.0755126160265628,6.78692335276523,14.9324536343745,5.62340957657805,6.40366485607588,8.24720966741606,0.0028214012919681,0.864567147806108,0.776523376977531
0.163912662626797,-0.10548921419159,6.10786448053421,14.9219338855742,5.82977343511166,6.77577946142612,8.02675269295688,-0.0232326612023171,0.886580790782212,0.739063549739659
0.167953500079862,-0.108333466764276,6.05167851904529,14.778908179821,5.78090841798591,6.65798174840587,7.86963667227007,-0.052693828667734,0.886899650514092,0.702267483316278
0.171907174689025,-0.110978208872023,6.04856545802095,14.698539428262,5.78181313315501,6.64579264868506,7.7247092258153,-0.0755918280236032,0.8882890514025,0.674424749574666
0.129175933988412,-0.0826766747512414,7.01932475040731,14.6872315887984,5.60135524494757,6.18259684411336,7.71321189634337,-0.100468413468973,0.832054140244733,0.668700353185871
0.28792889126067,-0.186673051961709,5.78349865725553,14.3604768507995,5.92544749140227,6.98031948080637,7.31141696166868,-0.108821014385018,0.935371980763264,0.609793087562928
0.17557535428883,-0.113238605313079,6.05835779837714,14.3573226831123,5.77454132083814,6.5871529869235,7.30264861757284,-0.121502242609473,0.886877875068871,0.612327855674027
0.174276785332872,-0.112273702833957,6.08170853632783,14.2461624749439,5.77637642218376,6.55318722025731,7.17237119139123,-0.128682439912203,0.882808074874848,0.596268232044825
0.172081629560394,-0.110721949730221,6.08805931909556,14.1200600312553,5.7800298161687,6.52874632956926,7.03775378162575,-0.13150830600587,0.879399939547274,0.582459082353893
0.16922471988966,-0.108737899017618,6.08768868431157,13.9883454802057,5.78615320060069,6.50167014839223,6.90519870677802,-0.130644441346016,0.874690832486998,0.571390179017209
0.166088155684519,-0.106577038179214,6.07795699373066,13.8491373612828,5.79381782579254,6.46967554350323,6.77565825504595,-0.126764891848794,0.868315883195001,0.562595979765944
0.162931558675273,-0.104413049321273,6.05598783478902,13.6995826046215,5.80188921375968,6.43131854555261,6.65002121542121,-0.120607280351702,0.860015837051872,0.555502065952558
0.159818249673483,-0.102289994060481,6.02127770210409,13.5378260190077,5.80961482712768,6.38609891106633,6.52957476055753,-0.112859140685704,0.84967915367185,0.549627736675081
0.15695636386281,-0.100343689896806,5.97565364626468,13.3641063821292,5.81700729254611,6.33484230842342,6.41615128711975,-0.104085747863743,0.837430140543706,0.544689001614919
0.154290349209947,-0.0985370459994825,5.92396493337511,13.1810929245474,5.82496390488488,6.27981738590112,6.31212428882097,-0.0947211567315739,0.82366860149746,0.540608381507904
0.155549913639214,-0.0992206289394829,6.05963503075169,13.4171448985001,6.03374352121382,6.5046915764003,6.32084423678266,-0.0696490023430093,0.808809011571628,0.57181106158864
0.144625026736962,-0.0921932484549886,5.64968045274217,12.4084551819388,5.6598309697209,5.90721135975121,6.05041302677105,-0.092291472016822,0.793745995785261,0.501218856960544
0.145132372020045,-0.0923937484686917,5.80742870237334,12.6294823411447,5.87154539566048,6.13240192296631,6.08510599109812,-0.0684252208663917,0.779634148001493,0.532601183101937
0.140815383519796,-0.0895150718304659,5.80990338607198,12.4655056107977,5.90053908553746,6.09609835751307,6.04683764077747,-0.0600912843393629,0.766981376072999,0.532489758221921
0.135667385299384,-0.0860810442699638,5.84116894704361,12.3214332706644,5.94042524474831,6.075056994433,6.02957268927587,-0.0527479376377449,0.756720758351456,0.533290713972848
0.128928742335778,-0.0815947281971518,5.90467341431599,12.2022773276781,5.99244023856939,6.06746074564789,6.03406121819656,-0.0469186622197379,0.749168323916379,0.534658565807163
0.120083430237168,-0.0757187804603834,5.99924638619076,12.1117222644131,6.05798187324738,6.07333723444079,6.05939353061402,-0.0430369606682052,0.744656315444038,0.536187790952586
0.111236001628584,-0.0698169491573356,6.11470562566109,12.0517119871268,6.13805969660588,6.09233574309351,6.1035505051983,-0.0414905690203193,0.743346452514028,0.537421035352387
0.104745412072168,-0.0654223338997914,6.24704978909165,12.0222340238998,6.23327859953739,6.12426164354888,6.16370788945697,-0.042552278172355,0.745227252680276,0.537940770541405
0.100034432457161,-0.0621755745931847,6.38719445850659,12.0214468487542,6.34387140836751,6.16924185796217,6.23667685714713,-0.046314323992962,0.750100295746706,0.537469493899679
0.0962714593423966,-0.0595589737876685,6.52814047052825,12.0461951042364,6.46979529211628,6.22745048722008,6.31938568191181,-0.0526459166745643,0.75757113486865,0.535948117609735
0.0933721493016996,-0.0575414328122541,6.66560818246294,12.0927546723643,6.61085485495079,6.29851187189527,6.40930857811843,-0.0611896594259596,0.767063359602247,0.5335674452753
0.0913211195116719,-0.0561342953877619,6.79738084642809,12.15754139426,6.76678783903695,6.38087723147975,6.50474356208466,-0.0713989968428701,0.777868364676501,0.530741102967783
0.087677854768626,-0.0537717572585705,6.92265196997129,12.237544045367,6.93725845550095,6.4715431850954,6.60485163446857,-0.0826091811208395,0.789238980655646,0.528022915457209
0.0823999123892426,-0.0504302338385494,7.04473642599672,12.3303380622521,7.12173103609409,6.56629595464958,6.70943490238762,-0.0941202979225121,0.800511187194022,0.525987373715245
0.0779893908857371,-0.047725287246625,7.15327818664723,12.4336840041373,7.31923445076486,6.66030105393185,6.81853269917999,-0.105319144824573,0.811201774756563,0.525103173672878
0.0747869227374055,-0.04586331924195,7.24912737216272,12.5449612843895,7.52811552028818,6.74872002049266,6.93199466750663,-0.115738899396348,0.821036605514818,0.525634834392671
0.073988497124948,-0.0455984626216483,7.33643949711351,12.6608557672866,7.74596827635636,6.82723679337915,7.04920057626037,-0.125103273795872,0.829914884357861,0.527603377936857
0.0743229506806287,-0.0460853276352017,7.41328679472943,12.7775453200397,7.96987493949004,6.89256279235123,7.16902029311848,-0.133330224363113,0.837843696409453,0.530817411215217
0.0755704172229513,-0.0471588201567096,7.48102212740891,12.8912066782956,8.19688672795182,6.94295619817151,7.28996182599359,-0.140480623823135,0.84486626120692,0.534955526198002
0.077626007726778,-0.0487308833748417,7.54606344016104,12.9984159521864,8.42448523727587,6.97865357581408,7.41034000479122,-0.146669542114673,0.850994221498646,0.539660707149603
0.079098286611909,-0.0498875746949726,7.60153939240208,13.0961798508333,8.65078232123756,7.00201210132769,7.52834308792022,-0.15208871851411,0.856152449795839,0.544614602740247
0.0814123592945732,-0.0515441583141618,7.65591110397523,13.1817244610423,8.87442725834713,7.01719909171711,7.64204409408708,-0.156832677912088,0.860145690810858,0.549585578716327
0.0864935373673793,-0.0549477527133242,7.71575068299621,13.2523924506573,9.09439203715605,7.02943552973053,7.74949977895675,-0.160874524943859,0.862656842008503,0.554460943226314
0.0915130174020083,-0.0582758094301521,7.77435303979774,13.3058673716231,9.30981796512318,7.04396389559352,7.84900016018068,-0.164064444053144,0.863282683853564,0.559264967673869
0.0969303051888717,-0.0618398242087577,7.83121608453364,13.3406260935513,9.51996536846919,7.06498450856485,7.93938774962045,-0.16616416708312,0.861600545973813,0.5641486698992
0.103100556261796,-0.0658868631863036,7.88495232840784,13.3563379398959,9.72419616138073,7.0948112518029,8.02030805491185,-0.166911935358299,0.85724584622685,0.569342255177057
0.109685495179388,-0.0702142363870885,7.93766768519301,13.3540042461304,9.92193310317018,7.13345995124113,8.09229272192787,-0.166114118064593,0.849979287740777,0.575084426349674
0.116242851755561,-0.0745476334692447,7.99202401778481,13.3358312658291,10.11261935978,7.17878437191091,8.15665062808489,-0.163714024014852,0.839734792292118,0.581558557401911
0.120364270685651,-0.0773321768760371,8.05287864409638,13.304959950278,10.2957443812986,7.22712106944309,8.21521943935332,-0.159822361750524,0.826649586768867,0.588860454027788
0.122638516722168,-0.0789450746129275,8.12303591087828,13.2651532754202,10.4709606225836,7.27424888210207,8.27008211138642,-0.154709358260229,0.811073939875536,0.59700486362276
0.124590295145773,-0.08036168068676,8.20386293225468,13.2204254665872,10.6382168812598,7.31634660925972,8.32332813881143,-0.148757522249091,0.793542340299279,0.605960186740756
0.126248282937494,-0.0815832105838328,8.29840347449676,13.1745279091041,10.7977635089322,7.35060170504002,8.37684504274282,-0.142393688540981,0.774681202150696,0.615688862766242
0.127388942329973,-0.0824466558694827,8.40908001869379,13.1303047769487,10.9499485851392,7.37530333596466,8.43207619654926,-0.135998184064183,0.755058729422197,0.626170355410175
0.127837486111792,-0.0828243867189076,8.53795507142429,13.0891278494144,11.0949010784484,7.38959220491865,8.48975113880111,-0.129841602042645,0.735038079326607,0.637395807148562
0.128883940265094,-0.0835443727371857,8.69121553563852,13.0506650796168,11.2322960099335,7.39323898642307,8.54968528400128,-0.124046089424331,0.714716824068909,0.649338430845836
0.132464443338909,-0.0858614778133795,8.87665311821762,13.0130685176575,11.3613273738833,7.38672161414442,8.61074752020795,-0.118587295370011,0.693996923538124,0.661913611859279
0.136528779719754,-0.0884574293737904,9.08576495962754,12.973469218705,11.480882646458,7.37159856759814,8.67102987803647,-0.113358096845687,0.672760624056288,0.67494776665714
0.141121572587587,-0.0913734520315704,9.31502303793354,12.9285550288726,11.5898022318921,7.35090382628002,8.72817339728942,-0.108215295563083,0.651067831937796,0.688172631057076
0.14608204239909,-0.0945171953819549,9.55816136637856,12.8750184230683,11.6870673371055,7.32917726226388,8.77974765087879,-0.103030804614315,0.629273921516916,0.701250322285612
0.151312328755066,-0.0978332475211086,9.808209659402,12.8098211819867,11.7718469119414,7.31188855641052,8.82359674164594,-0.0977139023962459,0.608009025482667,0.713822587425223
0.156734876295403,-0.101274700908053,10.0542826325808,12.7303959675765,11.8434707079623,7.30429085677465,8.85811454701529,-0.0922349542742036,0.588026421094688,0.725571858396432
0.161804071458432,-0.104487734416599,10.2803125453149,12.6349302843135,11.901448500947,7.30997663543161,8.88241665104586,-0.086579199903377,0.569974428850812,0.736279275185087
0.166042210537267,-0.107159962711798,10.4746833995597,12.5228209216923,11.9456504859421,7.32959384613731,8.89638003893367,-0.0807999647690926,0.55417188728429,0.745864615185094
0.168520419423205,-0.10868691346367,10.6287191509974,12.3953320526778,11.9767504658636,7.36031341721755,8.90060087869486,-0.0749468110891043,0.540483143693302,0.754398782103555
0.16765243407322,-0.108200012404024,10.3193901809423,11.7825575450647,11.5558375428299,6.84610785421282,8.68450257349119,-0.0855805847617801,0.526717580047547,0.723552037431292
0.169555667068262,-0.108869156833129,11.6577628226326,13.0436058735997,12.890431681713,8.56530152698571,9.31769714671186,-0.0256935973516261,0.525577316468579,0.8488963791747
0.178742317833338,-0.115354752285844,10.0303462563249,11.1378552055262,11.2146233063835,6.32686054113474,8.46768379252065,-0.0896842552114911,0.499425565556562,0.70446468730093
0.158930862676797,-0.101848155022725,11.7708762323989,12.6078052488751,12.78903948281,8.60068534882465,9.2334332745499,-0.019903111832754,0.504920787025491,0.850585531225527
0.188713109022151,-0.121677091384949,10.0335236140487,11.0908330095908,11.4106615162608,6.39410865563058,8.50500289028698,-0.0744579180660326,0.47738296306763,0.730643546035425
0.161111171499104,-0.103338580172434,11.3122157819721,11.9767575892608,12.4333411960794,7.99458050262522,9.00436247386728,-0.0285994063981727,0.48136442615514,0.82633737593533
0.172994617143062,-0.11118613441115,10.9689339897046,11.7022741557365,12.2639949620842,7.57709731105078,8.88342044636055,-0.0353686684133734,0.47157015275076,0.811555558785716
0.175814421128765,-0.113048530409271,10.9778413206925,11.6633328534301,12.3341923740401,7.55539644449589,8.89158789962968,-0.035363668173874,0.468047979686573,0.816618893342688
0.178533592255914,-0.1148647081865,11.0245514620686,11.6849274076799,12.4592612699539,7.59177573250135,8.93167548367845,-0.0355907998293441,0.469105533832694,0.824268644599124
0.181583180114172,-0.116905311997067,11.0874561991627,11.7324990858301,12.6069374806585,7.647424753166,8.988432171869,-0.0372551305838795,0.474519999553312,0.831932737814774
0.18506028021872,-0.119222736169067,11.1629677385112,11.7961555787177,12.7686239558638,7.71484935409305,9.05777830861254,-0.0403252064464821,0.483635211094277,0.839121671573311
0.189049672027276,-0.12186324400042,11.2492505088511,11.8702418438034,12.9391014274077,7.78869014901288,9.13634136123693,-0.0445463987863666,0.495269525996052,0.8456789188574
0.193539536302171,-0.12481417300069,11.3426343778018,11.9506253316476,13.1140910664897,7.86340545961177,9.22057720248713,-0.049452501950036,0.507938907773928,0.851582838386893
0.198499242760308,-0.128054273947828,11.4426000642685,12.0342026319449,13.2899468932387,7.93364746249063,9.307020932945,-0.054523336671372,0.520110469010985,0.856922993232717
0.203948455590983,-0.131597510788905,11.5554920085819,12.1185754363578,13.4634676307563,7.99461310175471,9.39251575808529,-0.059230265894882,0.530420023217386,0.861872440728081
0.209754126852149,-0.135361396540022,11.6836236357375,12.2017928126577,13.6317674427808,8.04237721043157,9.47436544483118,-0.0631150123040629,0.537846914173425,0.866640238010185
0.21575345393255,-0.139244537563404,11.8289420245609,12.2822560322822,13.7923414459969,8.07439506624753,9.55050173453443,-0.0658386918561114,0.541844615251881,0.871420744344667
0.221778064177139,-0.143140775512907,11.9926912884699,12.3587607866488,13.9432896168482,8.09002429716422,9.61965013357193,-0.0672026188391461,0.542402345167623,0.876358467934515
0.227655698023835,-0.146939352672231,12.1748338113755,12.430506064468,14.0834677816037,8.0907220801409,9.68135998749518,-0.0672123337565438,0.540008471655734,0.881532825017824
0.233184442133615,-0.150508128833863,12.3733937572972,12.4968767163169,14.2123131683797,8.07972896176408,9.73577350800563,-0.0659255277224213,0.535516702237289,0.886950930412449
0.237663643144742,-0.153390735166347,12.58050496123,12.5569818270977,14.3293146301835,8.06135924048073,9.78316216882535,-0.0634646991485108,0.529954455269294,0.892537788089051
0.241006706250239,-0.155528171342573,12.7904553322367,12.6091978730301,14.433416208639,8.04019194256337,9.82344751290706,-0.0599487276815527,0.524328199726234,0.898132651250723
0.243322768053241,-0.156989423525486,12.9981824797825,12.6510613086582,14.5227588063538,8.02039535083481,9.85596839163724,-0.0554605830450803,0.519467790521602,0.903512934473874
0.244637516060081,-0.15779180318146,13.1971795502572,12.6796625760736,14.5949563926323,8.00524056620219,9.87960588253011,-0.0500347780192056,0.515928197686406,0.908454543772127
0.244801357870408,-0.157841408847806,13.3802345035221,12.6923754549482,14.6477506468777,7.99673215836004,9.89315693199546,-0.0436613828421457,0.513948693092367,0.912809415892293
0.20930156696246,-0.134489106912146,13.1559854428407,12.909791859236,14.8108132923965,8.78884947437587,9.89862004814544,-0.0616629437012435,0.585256131392386,0.888692015936591
0.288368649295507,-0.186144665610292,13.8332129950729,12.3127551264469,14.4038926807004,6.84665487253347,9.77900622697819,-0.0167589140641229,0.43502486292117,0.919756152956316
0.215543597243829,-0.13876146567332,14.0502274043385,12.7377624772902,14.8209948742463,8.47482263857677,9.96236838705778,-0.00250591094401109,0.525878368315391,0.934130293821766
0.241974858793978,-0.15574562701912,13.8625298192804,12.5527005960999,14.6167036777519,7.84487356720345,9.80755635159989,-0.0120871924022019,0.510191163750336,0.913408029235304
0.226215791654015,-0.145531732663126,13.9854052818481,12.5162814178315,14.6124238141046,8.05900990353132,9.79429821052852,0.00574734204515526,0.517197353660273,0.922563201907956
0.227336752195818,-0.146185544313374,14.0361506546741,12.4199051147008,14.5229196853484,7.94543256446543,9.72244442898702,0.0146481905921996,0.51304016625721,0.92241833645782
0.222930044632774,-0.143281008881358,14.1216720308968,12.3283083093866,14.4383040034081,7.9234857929171,9.65339564534186,0.027125134992056,0.509238541287083,0.925036443255772
0.221561592888254,-0.142333031794888,14.1922810715523,12.2210738077844,14.3275069057479,7.83574712871236,9.56520142866069,0.0376195518594908,0.501765661658963,0.92518576957318
0.219805729029646,-0.14113676711668,14.2616272966088,12.1070893903924,14.2034004249718,7.74345501242673,9.46738830964671,0.0471858960910851,0.492399339112343,0.92394406682804
0.218542774378521,-0.140259929675042,14.3209573669016,11.9878790372641,14.0670211069687,7.63232028045613,9.36139088565702,0.0544581274091471,0.481319764849414,0.920409520388856
0.216984036629718,-0.139195897888536,14.3713551029719,11.8709994267423,13.9277969631478,7.51990955715754,9.25500459684687,0.0590722062491427,0.469690087605189,0.914867183972974
0.215025033191614,-0.137879224948939,14.4129023397258,11.7654511052717,13.7963523417909,7.41419876864164,9.15700472661237,0.0605338328562115,0.458536071527509,0.90776643830176
0.212438532972647,-0.136166290039433,14.449109011337,11.6828786575958,13.6865546805952,7.32751266377533,9.07848092292859,0.0587203948885584,0.448988825087369,0.900106852669147
0.209195963633627,-0.134041867587111,14.4849814328706,11.6359470992975,13.6135232034518,7.27037486456801,9.03122711110661,0.0537454908937987,0.44206515680326,0.893197041795833
0.205311185898383,-0.131517230739645,14.5270870828866,11.6370728772731,13.5924006924742,7.25286376236526,9.02670297634225,0.0460446209728373,0.438634434474906,0.888564529881979
0.200871289353955,-0.128648504391251,14.5824411206249,11.6964233517969,13.6361343438131,7.28271748303686,9.07425648980782,0.036384908061593,0.439292879679329,0.887762909705028
0.19600602074523,-0.125516080872332,14.6575302895174,11.8198429671405,13.7531534411526,7.36413665230027,9.17929108632159,0.0259003394949029,0.444249358240089,0.892194631966088
0.19087735282591,-0.122218372315837,14.7570671252127,12.0068528837079,13.9450355932471,7.49622399127327,9.34149121986558,0.0160726459031788,0.453218231016625,0.902911413774072
0.18567203413272,-0.118869069327586,14.8827216065164,12.2491388545716,14.2046190039455,7.67199387588341,9.55348439725961,0.00862712566506563,0.465357599632885,0.920399324329799
0.180562663661162,-0.115574792420778,15.0321630837976,12.5299438513625,14.5149701405654,7.87802368548342,9.8002600380354,0.00530272898535467,0.479264837059354,0.944351776868329
0.175658134276055,-0.112405367913959,15.1987906532791,12.8248967854662,14.8497827084751,8.09501710570094,10.0597709684139,0.00749783081867683,0.493047829048233,0.97347803093049
0.170999403794193,-0.109391858716995,15.3724170791151,13.104689694299,15.1757418012038,8.29943570613647,10.305100215585,0.0158469105209411,0.504492918677314,1.0054336975062
0.166566143709038,-0.106529699880344,15.5411057662975,13.3395782922413,15.4570475091295,8.46636321455358,10.5083080688933,0.0298581813398378,0.511355456022534,1.03698395781188
0.162303259083382,-0.103793347464725,15.6937067008986,13.5049291905316,15.6615545656662,8.57348678410477,10.6454855379483,0.0477896518793099,0.511778695710504,1.06447579214881
0.158149995569431,-0.101152191516423,15.8221556193934,13.5862850709333,15.7670654922248,8.60550253882926,10.7017886623961,0.0669008463105158,0.504777820474866,1.08457233512249
0.154049183829634,-0.098573971861795,15.9226005963958,13.5821837596198,15.7657506063178,8.55764605368254,10.6747588789492,0.0840597188108547,0.490627283237583,1.09502868452452
0.149896644530078,-0.095990230291274,15.9952355940145,13.5036073701218,15.6650210271621,8.43694551550922,10.5745366332887,0.0964947241423055,0.470944718009231,1.09519337893407
0.145505205497919,-0.0932723624740595,16.0427894454129,13.3702681272422,15.4845116624854,8.26050400150992,10.4207251164767,0.102391537068467,0.448356545504184,1.08601650820198
0.140878525710864,-0.0904099479064419,16.0664889064159,13.2052591076755,15.2504868371947,8.05138336640374,10.2371106968249,0.101171157365473,0.425836323788575,1.069593960572
0.136140728545579,-0.0874668308934347,16.0657515419074,13.0301292707377,14.9899411829602,7.83368077683093,10.0463019461072,0.0933367086541379,0.405979344001283,1.04849903423131
0.131287300172387,-0.0844219649531583,16.0406655314283,12.8618669367623,14.7263231276431,7.62846438806641,9.8660578140285,0.0801548497454703,0.390486074900268,1.0251974342617
0.126321178212492,-0.0812609135760772,15.988030788662,12.7120552992552,14.4775427891624,7.45146013294937,9.70794231209742,0.0632538783110954,0.379990662737097,1.00171436447059
0.121270172036208,-0.0779895012002546,15.9052501693236,12.5874906078277,14.2557669763857,7.31244075607339,9.57783463158448,0.0443008191143202,0.374203969755515,0.979548913535247
0.115947332006274,-0.0744787781214992,15.8093368159124,12.4913276758014,14.0681069083329,7.21572390834898,9.47734684645286,0.0247921473690531,0.37223692800022,0.959730248280756
0.110438352002968,-0.0707851336762937,15.7058675858141,12.4241203592074,13.9175131825232,7.1611212688485,9.40531759828561,0.00594610136369189,0.372952924895538,0.942908735907079
0.104867351625151,-0.0669974431497913,15.5992422403088,12.38451904997,13.8035528411443,7.14487637897651,9.35891394873924,-0.0113314337012342,0.375240157110229,0.929425088988772
0.0993653824272913,-0.0632153509005305,15.4927715664348,12.3696834027896,13.7230394794969,7.16040104940581,9.33425063612146,-0.0264427425500475,0.378158885399129,0.919349589666763
0.0940550905783873,-0.0595369661421494,15.3891973423823,12.3756340857688,13.6706816522052,7.19891327396669,9.32672347687642,-0.0390639824507768,0.380980582574593,0.912511121142439
0.0890293759960522,-0.0560421249193444,15.2916810148998,12.3977512132895,13.639938802355,7.25029030506561,9.33135574038074,-0.0491015446601604,0.383176144188265,0.90854137586508
0.0842936730022956,-0.052752216759004,15.2047890503533,12.4314464433954,13.6241008263092,7.30437831608524,9.34332987232149,-0.0566499327742234,0.384408343215895,0.906945704124108
0.0796937108401323,-0.0495813061875301,15.1350326355117,12.4728366062994,13.6173679896427,7.35262790759382,9.35863081081067,-0.0619460544989443,0.38454506510638,0.907188051751074
0.0750668684439293,-0.0464333076620231,15.0891238226855,12.5191736730017,13.6155928676069,7.38954304513509,9.37455356271776,-0.0653276660868416,0.383669525503531,0.908762026565125
0.070373432324343,-0.0432869548117613,15.0718968031559,12.5688628857618,13.6164358086061,7.4133609337268,9.38983699941073,-0.0671953949954953,0.382053599790857,0.911225753188619
0.0655067978216508,-0.0400729034517796,15.0864155991291,12.621068989274,13.6189240025031,7.4256891463884,9.40435381376033,-0.0679803347814159,0.380083902111486,0.914199321364601
0.0603281955071087,-0.0366967524563976,15.1326407583878,12.6750962206883,13.622664795621,7.430291417324,9.41850396414272,-0.0681018627898817,0.378162121913941,0.917344088265307
0.0547717087710363,-0.0331078415989217,15.2060801878946,12.7298354746777,13.627098261611,7.43153402728787,9.43259260504562,-0.0679309795302707,0.376614668706913,0.920348886006705
0.048930222554627,-0.0293559720537135,15.2975573339495,12.7835241392179,13.6310998934544,7.43304356913552,9.44644836442082,-0.0677544405502091,0.375638213545961,0.922937336098857
0.0430318578868722,-0.0255775977281521,15.3937463265401,12.8338880197226,13.633023261539,7.43694077481415,9.45938765136069,-0.0677583046242782,0.375289775976485,0.924893367468404
0.037523222916776,-0.0220512008146029,15.4808395820884,12.8785437304529,13.6310516334019,7.44374252568205,9.47045550596517,-0.068009094723843,0.375514140663002,0.926090131183943
0.0326980063104382,-0.0189577799733936,15.5480214007276,12.9154407255505,13.6236204913058,7.45277565422339,9.47876219620157,-0.0684936916708274,0.376190572592463,0.926505223372456
0.0283313045772135,-0.0161454086562426,15.5836999635666,12.9431562512036,13.6097102236646,7.4628033687467,9.48373238273923,-0.0691291329027197,0.377176384541381,0.92621210649092
0.0244255592391721,-0.0136123262681819,15.5816317618081,12.9609809030215,13.5889404145033,7.47259684516256,9.4851806719246,-0.0697958311991012,0.378331747744943,0.925350355801209
0.0210149765253231,-0.0113800837617575,15.5401474143812,12.9688712150818,13.5615387110546,7.481315909751,9.48325336941814,-0.0703656461048463,0.379521913934446,0.924086671797258
0.0180839680360486,-0.00943978019894376,15.4608502693327,12.9673206053241,13.5282548089097,7.48879647936945,9.47833670380131,-0.0707046170271641,0.38061419221118,0.922597006686185
0.0156088816641994,-0.00777934258977103,15.3476818850665,12.9574135445072,13.4904265697997,7.49549651999277,9.47102191452831,-0.0707008697104352,0.381450278884223,0.921043280015116
0.013600868665987,-0.00641042609612291,15.2064729026524,12.9408238728712,13.4500002150458,7.50244310866717,9.46211711318128,-0.0702505569691789,0.381839121874407,0.919591567429984
0.0119389465851039,-0.00526019510635922,15.0437491222548,12.9198476520323,13.4095433817158,7.51093739860788,9.45265401404218,-0.0692612500353391,0.381555355220985,0.918418420737099
0.0102742251897983,-0.00410892787200795,14.8664259453978,12.8972719329905,13.3720672726123,7.52218687689673,9.4438037042521,-0.0676588871213615,0.380362184718867,0.917704258785373
0.00853498651208873,-0.00291627160323887,14.6849346525835,12.8760165662483,13.3406028825223,7.53695310889201,9.43666251729817,-0.0654072741815876,0.378059183386684,0.917600603534842
0.00682961410516275,-0.00175759274827314,14.5114411505404,12.8585961873491,13.3175932489912,7.55532885437393,9.43195463704315,-0.0625398763711154,0.374547849449551,0.918176613756891
0.00464663663632842,-0.000305666531108029,14.3519685266462,12.8465772843476,13.30431265622,7.57673859578324,9.42978216643668,-0.0591877411027197,0.369889651042896,0.919370640929668
0.0018116546823676,0.00155143888108122,14.2132012632919,12.8402401944206,13.30041787557,7.60005890355949,9.42952895690875,-0.055626450999398,0.36439120458107,0.920953849219859
-0.00172043049903658,0.00384489655069351,14.0993055755858,12.8385497442067,13.3040444287869,7.62406667486028,9.43003604159795,-0.052233033129268,0.358553206274046,0.922568376732206
-0.00594974214997357,0.00657969564602756,14.0102972344828,12.8394180907081,13.312060531588,7.64777329378656,9.42990670507022,-0.0494689976866947,0.353061887672977,0.923774507225156
-0.0108412234902753,0.00974022525081139,13.9420636091811,12.8401558357678,13.3206649058241,7.67083288078398,9.42791288989921,-0.0478090844986419,0.348689710913902,0.924138051831767
-0.0163467202178663,0.0133034376590745,13.8873290847674,12.8380462993886,13.3261324531741,7.69383112994042,9.42339455087432,-0.0476633893670759,0.346178511863449,0.923325526704989
-0.0223976025349966,0.0172327967760175,13.8369845401694,12.830968155369,13.3255667875138,7.71835341688594,9.41660227296625,-0.0493166036001713,0.34612438335176,0.921182780711235
-0.028907725437905,0.0214786507487543,13.7818868974777,12.8180218992599,13.3177477997288,7.74684146303379,9.40881781838637,-0.052863639468832,0.34887275242265,0.917810898458402
-0.0357617702351524,0.0259702872588516,13.7144664127943,12.79994482507,13.3033429222107,7.78205293844793,9.40248130171399,-0.0582525253721848,0.354489082064163,0.913531851108685
-0.0427965544550648,0.0306028580903139,13.629936721761,12.7793874024799,13.2852223968638,7.82663883908258,9.40102493883604,-0.0652981566189466,0.362743063683515,0.908869521766357
-0.0498224419038855,0.0352511197699783,13.5268740231677,12.7609172774943,13.2683159080173,7.88280734605032,9.40869351394278,-0.0737412121519747,0.373153162035317,0.904472037899374
-0.0566647457607906,0.0397964595464025,13.4071152211022,12.7507469970997,13.2592443339112,7.9522041897513,9.43025206576477,-0.0832980234571754,0.385048417174362,0.901029008692915
-0.0630531056718093,0.0440560895035093,13.2762979599236,12.7561023235561,13.2656356500728,8.03585895785711,9.47052430016394,-0.0936916274974551,0.397632595875174,0.899186455648066
-0.0679247283134576,0.0473338947684608,13.1488173964868,12.7842239186646,13.2951195784927,8.13405523009918,9.53373047970357,-0.104657425029866,0.410040663275157,0.89946570876062
-0.0721312234666305,0.0501702675258645,13.0244697602648,12.8411556512759,13.3541402442566,8.2460983816735,9.62271675003072,-0.115926265008928,0.421387083440522,0.902199468757844
-0.0759631390544522,0.0527436947505708,12.9082383721871,12.9305874684035,13.4468326142818,8.37006785613931,9.73826319277307,-0.127190088948354,0.430812502645548,0.907503320666857
-0.0795440525923748,0.055126213599558,12.8064270731303,13.053003783323,13.5741889780882,8.5026644824044,9.87864787835878,-0.138062036482771,0.437536702552786,0.915293168042686
-0.0828839655908639,0.0573182826974492,12.725757536816,13.2052971044736,13.7336688859375,8.63922287206758,10.0395917592413,-0.1480378489257,0.440923450707097,0.925342315636756
-0.0861754866159595,0.0594409131333429,12.6717448895013,13.3808409137617,13.9191579481363,8.77396076840429,10.2143890172038,-0.156509785285358,0.440549830271246,0.937348793891454
-0.08969500979917,0.0616717908453616,12.649301293361,13.5701276999901,14.1216147544369,8.90043849125484,10.3947135245476,-0.162787939143722,0.436269882699636,0.950984472074697
-0.0934962539131799,0.0640479445672396,12.6639552548528,13.7616983434816,14.3298437576408,9.01223857708659,10.5712456078923,-0.166123664969186,0.428274566200699,0.965916212803507
-0.0974970122639896,0.0665221399469111,12.7201077500258,13.9433282703806,14.5316206778292,9.10366591713806,10.7345762706283,-0.165851861800996,0.417118535742083,0.981782025153481
-0.112783651569156,0.076525739219985,12.5268587698818,13.6318645342798,14.3154790277291,9.38596045821862,10.7406748761231,-0.155851759723415,0.420460909694552,0.985195170819569
-0.0994009931208598,0.0671614688902073,13.1288764036175,14.59111976931,15.1758326393704,9.07638644412663,11.0961366229152,-0.16010742567533,0.38492769422307,1.02144633760584
-0.105538291674477,0.0712873964650335,13.1601540333176,14.3596199456762,15.0212799184019,9.20239312111564,11.0777056344559,-0.143398584143947,0.381642345281485,1.02721651119841
-0.109843722555512,0.0739594144166547,13.3441008541125,14.3647037160666,15.0613845809308,9.20478486884751,11.1064095271386,-0.126425803667653,0.371928843703602,1.03923702449414
-0.110725757871366,0.0744531068258288,13.5373367113172,14.3507640557356,15.0762907071449,9.16704618680609,11.1032604351121,-0.105765571631511,0.363051970607901,1.05009089185959
-0.109940140534274,0.0739162382444237,13.7133034624483,14.2907074158084,15.042432447866,9.10656939795769,11.0614211572858,-0.0819767284142467,0.357373906680037,1.05816198117068
-0.107882758132626,0.0726084531224289,13.8527110079941,14.1836498392656,14.9581537555327,9.02883314086922,10.9823364869157,-0.0559821226574668,0.355556519316451,1.06288403961221
-0.104953860174854,0.0707851925043341,13.9414610247047,14.0340944580233,14.8266819939259,8.93740991325132,10.8698346942295,-0.0287078850562659,0.357582467153757,1.06408304536807
-0.101699756968534,0.0687889319575458,13.9701874274817,13.8491788987441,14.6538511274681,8.8351570311431,10.7292822406299,-0.00115814291469585,0.362948120814447,1.0618898856964
-0.0987253631259277,0.0669944981638551,13.9363300525548,13.637907378679,14.4474437062442,8.7246101889645,10.5672871832676,0.0255755088858831,0.370826375519098,1.056673876799
-0.096592247712231,0.0657454221981496,13.8426837373981,13.4104500117183,14.2165781510169,8.60833123288005,10.3913705423122,0.0503790448130687,0.380274298226121,1.04895191108714
-0.0957214705178065,0.065294068575963,13.6963383700241,13.1773600521442,13.9710182850578,8.48907389353017,10.209515167725,0.0721668637243351,0.390439028819053,1.0392977892185
-0.0963270595548008,0.0657614642899137,13.5073523804577,12.9488190187493,13.7204833615325,8.36965325615896,10.0296037807956,0.0899753701499683,0.400705563183654,1.02827023573815
-0.0864046199290228,0.0593066938942953,13.321228547785,12.561008008007,13.3004418874442,7.70844563056809,9.74846473046071,0.0886210209766105,0.401940685541175,0.990825815865364
-0.123725444321273,0.0836102699629521,12.996771136965,12.869991201206,13.5647725869479,9.15500997454092,9.90063894408844,0.141512119709012,0.436917242964167,1.05448519783204
-0.097112409355226,0.0661244098597789,12.8200898751767,12.2326237454619,12.8858648303625,7.62560841438441,9.48838786427178,0.103755779464385,0.424501693766032,0.972372582252619
-0.108759483921174,0.0735906450701531,12.5712792416161,12.2226861664395,12.8119101542345,7.87115730447209,9.44075246081373,0.109775939753806,0.438587339852717,0.975870179582921
-0.11390405542201,0.0767513944439477,12.3311757362382,12.1297244450584,12.6522663747534,7.81428346711165,9.35289205638985,0.104135934170109,0.448927015491821,0.964903880759398
-0.117388621091066,0.0788123889614507,12.1070441758752,12.0539265455357,12.5021626598423,7.71405099785562,9.2765210111802,0.0933918882242331,0.458362716612263,0.951628439836606
-0.119694166540674,0.0800987241261952,11.8976664753122,12.0026423518348,12.3697674806836,7.60213405464104,9.21487853016825,0.0792645681057133,0.467207256292994,0.937546225600128
-0.120922727957173,0.0806887566919082,11.7029755779567,11.9720572732133,12.2521684250349,7.48083191708685,9.16483393639987,0.0626554658873024,0.475282290843029,0.922720342106289
-0.121338391284067,0.0807643736813416,11.5224794649798,11.9569212995671,12.145075344503,7.35041115247354,9.1225469633436,0.0443883330584522,0.482429053646045,0.907119148596745
-0.121100840440411,0.0804385921769954,11.3564611868486,11.9522450247102,12.0445281269671,7.21321022597554,9.08447330988228,0.0252933000206044,0.488680848910148,0.890814967136801
-0.120612506747361,0.0799801803568441,11.2032447971087,11.9540993963596,11.9476512337131,7.07390949421654,9.04774144986843,0.00616554748982136,0.49430209891531,0.874016323930831
-0.120235940253233,0.0796307526860505,11.0600829980588,11.9599755421211,11.852964692336,6.93872904287633,9.01025283777127,-0.0122224103345179,0.499740223682666,0.857045710148164
-0.118473137740831,0.0784280842280833,10.9378912138223,11.968645251936,11.760214783851,6.81430398681058,8.97053152409427,-0.029146781160064,0.505538008164199,0.840279905985109
-0.117054653503335,0.0774933455607434,10.8203721416277,11.9796696198107,11.6698512993642,6.7067168147117,8.92743395209351,-0.0439895632415417,0.512259908997134,0.824076043378658
-0.116606689550612,0.0772311908864094,10.6997589864457,11.9928706408269,11.5824300080098,6.62088151528325,8.87990028336142,-0.0562762131168605,0.520453450065551,0.808715423864353
-0.113784957752349,0.0752950874152201,10.4660845885257,11.6594514536026,11.1754557201447,6.01779427694601,8.68614812672963,-0.0880010884201153,0.52240154330098,0.751836292301247
-0.123207090041901,0.0820299508219091,10.6674452227132,12.7013732129045,12.0336099100946,7.5472683883977,9.02515192760226,-0.0259988040871347,0.559979513353066,0.865634018570382
-0.117864328717882,0.0779695657435002,10.0360358517016,11.3664922039897,10.7258157998434,5.53756104998816,8.44669796956896,-0.116700542928375,0.543687447068656,0.689762107943696
-0.127714141074516,0.0850564146500297,10.2653775320871,12.400181341541,11.560937415371,7.03074879130406,8.74591847122093,-0.0516488582519766,0.585058922075659,0.802608670845047
-0.129652067218184,0.0862738925191451,10.0002538172148,12.0746095891315,11.1718687793161,6.53516955855158,8.54319862228694,-0.0721696483161886,0.595384193692651,0.752340184980139
-0.135032271662891,0.0898988962716407,9.84560070332629,12.0866345187011,11.0840524520049,6.58296822389981,8.45425111162549,-0.0685234735120537,0.61520624906389,0.745380856953772
-0.139740176507978,0.0930752297342026,9.70564218349263,12.0905555060348,10.9846659742726,6.60614705599732,8.35934299202379,-0.0639495355078308,0.633093311615608,0.739232765038015
-0.144079174683745,0.0959907919928114,9.57355370324513,12.08553957937,10.8732141566423,6.61630838584334,8.25977199834792,-0.058107861829861,0.648517182022062,0.734570411108858
-0.147919205285349,0.0985557073997943,9.44737640278451,12.0704650137086,10.7484985706015,6.6090790065211,8.15732230822331,-0.0513359104861177,0.660672172268169,0.731240286765223
-0.151239258969373,0.1007517386169,9.32322693688689,12.0464857367255,10.6115541315851,6.58536156218493,8.05427907701021,-0.0439505306155957,0.669477740775858,0.729093493652408
-0.154059045049338,0.102588132635664,9.19736731143397,12.0166830185327,10.4650491021824,6.54901454852873,7.95318846844813,-0.0362673760552659,0.675436521355087,0.727963654392665
-0.155366661418295,0.103407998300992,9.0698233448466,11.9851122647647,10.3122900796943,6.50425659951385,7.85656678644149,-0.0285928128369715,0.679306558676547,0.72766594490413
-0.15404684282588,0.102490600423136,8.94524358079,11.9554779512988,10.1560924824584,6.45353745876274,7.76657449714495,-0.0212042714573792,0.681771238237913,0.727985873487011
-0.151934209838224,0.101026064963386,8.81862891183761,11.9300860562286,9.99806868162231,6.39689142442572,7.68477454595094,-0.0143231403929654,0.683258179591424,0.728682722514558
-0.149079348690793,0.0990529162047666,8.69082864621147,11.9094943951873,9.8385955993392,6.3328193525866,7.6120546867165,-0.00808175129026763,0.683941686044398,0.729522342543951
-0.145541940204842,0.0966180622153915,8.56283054883075,11.8928726730572,9.67734199114267,6.26003287259559,7.54871076733127,-0.00248895048092801,0.683874445649154,0.730336050888293
-0.141427563400677,0.0937994220510762,8.43443177037371,11.8787972373105,9.51402169625602,6.1792173994336,7.49462487516748,0.00257320079416446,0.683167474535643,0.731090048896026
-0.136915255636009,0.0907223881527941,8.304136368913,11.8661272228381,9.3490388639479,6.09418051819891,7.44944584922606,0.0073734501226496,0.682146564981886,0.731942697708505
-0.132272359891856,0.0875681716134068,8.1698594792164,11.8546622011744,9.18380822856111,6.01204946733514,7.41269225819628,0.0123100328340705,0.681426584635474,0.733263762100279
-0.128521862105376,0.0850051846241293,8.02916568656709,11.8454232734974,9.02070358422366,5.94243042998225,7.38376213783575,0.0178705034051845,0.681863136949893,0.735598891638313
-0.123223294181528,0.0814579841260536,7.88697437003496,11.8405595545807,8.86273170340518,5.89564014503815,7.36190107699188,0.0245666701107847,0.684372618557512,0.739581602067947
-0.117901612613501,0.0779147631478435,7.73578863144122,11.8429360028235,8.71304480450646,5.88033570487024,7.34617141264173,0.0328530603940645,0.689655993392329,0.745805166816007
-0.11315013628608,0.0747618582832288,7.57730802902429,11.8554314821893,8.57433709268821,5.90117980318356,7.3353973067962,0.0430373466976524,0.697915876932288,0.754667317549789
-0.111226249378093,0.0734649720760019,7.42205072756548,11.8800262244421,8.44817563119855,5.95736579877636,7.32804918037772,0.0551954098205888,0.708684818275906,0.766211687395536
-0.110113939924551,0.0727158253308346,7.26741901663013,11.9169177347507,8.33442355599566,6.04255157050476,7.32212140044056,0.0691130248148167,0.720842317834604,0.780012350715391
-0.108298602662021,0.0715286554693449,7.11389396737567,11.9640325677239,8.2310010911369,6.14616610568926,7.31514705356335,0.0842788745031293,0.732818641882684,0.795158961113892
-0.104615868257282,0.0691431831802982,6.96854923206364,12.0172591482472,8.13418787758996,6.2556171698967,7.30447197860583,0.099943191452031,0.742925527135116,0.810383340213991
-0.0954315770354221,0.0632067668432247,6.87136643382046,12.0714780261751,8.03948520288424,6.35880086679014,7.28777360361368,0.115249961047157,0.749727626111395,0.824321682123518
-0.0857696813985175,0.0569537625323294,6.77796521283067,12.1220869853565,7.94279452242284,6.4463602287661,7.26364148993939,0.129412605103047,0.752358925973783,0.835841864820377
-0.0758485906587686,0.0505214740496486,6.68706256749281,12.1664197860294,7.84147771211435,6.51323343055019,7.23196081467266,0.141881519076906,0.750698200924614,0.844319458547025
-0.0655854448863862,0.0438575607508558,6.60072415237019,12.2044724699846,7.73489421658525,6.55915402879125,7.19393025562417,0.152441673250121,0.745355630593617,0.849759348207109
-0.055078300372674,0.0370311396231937,6.52344086475543,12.2386668920407,7.62423558323861,6.58798211573107,7.15172483488668,0.161207369333043,0.737484634851988,0.852726902070399
-0.0457049523509962,0.0309415627106078,6.45672214332629,12.2727778469464,7.51175265630726,6.60609247781289,7.10794599780261,0.168522423485789,0.728495694257307,0.854127325362026
-0.0351511932582064,0.0240980436131255,6.40345646776919,12.3104944826204,7.39971514947572,6.62039472639589,7.0650446557877,0.174810908698432,0.719777634026514,0.854922120022325
-0.0234955734940611,0.0165581102773303,6.3614829541718,12.3542621601879,7.28956854925583,6.6366671128254,7.02488311581409,0.180442582911022,0.712507511953126,0.855885751961991
-0.00945627719532166,0.00749783586776481,6.33330493371031,12.4048733920958,7.18162331532944,6.65864234631795,6.98853177468096,0.185685917895147,0.707573477582339,0.857474901099711
0.004080417485586,-0.00121275395835899,6.3111041957569,12.4618154273637,7.07528537485652,6.68786792115301,6.95631108004481,0.190564572320816,0.705583949165111,0.859822306450631
0.0171349985146138,-0.00958976893687055,6.29054305605936,12.5240215452494,6.96958640087179,6.72403596159191,6.92804745451077,0.1950318105879,0.706905705163243,0.862819365047275
0.0293717101906904,-0.0174237562582671,6.26338918595773,12.5906426434654,6.86374429796874,6.76539758669074,6.90349363141642,0.198985454396479,0.711669641286176,0.86623953694295
0.0383956875266186,-0.0231707173121852,6.23623677592877,12.6615751385471,6.75756362939989,6.8090994741208,6.8827821988098,0.202286887815826,0.719724767942491,0.869861227590217
0.0479169598112618,-0.0292456520381899,6.19556460281074,12.7375471330872,6.65155294425334,6.85161052566301,6.86667394715053,0.204828591185139,0.730588583703679,0.873553729075278
0.0586673420665367,-0.0361280290537305,6.14633679252956,12.8196768723252,6.54673032395708,6.8894612287341,6.85640857713536,0.206544387356894,0.743468073265146,0.877300057124505
0.0695808970104217,-0.0431310106521656,6.08766785551912,12.9086704188844,6.44423160053121,6.92017849636243,6.85321091356116,0.207413889860517,0.757376275360986,0.881155006312121
0.074143946051017,-0.0457121204966304,6.16496260001184,13.3770087480016,6.53641900896777,7.3854360398486,6.90463716903074,0.228500381022659,0.774857458995934,0.925345388774193
0.0871873169595624,-0.0547498830276704,5.87413302307588,12.7299103130326,6.06198824534594,6.52167869306421,6.82273838176716,0.182662239925345,0.779898139160257,0.846434817455312
0.0940039678487724,-0.0588197737740005,5.92910295356265,13.1937057783954,6.1514707440099,6.94620587342071,6.88960490568312,0.200987721502482,0.794523581469515,0.888769555045465
0.0979375456345793,-0.0613254316348886,5.89785780581473,13.3008675599645,6.06874028107072,6.97047121553641,6.91261509338193,0.199596977911923,0.803502416969861,0.893846718937524
0.100643920098181,-0.0630458647351761,5.86830816842099,13.390639021507,5.98257301024469,6.96877147246597,6.938417826451,0.196524874435756,0.809216699610036,0.896626434814342
0.102586059028584,-0.0642758567102469,5.84285655518246,13.469387227281,5.8985888581613,6.95917879468,6.96504507013139,0.192595464957176,0.811617650840595,0.898080027541699
0.104102912242556,-0.065237332872066,5.82183887914195,13.5356923066689,5.81692959749669,6.94137899668195,6.99096734026224,0.187968729389019,0.81073595595246,0.898073144014244
0.105483567913674,-0.0661206233495559,5.80555260626536,13.5894338739384,5.73762125849574,6.91449056315689,7.01541733075168,0.182906357718192,0.806936490973826,0.896685044259598
0.106898422964112,-0.0670386370730838,5.79402115461665,13.6321052866749,5.66079888393214,6.87920441372822,7.0383360266077,0.177816015779127,0.801046335664164,0.894298977402408
0.108261195079762,-0.067936465309616,5.78758272802124,13.6666527598688,5.58675325127843,6.83911069445319,7.06013255629914,0.173242661621918,0.79445907683716,0.891577422072797
0.109134403934893,-0.0685294365356844,5.78724666118031,13.6969568519081,5.51595087074727,6.80082854591443,7.08144531364231,0.169799673291135,0.78902960835166,0.889369808508564
0.109839757278854,-0.0690222516491788,5.79222011196919,13.726908926273,5.44895580499929,6.77215583768165,7.10311290603281,0.168070376530106,0.786629911163169,0.888569500458786
0.110843226440409,-0.0697103388785361,5.80058357442382,13.7593033442868,5.38623682952316,6.75877331114712,7.126339304265,0.168490558742405,0.788483381046228,0.889948206485675
0.112161963191558,-0.0705958484567187,5.81152719306908,13.794996774087,5.32794327264238,6.76137550006276,7.15278357115135,0.171243438372931,0.794631611403154,0.894002715106447
0.113767154569356,-0.0716507187703749,5.82408412078031,13.8327399359857,5.27378539846314,6.7751738278372,7.18428698222637,0.176207146236817,0.803885186094428,0.900848462343467
0.115585031222232,-0.0728198116575296,5.83720212521704,13.8697339618205,5.22310293670646,6.79217362557441,7.22224034153949,0.18297448597893,0.814314259686287,0.910186487397319
0.116977801673489,-0.0736863660848761,5.85185299263371,13.9026183567183,5.17509883745597,6.80476664940993,7.26693296118883,0.19093988549094,0.823991815463339,0.921357737958405
0.117973278474747,-0.0742704097974475,5.86672805873781,13.928508036922,5.1291364073432,6.80861851158722,7.31728525335376,0.199423340498799,0.831604345906553,0.933477254041391
0.119011289681744,-0.0748635830781766,5.87953236637498,13.9457540530869,5.08496606617789,6.80363472659012,7.37112521965251,0.207788069380288,0.836695654834921,0.945608554232571
0.0583577561623322,-0.0343614845413036,6.22284948919862,13.5151201460576,4.77539284528548,6.16034052784356,7.39895986848322,0.182215423109521,0.790815984231052,0.922788310257175
0.204305720503409,-0.130866183017514,5.85884018607886,14.6016444840667,5.36722130604608,7.63303674895814,7.54867150408645,0.26900223207887,0.892868079911697,1.02923567636759
0.124332914557135,-0.0782286822075608,5.82677062813101,13.7434165901197,4.88252577030325,6.55019909939732,7.49362249425973,0.218679937193046,0.835575136470011,0.961758544097543
0.125350203527688,-0.0786656275461723,5.8786491223872,13.950191418504,4.94557196396109,6.79583407420865,7.57880051045562,0.235099536805613,0.840231268628771,0.989453119406597
0.125715824052515,-0.0788371699049552,5.87048933024477,13.9156663637102,4.89988319813794,6.73930154489679,7.62171146269992,0.234691632865789,0.836306680987541,0.989759007875713
0.127621404568555,-0.080027706299334,5.85540377457354,13.9081676127727,4.8733697394764,6.73742806474085,7.66344192249596,0.235842823618529,0.833717311406366,0.991902530069242
0.129491866549323,-0.081214930590607,5.83705541140868,13.892259750266,4.84249040086471,6.71453636593617,7.70174556708341,0.234854453011042,0.829757274695773,0.991207673095261
0.131530485723761,-0.082529394496678,5.81836571445633,13.8759134986172,4.81154024653782,6.68524990210284,7.73755676073288,0.23281485543693,0.824968354299593,0.989148296604956
0.133604126376318,-0.0838867020889617,5.80173150489006,13.8582200991812,4.7785787005171,6.64534465857632,7.7714667144139,0.229971018726426,0.819565654853735,0.986001878018069
0.135459901113166,-0.0851237039156734,5.78685439141836,13.8401987541258,4.74364543407648,6.59709323051463,7.80445646142187,0.226925395404885,0.814089599226688,0.982470753393302
0.136889680805823,-0.0861032346758655,5.77415780696737,13.8231839109208,4.70728751960132,6.54403740388666,7.83797321112468,0.224328191945055,0.809211671358817,0.979325613343385
0.137714454871276,-0.0867040426736466,5.76371747851227,13.8088675565728,4.67088694347331,6.49174414613735,7.87373108969477,0.222854160552378,0.805664815073864,0.977379550637052
0.137928022959122,-0.0869151064204628,5.75535960477697,13.7987474438016,4.63632891283774,6.44646837614841,7.91339441226957,0.223094792864746,0.804086660226691,0.97735203556965
0.137596826790806,-0.0867729477139301,5.74872251470821,13.7937165436504,4.60560349827858,6.41365434636046,7.95821707445178,0.225465638326268,0.804860831051399,0.979757030706104
0.136811667626621,-0.0863325039324868,5.74340387698093,13.7938560826546,4.58033352979175,6.39640082723712,8.00875080787612,0.230135669737925,0.808010013274823,0.984821626817636
0.135580446675807,-0.0855988144601933,5.73892281693918,13.7984855519015,4.56141443298771,6.39458920570162,8.06467688106945,0.236998525555141,0.813186453939583,0.992456173879797
0.134205496090483,-0.0847707721286255,5.73548476604478,13.8064054888628,4.54888193266089,6.40499065689859,8.12477753643694,0.245694145818153,0.819756429430481,1.00227721501525
0.132751747920062,-0.0838952938506792,5.73309004657924,13.8162002615302,4.54201492724113,6.42223439322636,8.18704215525885,0.2556757642985,0.826941336838115,1.01367230396259
0.131651888347249,-0.0832569480879102,5.73251037009152,13.8264657168632,4.53958358418699,6.44021717513496,8.24888902440057,0.266305611502359,0.833970922474765,1.02589002179723
0.130933183773098,-0.0828761880845497,5.73348151355734,13.8359079747969,4.54013848440653,6.45349849944245,8.30746099988886,0.276957407077028,0.840209281251085,1.03814004812671
0.130493479368708,-0.0826870340939939,5.73615856572054,13.8433411031678,4.54226481955573,6.45831527762285,8.35993849189929,0.287102286708599,0.845221352609687,1.04968791509438
0.129883358418415,-0.0823964532729813,5.73979281120538,13.847624705263,4.54474842204543,6.45298453036977,8.40381895180434,0.296358915736619,0.848765394429359,1.05992658225637
0.129468236439222,-0.0822375868900762,5.74274574056091,13.8475740093908,4.54662751060596,6.43766227822876,8.43713363373577,0.304500788648513,0.850727564523455,1.0684120302044
0.12955061676299,-0.0824014738398446,5.74594197561672,13.8418961928238,4.54714973200866,6.41365322028715,8.45859612419902,0.311429543446976,0.851040946588314,1.07486436309372
0.130133941502523,-0.0828861021355454,5.7491114027288,13.8292093093969,4.54569560472175,6.38262963998789,8.46768503257143,0.317133337764001,0.849638029077146,1.07914798480766
0.131219562562039,-0.0836891786877707,5.75194476276679,13.808162275875,4.54173713216375,6.3461214775769,8.46466265750272,0.321649971604923,0.846468018902471,1.08124673200576
0.132748907491646,-0.0847709269240271,5.75426501325592,13.7776278993047,4.53486646836635,6.30544731359417,8.45053413960476,0.325045988505745,0.84157296713248,1.08124427554478
0.134563527687271,-0.0860279832098167,5.75614441220026,13.7369173998767,4.52487700267653,6.26197683240034,8.42695171393759,0.327411934298574,0.835178258423455,1.07931219467002
0.136538128820947,-0.0873790862265525,5.75759263878149,13.6859816940805,4.51184183984113,6.2174171854551,8.39607024613339,0.328864684327269,0.827735800488376,1.07570204524286
0.138541462515894,-0.0887391799930058,5.75869777409079,13.6255732116374,4.49613143676498,6.17383239332638,8.36035987375327,0.329544268046851,0.819877138048256,1.07073325628386
0.14043720438915,-0.0900197833310012,5.75940951247488,13.55731111236,4.47834560295832,6.13333903291761,8.32237581441832,0.329597563574463,0.812284774097832,1.06476747246766
0.142038113800719,-0.0910994052082899,5.75971007631991,13.4835852568339,4.45918599849103,6.09767398465134,8.28450075959289,0.329152419572583,0.805539412073508,1.05816727124206
0.141883016950995,-0.0910314319639433,5.76214578259429,13.4072913718355,4.43932640449427,6.06788003181862,8.24871692373719,0.328295298512564,0.800009429464023,1.05125062558252
0.141052409679319,-0.0905169363626894,5.763840673223,13.3314718325023,4.41933187050576,6.04423017350671,8.21647990690228,0.327064133111262,0.795818605228475,1.04425984229809
0.140121752109231,-0.089929976637679,5.76434893609682,13.2589692345731,4.39964541691952,6.02639059371494,8.18871091211688,0.325462723622669,0.792892326509724,1.03735529165458
0.139280247653582,-0.0893946079846045,5.76342705872881,13.1921450967408,4.38061117233948,6.01370431923475,8.16585144276554,0.323481849976401,0.791049522952506,1.03062502360348
0.138649103939827,-0.088990372419302,5.76103112123939,13.1326532986485,4.36246776176881,6.00535204250182,8.1479246456072,0.32111408163113,0.790081535796246,1.02409214985798
0.138291649794958,-0.0887583902818903,5.75729447611007,13.0813035411677,4.34528536484183,6.00024739679915,8.13460040472022,0.318354495591702,0.789778061314516,1.01771640232453
0.138200659221122,-0.0886930427997062,5.75227563696202,13.0381361538926,4.32890954117613,5.99686349814021,8.12528610645937,0.315196922533681,0.789922055588805,1.01140578242891
0.138320155493925,-0.0887562430700907,5.74629880421092,13.0027719387918,4.31299926406923,5.99333443398907,8.11925115019552,0.311637819694673,0.790306093238546,1.00505118328821
0.138564347046578,-0.088890389327347,5.73971247277232,12.9749275070865,4.29717632212738,5.98793231063824,8.11577979416236,0.307688308968098,0.790788825141022,0.99857808251026
0.138842278531953,-0.0890352301349492,5.73287826815852,12.9548892764318,4.28122720201092,5.97970908848045,8.11434196272633,0.303390392217721,0.791364276230227,0.991998987484034
0.139119947089086,-0.0891690006892063,5.72583632042215,12.9437554534463,4.26526907421878,5.96898017076825,8.11475311730024,0.298831419938424,0.792201724267138,0.985449738476168
0.139126806668153,-0.0891185279809045,5.71985152939142,12.943321267118,4.24979863851717,5.95738390847038,8.11726663056824,0.294151440749386,0.793623003893879,0.979194396333577
0.13791560196175,-0.0882743616053951,5.71665881987269,12.9556065323997,4.23559014267017,5.94743140738067,8.12254111674473,0.28953738176733,0.796008923034739,0.973591933106805
0.136649796433611,-0.0873958805600477,5.71501278238974,12.9821611076361,4.22348459655641,5.94171754611889,8.13145687723222,0.285208104494579,0.799661997669932,0.969032109473976
0.135865756561722,-0.0868371651170957,5.71368531771437,13.0233213802873,4.21415767905482,5.9421223310342,8.14479793871748,0.281393788479961,0.804674772916156,0.965855325765124
0.135709296011386,-0.0866988306209359,5.71328500681148,13.0775717965244,4.20794041867105,5.94927208360908,8.16286663243148,0.278315912461133,0.810845757571269,0.96427165732979
0.13636330513993,-0.0871043630554299,5.71355229143913,13.1411949078078,4.20472954327926,5.96236612183813,8.18515166947999,0.276165928210472,0.817665879801379,0.964297754943907
0.137928374078047,-0.0881215384284131,5.7141458268993,13.2084030849395,4.20399528417492,5.97935135014301,8.21019179567184,0.27508753804255,0.824383198583545,0.965733970153444
0.140374992463135,-0.0897305810671107,5.71481728570033,13.2720288364409,4.20487377794065,5.99734596704468,8.23572742405843,0.275166300682802,0.830134744736865,0.968197213090699
0.143543222762735,-0.0918236940623465,5.71540990492695,13.3246709755126,4.20632433250815,6.01317799204325,8.25912772494847,0.27643156370959,0.834113439903001,0.971208734024073
0.147204653147879,-0.0942458185072579,5.71565304911318,13.3600766856059,4.20734059888294,6.02394960398164,8.27798967057898,0.278872666266335,0.835732242162588,0.974319800354219
0.15098040209875,-0.0967428444385883,5.71632779783668,13.374508663249,4.20720449509302,6.0276047330293,8.29077901644556,0.282466184794215,0.834758860478393,0.977247234607783
0.154613507438396,-0.0991403138899401,5.71766551419057,13.3678221300927,4.20573873195787,6.0234540709394,8.29739588973933,0.287204287256393,0.831402756085851,0.979983475855338
0.157893254246418,-0.101296163517498,5.7203433652539,13.3439465107725,4.20347072894788,6.01250331479463,8.29955105955218,0.293111721330126,0.826330436417414,0.982844241565975
0.160702657505917,-0.103132594683244,5.72525422972887,13.3105727929198,4.20163136160538,5.9974079886906,8.3008497138387,0.300241145688026,0.82058702077831,0.986432178324883
0.163069966781748,-0.104669365509456,5.7328565518855,13.2781063978141,4.20198608142428,5.98203558641297,8.30653066383766,0.308645993706099,0.815430321363728,0.991524881989272
0.164881577360363,-0.105836510665802,5.74421395666066,13.2581481889927,4.20655289208,5.97076478211708,8.32287802564825,0.31833622690619,0.812111850417896,0.998916775082774
0.165833517898608,-0.106441416482897,5.76039350865102,13.2618083282668,4.21725618362968,5.96764587678708,8.35637604086316,0.329221410313234,0.811644480668282,1.00924541049207
0.166263993364191,-0.106707003098399,5.78108566759409,13.2980942979961,4.2355491880635,5.97554480900696,8.41269234801974,0.341047064626942,0.814599819209526,1.02282488888669
0.166598558916004,-0.106912274516666,5.80552631761187,13.372488498817,4.26204744789549,5.99547635918878,8.4955521646778,0.353337113756719,0.820985476898055,1.03950184980034
0.167094395813626,-0.107227343779062,5.8330620714372,13.4857374965557,4.296229194841,6.0263313320544,8.60557769541126,0.365361536667928,0.830236996903132,1.0585486872662
0.167629140078605,-0.107577331675447,5.86301855929559,13.6329316888312,4.33626471713467,6.06506061381526,8.73926971915079,0.376151826599103,0.841321595320784,1.07861949673919
0.168505540803749,-0.108163372503951,5.89432399354883,13.8031113233436,4.3790393563964,6.10722238615697,8.88844134174792,0.38458406631887,0.852917825318569,1.09780904519029
0.170029532505326,-0.109188561611129,5.92510889136492,13.9797577742063,4.42042584221497,6.14771577176804,9.0404704620631,0.389544249005316,0.863621677348712,1.11385703448226
0.171393916400238,-0.110133582236083,5.95634985096352,14.1425462291428,4.45583694923609,6.18155218562836,9.17965697529514,0.390169466090649,0.872141942439947,1.12451711127917
0.172892184547081,-0.111189663779637,5.98559634458295,14.2705208324913,4.48103255264401,6.2046381312918,9.28971904600171,0.386116815298737,0.877480453595994,1.12805131051964
0.175365348572276,-0.112899663143535,6.00876645849625,14.3462688883583,4.49303048520914,6.21457547136372,9.35703144927672,0.377764363902059,0.879104186762662,1.12371897443624
0.178583292447154,-0.115109762114425,6.02525255190794,14.3599198540944,4.49081546924166,6.21127996052486,9.37373041867126,0.366223395378949,0.877073161924825,1.11205899990647
0.182124153150076,-0.117539705205936,6.03550060769034,14.3114623274321,4.47552093855723,6.19704819752384,9.33960223183529,0.353100656861572,0.872047354665467,1.09480260138839
0.185461492898056,-0.119840131731213,6.0407692543495,14.2103963192518,4.44998075342378,6.17590729728762,9.26200567211043,0.340082993985664,0.865133885993322,1.07441919534382
0.188061778339737,-0.121656741242447,6.04268852678804,14.0728807148208,4.41785968608539,6.15246462299163,9.15384896278135,0.328525779823733,0.857618731879195,1.05348373179603
0.189641408828,-0.12279790329502,6.04248184983225,13.9175594499351,4.38272788852484,6.13065492505351,9.03040711384082,0.319218561085074,0.850672347476478,1.03412336647987
0.190144030254762,-0.123221137579109,6.04115517769916,13.7615939954602,4.34738302543042,6.11274615073396,8.90611568729072,0.312385921568884,0.845113656517087,1.01772235331789
0.189584737404283,-0.122933203444896,6.03903010645332,13.6180421614014,4.31355554539808,6.09887337800874,8.79229098200905,0.307856574909999,0.841290513237562,1.00491330961783
0.187941394357064,-0.121920130817862,6.0363526880947,13.4949360520489,4.28197359310026,6.08724707230927,8.69617498097435,0.305276670338155,0.839094261526646,0.995758760812697
0.18561552518117,-0.120445564987145,6.03271382896034,13.3957098178899,4.2526836796196,6.07499718828898,8.62111156543681,0.304268969774465,0.838102053883719,0.989978199433712
0.183020979949586,-0.118783255193583,6.02788325212717,13.3202981552251,4.22545130073842,6.05941169741751,8.5673701866975,0.304498285237244,0.837755294237024,0.987133498794522
0.180515772272149,-0.117171821845772,6.02198551863372,13.2663502811639,4.20014820418147,6.03915583673817,8.53312525713192,0.305674882604862,0.837566124459547,0.986724845734778
0.178336346572017,-0.115770872542233,6.01543698923305,13.2302620410344,4.17698722134949,6.0150274998864,8.51534296368028,0.307534099592184,0.837256275903905,0.988242610531723
0.176572166711545,-0.114643395939909,6.00898812811986,13.2079718697813,4.15657082332178,5.98999627731641,8.51050857793205,0.309822408401579,0.836813289115147,0.991202563192143
0.174822812912811,-0.113532708009286,6.00451329254038,13.1955500387741,4.1397750368101,5.96860078510049,8.51519282014053,0.31229470801652,0.836467773817344,0.995181936983968
0.172346695902867,-0.111957975847193,6.00485842595568,13.1896049105368,4.127538106576,5.95601120810442,8.52646999328475,0.314718208657912,0.83662461337014,0.99985359948103
0.169982022567815,-0.110457791383339,6.00847133702329,13.1875777060958,4.12066528144333,5.95704066539922,8.54206721150527,0.316869804687231,0.837774087301535,1.00501250575863
0.168382949066173,-0.109448869863323,6.01765209990635,13.1877853061064,4.11962560788924,5.97536073406382,8.56048284830229,0.31853865236851,0.840412976930844,1.01057960670124
0.168728442625731,-0.109686450436693,6.03840926469781,13.1893894759156,4.12446033604167,6.01292243548993,8.58080957172926,0.319513605294667,0.844967147347688,1.01658805842188
0.16695832696093,-0.108533523602084,6.05395252371794,13.1921993985956,4.1347342874987,6.06967168044221,8.60252984679504,0.319569648846584,0.851736067351823,1.02315193271804
0.162566480172107,-0.105656186975614,6.06273922961954,13.1963700070244,4.1495418002461,6.14354314778331,8.62526125037364,0.318450322372955,0.860869895554047,1.03042484749531
0.152548142074194,-0.0991053728633584,6.07558001607295,13.2019921692159,4.1675371357434,6.23068565036387,8.64849973842242,0.315848060877318,0.872384838596774,1.0385523413154
0.184875882649015,-0.12033492988628,6.26588215461102,13.7343610602143,4.16000243716381,6.22369499126579,8.83196399319135,0.313003982078066,0.878873612668203,1.0743073874943
0.119011297949341,-0.0767831117855073,6.13643514555304,12.8110818413288,4.22554162209197,6.49366331107229,8.56918566028519,0.302746958041472,0.899986293950288,1.03706148783936
0.128427989835603,-0.0831030383656545,6.16267260751522,13.2242113425719,4.21669788384641,6.50810878458391,8.71209976691291,0.294655914375986,0.913021721295895,1.06902579625409
0.121347594681799,-0.0783609970077167,6.188972722298,13.227840447256,4.22631050229394,6.58725170249343,8.72667846939428,0.281548494681187,0.931693987293126,1.08128087446633
0.115757757320552,-0.0745812109959294,6.20534907354069,13.2083988902815,4.2285025515419,6.65187304356034,8.73053087357577,0.264299105395115,0.952664804054249,1.09336650938675
0.111003103907923,-0.071355972057013,6.2124114809111,13.1699478881154,4.22172380922226,6.69813804189716,8.72473128138145,0.242412541016966,0.97593714881868,1.10556199846584
0.112710157110235,-0.0723419847572681,6.20215286452094,13.12587163296,4.29182627275721,6.89436925821448,8.70887469177547,0.220743588301567,0.997051870265026,1.12722069067535
0.0984946636598592,-0.063034083400624,6.20895826573465,13.0098907196857,4.10536084076694,6.59322530801409,8.68127002378495,0.177602222122789,1.03494282882827,1.12207939477254
0.101174291509734,-0.0647287912416823,6.17908913208428,12.9015842034013,4.14259691122891,6.73067625378632,8.64369413099627,0.14423271819815,1.06273104024063,1.14207339052479
0.0990584712183124,-0.0633411610983693,6.15418188214293,12.7632450527091,4.09819735214162,6.71454018339892,8.60069248698914,0.101699791256958,1.09768072145209,1.15539771269173
0.0971600046751717,-0.0621242316930563,6.12603466798957,12.6081562922744,4.04787264645472,6.69291065118279,8.55438353086652,0.054941051553146,1.13587042726376,1.17042340590544
0.0954493934367205,-0.06105249548603,6.09696242597145,12.4467088054508,3.99355035439893,6.66790505786445,8.50947030322638,0.00463801449358534,1.1770358245162,1.18806581451897
0.0943782210298879,-0.0604113016796273,6.06961873211406,12.2892041465112,3.9370873510314,6.64040603200587,8.47005078101242,-0.0485630167575852,1.22082877966341,1.20904901350714
0.0932764159718574,-0.059760235439159,6.04683511014229,12.1446081327392,3.87994838397004,6.60980456858171,8.43908812486529,-0.104169140010507,1.26687123814917,1.23376385233051
0.0921964381758871,-0.0591278045544442,6.0244653802181,12.0191096687252,3.82319347196857,6.57486682440546,8.41790385314765,-0.161873951043544,1.31487476506578,1.26217302267687
0.0910452793697045,-0.0584489489653501,6.0026722967367,11.915698145068,3.76763471134255,6.53468845658473,8.40624236559135,-0.221537188330933,1.36472299266493,1.29383701175632
0.10005688921731,-0.0643425262603872,5.98702285201407,11.8347130621537,3.71406136138302,6.4892762335103,8.40285038444161,-0.283078557450636,1.41647408421982,1.32804058037971
0.108766624140084,-0.0700299170986916,5.97893644362502,11.7749047767747,3.66341285757055,6.43958867888734,8.40627359374712,-0.346457095913164,1.47028347371948,1.36396194264331
0.110236988074194,-0.0710167609697026,5.97181692431528,11.7344262000393,3.61682682932384,6.38721736782338,8.41550458928282,-0.411656717790632,1.52629782646337,1.40081951548307
0.111374257833443,-0.0717697815067299,5.96436461354807,11.71137693236,3.5755604960864,6.33401937345627,8.43024923947873,-0.478699274696892,1.58458459144924,1.4379517026082
0.111545128115655,-0.0718774605351741,5.9580347095416,11.7038803702667,3.54083738896473,6.28189195656312,8.45080291499908,-0.547669436197738,1.64513016330888,1.47482127056327
0.110408133074334,-0.0711197921200814,5.95057980783036,11.7099183180008,3.51368109443128,6.23268343694147,8.47769119141265,-0.618732964471738,1.70789374549634,1.51096605719331
0.107399051921262,-0.069133519881806,5.94134502520226,11.7271647245405,3.4947714162352,6.18810907606558,8.51127514655622,-0.692147551945243,1.77287346894711,1.545929549551
0.10222711861995,-0.0657319913265536,5.93107039031807,11.7529461617851,3.48433351883778,6.14955142927134,8.55148010787346,-0.768276746881043,1.84014006684599,1.57920082817367
0.0950044073395286,-0.0609884154955058,5.92081040649127,11.7843346110209,3.48206941732738,6.11774728663739,8.59771485185165,-0.84758129286667,1.90981800122442,1.61018057264104
0.086328617965114,-0.0552896028935101,5.91189395865591,11.8183144672041,3.4871491357091,6.09249012396536,8.6489508524358,-0.930625307690742,1.98202587666505,1.6381769133543
0.0732230412384027,-0.0467097573911124,5.90272613631408,11.8519575274014,3.49827427174595,6.0725036661076,8.70387951392134,-1.01806643115417,2.05680348780523,1.66242785124003
0.0554633487999429,-0.0351043178911944,5.89410125341279,11.8825539643552,3.51380639337578,6.05556304928071,8.7610653741656,-1.11062940934783,2.13404769275983,1.68214377263267
0.0482816875925242,-0.0303288911708797,5.89690847896995,11.9076853498034,3.53193155945432,6.0388371659704,8.81904138226196,-1.20898875976922,2.21347429540858,1.69656077743186
0.043798013375778,-0.0272863750536845,5.90309491791749,11.9252829659291,3.55082636049436,6.01935271201241,8.87633888342418,-1.31374168139099,2.29462028927921,1.70499428770138
0.0399957757686294,-0.0246722557116689,5.91013225726924,11.9337298851443,3.56880131443886,5.99443338320293,8.93149375188434,-1.42550487474343,2.37687869736947,1.706885210919
0.0368308326351839,-0.0224566297434309,5.91729216710454,11.932019464934,3.58441081027291,5.96196751391602,8.9830860119403,-1.54471583047481,2.45953178696378,1.70183611235943
0.0365778822147074,-0.0221082117030165,5.92619073247289,11.919933987442,3.59652547215089,5.92044358361275,9.02983647138465,-1.67170014551807,2.54175985864442,1.68963518913263
0.0435021446357781,-0.0263823944694158,5.94182735564988,11.8981938068911,3.6043674143208,5.86882880992093,9.07073372430537,-1.80664599402416,2.62264686650482,1.67026053936351
0.0483327935746393,-0.0292817657021353,5.95478240051828,11.8685266131687,3.60751453236235,5.80644101397209,9.10514393498204,-1.94958463578303,2.70122601236908,1.64385679493903
0.0454553030925278,-0.0271768561596872,5.96186185614867,11.8335847031739,3.60587860743852,5.73291702365183,9.13286102030645,-2.10043232308402,2.7765763500427,1.61068541053455
0.0400056729341233,-0.0233965807202462,5.96767897792181,11.7966431797794,3.59965342259494,5.64827616618651,9.15407089572845,-2.25901269577187,2.84793222638048,1.57106338068731
0.0279640999966425,-0.0153512432147279,5.97111103548693,11.7611003724747,3.5892291228034,5.55302570221767,9.1692301116831,-2.42509289083844,2.91475997594581,1.52531136258306
0.00462851749433923,-1.24390264763241e-05,5.97164424150604,11.7299071099087,3.57508280448186,5.4482725765113,9.17887818449821,-2.59841924404712,2.97679046763523,1.47372084816589
-0.00598309606716879,0.00706846510527639,5.98222821955355,11.7050871812503,3.55766298140848,5.33580964602064,9.18341669779474,-2.77873141474244,3.03402036889692,1.41653503654677
-0.016889750908634,0.014295550605358,5.98806058347955,11.6874767620331,3.53727667068714,5.21810856581134,9.18291726798502,-2.96575266483254,3.08668534564812,1.35394166880116
-0.0296643557580882,0.0226786432862787,5.9968029942515,11.676726535864,3.51398378355534,5.098164807616,9.17703740852243,-3.15916199019825,3.13519454256413,1.28608978406543
-0.0437702318622456,0.0318637621372862,6.00825357964016,11.6715233686052,3.48751910868651,4.97922079652871,9.16510487823736,-3.35856521382248,3.18002158959568,1.21314746258825
-0.0571400703406402,0.0405138769990204,6.02509087999703,11.6699490420884,3.45727991336001,4.86444775334181,9.14638970151709,-3.56345646310327,3.22156204406008,1.13541130010119
-0.0690545201854373,0.048167319936414,6.04399235246304,11.669894065229,3.42241849715844,4.75667137105711,9.12051556428879,-3.7732284907247,3.25998609530755,1.05345720089124
-0.0794493713471887,0.0547907737480387,6.06068746524933,11.6694585964484,3.38206012697928,4.65821300687545,9.08788731555282,-3.98712318848607,3.29513499743714,0.968292392382774
-0.089476401982726,0.0611438926894531,6.07613133846407,11.6673016188588,3.33562835740405,4.57086863400194,9.04998639701473,-4.20424060623734,3.32650656512927,0.881455019102009
-0.0995641706622552,0.0675203682636181,6.09141773321138,11.6629213185638,3.2832132765093,4.49597640893332,9.00942769542027,-4.42372704989089,3.35334201895755,0.795020250219226
-0.108570783060488,0.073195634810118,6.10251900029384,11.6568399475578,3.22588061327634,4.43447284631924,8.96976049106887,-4.64442084173717,3.37477690772353,0.711508240665021
-0.117852946337192,0.0790628896412754,6.10691229766218,11.6506496831661,3.16581110551822,4.38683303644306,8.9350963387634,-4.86490789773325,3.38998050485206,0.633738244344196
-0.127771420638798,0.0853740963016204,6.10787568394874,11.6468821973633,3.10620498572617,4.35288340509033,8.90967999856836,-5.08362053237181,3.39822401991749,0.564686237212584
-0.136278855463276,0.0908225495929093,6.10998991108324,11.6486987069174,3.050969843007,4.33162969338551,8.89746086326607,-5.29894736803019,3.3988902408888,0.507349573763703
-0.14344875285998,0.0954638330393066,6.10702574005103,11.6594328577243,3.00426614564847,4.32129142874311,8.90165589237515,-5.50938169880636,3.39148449620693,0.464558771836611
-0.159207763792559,0.10588068859352,6.14471375730085,11.6629660660278,2.93408475478149,4.3448098336567,8.84987110720073,-5.7174016275397,3.37729970789398,0.41780673004277
-0.144585042093072,0.0962728058475951,6.04876815346574,11.7383376547187,2.99516681334261,4.30231183213307,9.04374570391613,-5.90687477271227,3.35043189345044,0.450902396494464
-0.159306065371213,0.106133570303341,6.09243904828562,11.7682652254288,2.94769774658728,4.33074566707216,9.02572776234174,-6.10009089880228,3.31852319994101,0.441441712926482
-0.163852144185872,0.109343173792783,6.10044963352413,11.8322164488012,2.96392205090479,4.34242620133161,9.09947181856116,-6.28191269628941,3.27733328068016,0.471479420543983
-0.168105881401081,0.112403072820462,6.11327057171926,11.9070596753164,2.99505063739094,4.35339623884133,9.18478968752348,-6.45582610520678,3.22773469116186,0.518298754978645
-0.172430937744654,0.115532909545374,6.13277338888867,11.9877251990718,3.03732843947488,4.36251785008447,9.27613592163759,-6.62191354404655,3.16987535495682,0.579023173946277
-0.176930250492062,0.118779474509818,6.15811080884312,12.0679728132644,3.0853825686819,4.36851125411481,9.36789463974512,-6.78031454677911,3.10399522284635,0.650117724443682
-0.181650633214669,0.122153942866088,6.18722329143206,12.1408819518351,3.13291974284555,4.37063588557568,9.45431441877851,-6.93127790440693,3.03064740073014,0.727404308824017
-0.186577735532842,0.125630170906883,6.21729905529616,12.199684122624,3.17345421513809,4.36878481136151,9.5299353068188,-7.07518244534244,2.95079572411113,0.806333447032276
-0.191651402383564,0.129155649289823,6.24531242797737,12.2385764406921,3.20106374046575,4.36340444326977,9.590045831417,-7.21253394326102,2.86577653918083,0.882379723740651
-0.196800244085519,0.132674640832768,6.26855264754609,12.2534343064055,3.21105322086525,4.35525141633145,9.6311516614141,-7.34391518692298,2.7771397604621,0.951498769272661
-0.20197638615853,0.136151223539315,6.28508410688811,12.2424067104538,3.20044966692226,4.345089912479,9.65141823670542,-7.46991400439008,2.6864452055795,1.01053108506711
-0.2071311894406,0.13955374215216,6.29403684432542,12.2063544405861,3.16832568878078,4.33345721134775,9.65103231799145,-7.59106178493794,2.59508828406257,1.0574684116595
-0.21227939022708,0.142896136538948,6.29593322335709,12.1490219784189,3.11599136990597,4.32054988846258,9.63242635324208,-7.70778517641439,2.50417697413678,1.0915870591968
-0.21745917923333,0.14621135310315,6.29268271689554,12.076836974924,3.04707835552465,4.3062070718317,9.60031680114862,-7.82035005232218,2.41445063987102,1.1134993978111
-0.222905288868184,0.14966239184246,6.28776642398189,11.9983346174536,2.96749045763646,4.28998323063257,9.56150507708789,-7.92879929799872,2.32625536242956,1.12512471414998
-0.22851539480523,0.153194819859032,6.28486409118093,11.9233096952532,2.88515489357622,4.2713525396521,9.52438967289332,-8.0328979895758,2.23961764387263,1.12950816520986
-0.234207811393101,0.156767178126025,6.2881287198963,11.8618193024101,2.80950482014862,4.25006753119827,9.4981673850635,-8.1321811122255,2.15443291498537,1.13042232020817
-0.240105064159124,0.160468768586982,6.30198576622198,11.8231093883886,2.75065709893532,4.22660342969252,9.49175467088773,-8.22606742549511,2.07072308612236,1.13177121110749
-0.246184940027019,0.164292849692141,6.33004137186887,11.8144952418354,2.71829686869733,4.20252888988708,9.51251208445331,-8.31400559449323,1.98887267218122,1.13691021124021
-0.252415256999447,0.168223905206693,6.37482835719187,11.8402369728149,2.72033097244722,4.18062220687874,9.56489712874245,-8.39558531904142,1.90975647081305,1.14803772066968
-0.258828619491483,0.172286235811826,6.43751442562017,11.9005042938253,2.76143920814748,4.16461637085974,9.64921892823233,-8.47059526420081,1.83471151799256,1.16580044241383
-0.265559167035534,0.176567760206607,6.51754753921827,11.9905932337194,2.84174390661018,4.15857437461781,9.76073325038377,-8.53897121643076,1.76535464624772,1.18920535453165
-0.272603493447576,0.181064981332836,6.61217194765672,12.1006377546497,2.9559038858321,4.16601434455434,9.88937567538683,-8.60068040395544,1.7032905947416,1.21585991962768
-0.279527220822348,0.185492774990722,6.7161535981983,12.2161272594078,3.09297137522897,4.1889939977751,10.0204347542753,-8.65559693266068,1.6497919452322,1.24247705154483
-0.286045007741675,0.189661265435838,6.8245736712514,12.3194803846721,3.23730305183884,4.22741883545326,10.1363585249682,-8.70342886206075,1.60554606243364,1.26552355136177
-0.316633358618449,0.209040264068996,6.93518781305628,12.1135577125339,2.98228275493478,4.3022731146527,10.0714856794275,-8.75385048920547,1.56244066027251,1.24769317226451
-0.274188572850419,0.182174657471946,7.10097223830961,12.7568199252932,3.90743908257268,4.30159058046814,10.4399303462466,-8.76410517546323,1.55087078690415,1.33682972116887
-0.297200052851528,0.196689144520163,7.09632297115564,12.3968715092885,3.5613516016586,4.40855805511668,10.2415897420061,-8.79855729561431,1.52558391904297,1.29776016816046
-0.306580152961249,0.202642504566392,7.20124429163909,12.3000770782858,3.55507614712113,4.460857319023,10.1667626652483,-8.81608246527463,1.51074957442806,1.28491464143615
-0.312835216531935,0.206552146539734,7.2671661503181,12.1604946098885,3.5136955845082,4.51280768653063,10.0528834649636,-8.82552169364546,1.50139052979093,1.26866688214682
-0.319216164901975,0.210520591421245,7.32196813632257,11.98538866474,3.43644543099792,4.55672319145944,9.91459872436478,-8.82847030076891,1.49488550519873,1.25197770634716
-0.326215586293742,0.214870510316992,7.37202354477259,11.7896236234904,3.33419314760788,4.59216193347802,9.77018466128055,-8.82643810462408,1.48999932264551,1.23872126186193
-0.333881182417348,0.219646202064765,7.42997601450322,11.5913994316385,3.22085464979312,4.62012799051843,9.63697718316261,-8.82099293467042,1.48603268654278,1.23208885802928
-0.338682183241476,0.222576213058794,7.49995179453812,11.4080099851551,3.10827920630606,4.64197054156688,9.52756758812569,-8.8136244391151,1.48268615403613,1.23371669021382
-0.340455103106895,0.223561859946465,7.56616157927437,11.2538349882871,3.00396133339056,4.65843694287889,9.44812608604018,-8.80560921568527,1.47991649739399,1.24345011845971
-0.340028078519694,0.223146118093821,7.61015384422953,11.1390885454122,2.91055251941998,4.66914499601563,9.39854858644054,-8.79791682401559,1.47775772512469,1.25964268800931
-0.336608827443406,0.2208241065397,7.62008869657385,11.0690231311886,2.82693406773654,4.6727183428049,9.37402846774338,-8.79118604313917,1.47617285570166,1.27980587474167
-0.322494495141079,0.211602549565526,7.39617699518127,11.0894469329271,2.70724625778127,4.64378207616584,9.37446928757463,-8.7863404301093,1.47531775018923,1.30160952477962
-0.311367911023502,0.204356662645332,7.23170605952922,11.1335199841617,2.62676655983874,4.61825692281557,9.38148161473325,-8.78282737779772,1.47450050691559,1.32158433160849
-0.287468727727424,0.18890840200849,6.8723153186522,11.2787125640199,2.51264859146703,4.55327266672963,9.39960215578192,-8.78161424343164,1.4739537717511,1.33856837762278
