-0.167267956663403,0.112206888358827,6.99876110748543,12.1310330139859,3.7776937649992,5.17374427607818,9.34987678541773,-8.65632106852039,1.08848820868011,1.01907575718034
-0.160865136947603,0.107988273531642,7.06609586189251,12.2750058594766,3.76233880578871,5.08239360708457,9.43674385300869,-8.64033200771859,1.09130524314951,0.976183476389828
-0.147911303036113,0.0996448717265407,7.06343486034928,12.3224810704284,3.82777883787933,5.0539053089531,9.5297496822135,-8.61459335749269,1.09682723751958,0.931096730302421
-0.136263649889872,0.092136452385553,7.15794851922247,12.6000979414555,3.81973068960648,4.88879301753769,9.69263396968842,-8.58537309343952,1.09630914607272,0.897871410386563
-0.13316011261272,0.0901268200356221,7.20809492933124,12.7916825133169,3.78719949823257,4.76100314493024,9.78798097028336,-8.55401383043767,1.10069390245062,0.843748964336914
-0.131064077571872,0.0887605647139777,7.25306648626964,13.011778204859,3.74604589994283,4.62114121951598,9.88754705632965,-8.51746307344903,1.11036513540917,0.781041324688782
-0.130837406258584,0.088598154207837,7.28439047742742,13.2380347238951,3.6988987771833,4.48474494417074,9.97859818875142,-8.47552851850061,1.12793124488891,0.707149943090713
-0.147515358004691,0.0993869321384129,7.32675214628483,13.4645192483992,3.65159494568706,4.35898549818948,10.060601335686,-8.42707188057955,1.15498572260801,0.623426804036896
-0.175063567315359,0.117213481679606,7.36485950338088,13.684194017948,3.60934047589629,4.2495552772926,10.1336150350222,-8.37039063936478,1.19208743354082,0.532978240251409
-0.185345266293255,0.123844476486331,7.36178200859383,13.8899131747111,3.57624966541856,4.16062841334824,10.1981627507902,-8.30348312493062,1.23888962071456,0.440027193035844
-0.195942441309935,0.130177624249935,7.258102021333,13.5964938846716,3.27072054310229,4.14803684483781,10.0225321425968,-8.24086765948034,1.29706745393417,0.294301878850188
-0.195375106834026,0.130651424002772,7.32419225287184,14.5511763643897,3.81607182264786,4.06273556222175,10.4880632909727,-8.11161445791437,1.35676395869412,0.302774674675845
-0.206886792964677,0.137714842375886,7.2953908901818,14.353952004606,3.55444310565752,4.04606365512408,10.3507387412043,-8.01986038934651,1.42610707586637,0.183926512777961
-0.212359592923559,0.141209541873121,7.28657798386623,14.4476878299221,3.5574035843934,4.051382773931,10.3829730414473,-7.89709872904496,1.49938329925784,0.117755519069937
-0.217517232487201,0.144517053868865,7.28096098981972,14.5136994101952,3.56643638787477,4.07738538254137,10.4108618272596,-7.75933099108087,1.57546455870289,0.0660545632052464
-0.222546775069365,0.147740951683831,7.27912465423321,14.548591007249,3.57405736306473,4.12282379021163,10.4316767042212,-7.60785695165458,1.65340384124924,0.028649154065723
-0.227513166472389,0.15092949686927,7.28192151433938,14.555578571803,3.57672305338239,4.1858114097783,10.4459300452862,-7.4441257334821,1.73267261247212,0.00554576115431715
-0.21712359249877,0.144181070704662,7.26632207339738,14.5392157068021,3.57180536521037,4.26372606313315,10.4547042912089,-7.26962205317022,1.81270456255194,-0.00324011315493933
-0.207013163954877,0.137635020980675,7.23725368061892,14.5047026866635,3.55764124828352,4.35295952941029,10.4595188802641,-7.08567836650323,1.89259679382797,0.0026088665043611
-0.208542601203423,0.138673451313982,7.21839083907055,14.4573599112888,3.53349204648903,4.44918172687723,10.4620588924656,-6.89349142537784,1.97109825174521,0.0236070579205626
-0.219853681533983,0.146121879904865,7.246092931087,14.4022084092585,3.49942327440145,4.54800908214191,10.4638363220968,-6.69426013416976,2.04684833664109,0.0600944372088626
-0.230120374842956,0.152946927045051,7.27786087291555,14.3436227380239,3.45617014725302,4.64569140303014,10.4659407750571,-6.48928332506007,2.11865707904825,0.111880759157988
-0.238707884733069,0.158724915411453,7.31137165508536,14.2850724651939,3.40502621578458,4.73952718346748,10.468966157969,-6.27995307594334,2.18566079814806,0.178076185226767
-0.245307859250643,0.163235615054865,7.34359922840855,14.2290193705158,3.34775100209801,4.82794413260923,10.4731005346588,-6.0676671901491,2.24732084791594,0.257114480390631
-0.249628537648412,0.166266350465775,7.370905269524,14.1769999973708,3.28646248804993,4.91032485221598,10.4782964280325,-5.8537240929616,2.30331805054856,0.346896635625935
-0.250816231659939,0.167242223787749,7.38908293034416,14.1298380164711,3.22348357574346,4.98671082851807,10.4844159174435,-5.63924589636041,2.35341957046468,0.444976496448367
-0.248097231622748,0.165648437809999,7.40004527745612,14.0878786190833,3.16114172418918,5.05750866308835,10.4912771596789,-5.42515018497549,2.39737891530714,0.548737487365129
-0.243264216357096,0.162635308909868,7.40078432412443,14.0511497117475,3.10155382677199,5.12326071577826,10.4985993041272,-5.21217962111525,2.43488752132091,0.655548888485564
-0.236409756471499,0.158258632140458,7.39055430617533,14.0194115932701,3.04644404268139,5.18447944276332,10.5058960051482,-5.00091194874101,2.46556288488635,0.762910474625506
-0.225157503005853,0.150977680076412,7.36758516840509,13.9921268545805,2.99703460720049,5.24152591501042,10.512382352134,-4.79182772591085,2.48895534869047,0.868587678175062
-0.211795775692875,0.142273002308693,7.33365714449118,13.9684417652154,2.95402712206262,5.2945350182617,10.5169536326613,-4.5853863378241,2.50457690425403,0.970723315216783
-0.197083194232835,0.132632655316936,7.28979142967288,13.947258396966,2.91766878740883,5.3434205834867,10.5182664157682,-4.38203557875283,2.51197192001,1.06790459101292
-0.181465755426916,0.122341374770433,7.2370127607475,13.9273923718689,2.88787875189038,5.38798389219931,10.5149125676024,-4.18223496326783,2.51083154729773,1.15917611197242
-0.165515597419023,0.111768114501145,7.176627124009,13.9077566148189,2.86439571668691,5.42809765945675,10.5056537717717,-3.98646262862446,2.50111961848878,1.24400979339424
-0.149873341798084,0.101333558890086,7.11020104468361,13.8875108290485,2.84690846759017,5.46389456769318,10.489666737865,-3.79521459989895,2.48316146563828,1.32225164914385
-0.135141576939334,0.0914449761794972,7.03945435950103,13.8661185518888,2.83514692636335,5.49588564452264,10.4667262910329,-3.60884936376771,2.45765315800866,1.39405951899524
-0.121755065586371,0.0824116311150575,6.9645260920093,13.8432783614473,2.82893019500889,5.52496853112169,10.4372597644787,-3.42798486376088,2.42557781526703,1.45983289736583
-0.110123670572629,0.0745360027875849,6.89420385432975,13.818753655913,2.82817858785164,5.5523353297195,10.4022519719711,-3.25303915732505,2.3880561562108,1.5201269964547
-0.100362658669127,0.0679257939996508,6.83413046555289,13.792181655699,2.83289682911982,5.57932245700908,10.3630379859348,-3.0843164471943,2.34618457199544,1.57554605595631
-0.101851276444737,0.0691461890969597,6.83853785646538,13.7351743336713,2.77624011348911,5.55242184232334,10.2796234755705,-2.92504482128937,2.30635275916027,1.61055161103076
-0.0758479029175077,0.0512270986801519,6.67334908221461,13.758166481245,2.92015744695821,5.68529549416886,10.3209272465299,-2.76161136817218,2.24803217576556,1.68584778871595
-0.0789897256891358,0.0536249753166352,6.68857302591107,13.6941812569738,2.88056023797274,5.66972035784963,10.2352029355776,-2.61476728940272,2.20357978176279,1.71364930107469
-0.0732320577239856,0.049826919671838,6.65068015166116,13.6519454650598,2.9071043271043,5.70626814878089,10.1919962938613,-2.47136803024057,2.15153086013237,1.75320883979466
-0.0675708417956344,0.0460723692629624,6.61695031336835,13.6062631708708,2.93871978504868,5.74565171625871,10.1510080872353,-2.33393914159754,2.09779428223884,1.78865575817579
-0.0616723122371037,0.0421215338292343,6.5860581145627,13.5573812273109,2.97488065969578,5.78760362907765,10.1125900392023,-2.20224580309447,2.0425551665622,1.81947284114443
-0.0552703217469244,0.0377887457027094,6.5565197704846,13.5069513038177,3.0150580320488,5.83125066822261,10.077326050737,-2.07603370306945,1.98600977937639,1.84521118269822
-0.0482039531572203,0.0329708999782758,6.52669072031173,13.4569661725574,3.05872816180924,5.87573920594566,10.0454727524286,-1.9549952791239,1.92849397668293,1.86544505676843
-0.0403709914292265,0.0276148321363607,6.49511154780049,13.4094334760988,3.10548648271079,5.9206602394899,10.0168282168822,-1.83879389296794,1.87056936698514,1.87981663864462
-0.0315048205604476,0.0215685216274771,6.4600138169533,13.3661316896999,3.15516312774209,5.9663969604377,9.99066872020379,-1.72708084106997,1.8130487147863,1.88807296871166
-0.0217245403734429,0.0149325961496373,6.41951801078526,13.3285006220489,3.20788713916282,6.01415409688933,9.96579909446737,-1.61952713210492,1.75690545562014,1.89010178458161
-0.0115425572951969,0.00806249383471238,6.37848984237951,13.2976758964454,3.26405588225554,6.06555488136477,9.9407320580865,-1.51582318610319,1.70307058080178,1.88596336755097
-0.00135110406115593,0.00122996001863624,6.33514795116591,13.2746363132584,3.32420503037358,6.12192571959748,9.91397179571273,-1.41571024567119,1.65219456894659,1.87590978870307
0.00974617324269113,-0.00613344325078986,6.28909519199678,13.2603921212479,3.38881611497356,6.18354631769597,9.88434010354725,-1.31905048589966,1.6044745371206,1.86038651118002
0.0210480646489265,-0.0135697034506575,6.23879495219719,13.2561352903284,3.45811770013587,6.24912692557836,9.8512710416289,-1.22573455292936,1.55960473350739,1.84001912525953
0.0291185937141131,-0.0188567347300042,6.19062472040453,13.2633127390374,3.53193132025086,6.31565938236821,9.81501412246224,-1.13569987501905,1.51685087935416,1.81559219656037
0.0359392744050103,-0.0232872562358435,6.14295778285527,13.2836144053323,3.60959987864844,6.37870768563341,9.77669978673022,-1.04888836077049,1.4752220066688,1.78802282248339
0.0419826860345774,-0.0271815249548779,6.10023852125016,13.3188431239896,3.69001614686631,6.43316116206616,9.73822323928751,-0.96525353300336,1.43371070361924,1.75832266677298
0.0478652480117594,-0.0309572621780968,6.06040693964488,13.3705972784021,3.77173663726891,6.47437280651509,9.70192169192094,-0.884743158010931,1.39156276405241,1.72753917167349
0.0532993501025487,-0.0344469193189007,6.02714543922219,13.4397362704971,3.85313007107736,6.49941025645852,9.67007706724551,-0.807306400895824,1.34851116367223,1.69667370040885
0.080217954508173,-0.0518609149845739,6.02016641574896,13.5257135438875,3.93248982439162,6.50796339476791,9.64434711115311,-0.732918153083489,1.30488907679327,1.66658590734521
0.103623248762812,-0.0670383510066575,6.01103051147408,13.6259553007982,4.00805716880827,6.50247513313688,9.62526558470361,-0.661607341025998,1.26155699972656,1.63790104659701
0.107572066994158,-0.0696708965946014,5.99128610687763,13.7354902423434,4.07796365675626,6.48737937809012,9.61194385693285,-0.593483616299528,1.21965353304275,1.61093973455224
0.111843199948704,-0.0725606269954117,5.9793792431324,13.8470393874304,4.14018312444999,6.46779990738903,9.6020777990589,-0.528737156960032,1.18027633207366,1.5856928397922
0.115310032413056,-0.0749746183458045,5.97416281402174,13.9517266709172,4.19262105797997,6.4483497893495,9.59231258517052,-0.467615758929195,1.14424293854491,1.56186243342071
0.11763979731063,-0.0766850236273874,5.97493016443387,14.040373864711,4.23339093830757,6.43246883044312,9.57891402282571,-0.410368352310561,1.1120065049409,1.53897062795793
0.119465999759983,-0.0780794201288829,5.98554586411643,14.105056415609,4.26117457003975,6.42221211629588,9.55856949965218,-0.357178798407288,1.08366869010548,1.51650538003982
0.128462210589657,-0.0840413409338421,5.98430481736804,14.1124412832526,4.34862865045285,6.5714357657648,9.51816409210384,-0.303840012420708,1.05853771212773,1.49999439367711
0.0738367154172055,-0.0488848477848608,6.03849329775264,14.173495060622,4.20242015606358,6.26180839321867,9.50080890692255,-0.26903678747431,1.03864825371266,1.46494008970749
0.0870041589900287,-0.0574535156693882,6.0490185340472,14.1187773266889,4.26417668554037,6.41842091636621,9.44166017787977,-0.22367781222873,1.01867817804488,1.44783471022761
0.0795923521701669,-0.0526028029233277,6.07661766045775,14.0696549892671,4.24588229378118,6.42502151195133,9.3872375883756,-0.18598619155383,1.00043539093533,1.42492252372723
0.0756161269995236,-0.0498646133892614,6.10277333653372,14.0027522777583,4.21825450098609,6.42295961731675,9.32960287093385,-0.151798712322608,0.982443562863386,1.40180155765014
0.0711425152780086,-0.0467082001075265,6.12728296226177,13.9281081994197,4.18604811311751,6.41290888992608,9.27300501169986,-0.120750551200817,0.963928439246248,1.37897074935636
0.0681511331193991,-0.0444460934059736,6.14553704370516,13.8558133289518,4.15227204763138,6.39296911438544,9.22163262952882,-0.0926323892438185,0.944440965358059,1.35672262798362
0.0678587768773994,-0.0439032778734106,6.15583683006508,13.7955671946714,4.11979376516474,6.36254811991409,9.17922567096388,-0.0672751686079107,0.923852043446967,1.33533128110185
0.069113559767126,-0.044367112123734,6.16267539314217,13.7555669958722,4.09114999044375,6.3224444069788,9.14853124546937,-0.0445358237589889,0.90232409721723,1.31503740156454
0.0722688938355282,-0.0460880706049209,6.16761562756537,13.741405636242,4.06830927659704,6.2746301739711,9.13080332148909,-0.0242879522937552,0.880257587435796,1.29602327227806
0.0761566460583784,-0.0483195058587676,6.16743505209023,13.7552069681698,4.05247409504758,6.22190231166811,9.12546644684101,-0.00642058172731538,0.858216335036216,1.27838165349842
0.0806329867570225,-0.0509687126411136,6.16128570238967,13.7952662088533,4.04397251056551,6.16742807361882,9.13007362539259,0.0091670675631724,0.836819466510726,1.26208886009794
0.0854850520095988,-0.0538960638487441,6.14862685876946,13.8563899908383,4.04227658126731,6.11419835934354,9.14064365522768,0.0225619709845779,0.816594508530601,1.24699868995501
0.0904402615434497,-0.0569263537772301,6.12881770442335,13.930916791466,4.04617490873792,6.06454487995433,9.15235640449064,0.0338649277624086,0.79783293412646,1.23287073266392
0.10778454187324,-0.0673968434145282,6.0615072616332,14.5973364661884,4.06719906485209,5.92517112035991,9.35908008870124,0.0510922997214613,0.778678865537247,1.25161104005831
0.0922762862007794,-0.0586097559629537,6.08680580390702,13.4259334908926,4.05996408129198,6.11270658516527,8.94179123060766,0.0436850678674723,0.761584970787074,1.17213232259261
0.10321136759409,-0.0650921619988749,6.07635006649274,14.1959067821947,4.05307142219282,5.90066095588874,9.16131560723406,0.0559395645256544,0.74542368484236,1.19317084671326
0.10964626254506,-0.0691716620233991,6.03469106411755,14.2008318556556,4.08840870553927,5.93153316204313,9.13220863591099,0.0631542201293881,0.731276567498372,1.18190492902946
0.112629611980953,-0.0711721230551884,6.01817991921997,14.2447252409023,4.10224900880716,5.91612684184698,9.10847096360759,0.0683831095769214,0.717906285087694,1.17121445618552
0.115220733647384,-0.0729869315244219,6.00478931008602,14.2588545056978,4.12213882782738,5.92554374821336,9.07523518891574,0.0740953683597475,0.706143838741174,1.16154413449682
0.117311150933883,-0.0745184631645981,5.99699063446101,14.2584127375689,4.1456223375508,5.94894560216513,9.04169430335576,0.0806779036952483,0.696141558363551,1.15381586191128
0.119659900749151,-0.0762362164857571,5.9968281341067,14.2480843869987,4.17498019713429,5.98906941729489,9.01368653821911,0.0887149293477481,0.688560513147695,1.14884765105931
0.123075436744283,-0.0786431054678086,6.00786199781244,14.2365098103838,4.21119877253768,6.04424640259076,8.99836604115272,0.0985409022424028,0.68398182523589,1.14744901444528
0.126866880376528,-0.0812744527122891,6.02512364535876,14.2344063743223,4.2550424883286,6.11184921673926,9.00303016342408,0.110241408626999,0.68284118764962,1.15036242233389
0.130684718878603,-0.0838898225372711,6.04598500931272,14.2536848320363,4.30668200684717,6.18761562665725,9.03431579680745,0.123547038745034,0.685235773353503,1.15809926543439
0.134370411178128,-0.0863764100303534,6.06932099983579,14.3058233158233,4.3656482161426,6.26591511769225,9.09718647065913,0.137787553673813,0.690810432902732,1.17079102504071
0.137801651494814,-0.0886487790912208,6.09427080334112,14.4002150966736,4.43091901118273,6.34045127571901,9.19410572929474,0.151928407560969,0.698808074089856,1.18811173773863
0.140843251971524,-0.0906163607325956,6.11996315640505,14.5426949235986,4.5011913807689,6.40555441525739,9.3245211183699,0.164713380286178,0.708293907917151,1.20930523211964
0.143339698550744,-0.0921781872798727,6.14562263899102,14.7343468616971,4.57518922475211,6.45748268825956,9.48467567617543,0.174887829173943,0.71842716855263,1.23328982748034
0.145349043497792,-0.093374671105225,6.17209239166456,14.9707581955637,4.65188093313428,6.49517342407513,9.66774135235352,0.181447063785968,0.728637559056436,1.25879582478993
0.147089361070059,-0.0943543346026643,6.20132007905838,15.2420380509736,4.73060217612822,6.52036918030472,9.86432069509546,0.183853634316618,0.738665356150782,1.28451349021641
0.147862315670105,-0.0946789761031795,6.22893692237868,15.5338523691454,4.81114474795666,6.53741615995559,10.063348780733,0.182173135402165,0.748521858867409,1.30924558888923
0.147582740202162,-0.0943134631917412,6.2537367681328,15.829371996829,4.89379688206875,6.55288623160313,10.2532984595097,0.177087684749366,0.758427576413296,1.33204047128324
0.146329195962166,-0.0933340777434873,6.27535286413457,16.1116451268936,4.97922413159465,6.57483624758799,10.4234381719712,0.169759528160308,0.768731761896697,1.35225911468585
0.144238742990842,-0.0918573326108471,6.2946512648726,16.3657775314142,5.06810642409254,6.61148179787644,10.5648451473045,0.161560992862049,0.779792684679012,1.36954333254388
0.142926292161675,-0.0909532802040266,6.32082274375325,16.580452253634,5.16059340237254,6.6693924193916,10.6709756055338,0.153742624037348,0.7918221409797,1.38370002424065
0.141626537505442,-0.0901447389763399,6.34761507074774,16.7485912168616,5.25578722517216,6.75171533128266,10.7377712453779,0.147150011457497,0.804736300798797,1.39456086635571
0.140609183242607,-0.0896135257587826,6.37434607799745,16.8672326480781,5.35148957485725,6.85707187504771,10.7634345737212,0.142079400296898,0.818073210808805,1.40188506767774
0.139459724351901,-0.0890882291312817,6.39907493382482,16.9368649784462,5.44433343322172,6.97955035069818,10.748050682516,0.13829747866338,0.831024527709208,1.40534055918804
0.138283732377213,-0.0886255197545953,6.42112143610793,16.9604602824682,5.53024601683524,7.10981065029811,10.6931750901742,0.135185071033762,0.842592224099544,1.40455280500706
0.137113700233098,-0.0882282485313641,6.43973498133261,16.9423687509343,5.60507148489946,7.23696003087529,10.6014312284019,0.131940548937372,0.85183443846493,1.39918348344845
0.135911779286538,-0.0878480642823488,6.45399757638338,16.887212804212,5.66516269385649,7.35065960684993,10.4761310766225,0.127786217049019,0.858124114533172,1.38900275096979
0.134572599957159,-0.087387433094611,6.46287213200808,16.7989755786767,5.70780131895225,7.44288837224664,10.3209368622004,0.122133958689701,0.861329396311823,1.37393363958755
0.132943263336888,-0.0867135341520374,6.46532974272035,16.6804998329321,5.73139915944366,7.50899222146334,10.1395769216803,0.114679696935383,0.86185766756319,1.35406448618134
0.130870926022319,-0.0856920005110269,6.46052964225449,16.5335216824386,5.73552355983538,7.54794940823056,9.93561623752345,0.105422540218154,0.86056061972128,1.32964100142698
0.12826798616179,-0.0842339566478623,6.44800016224624,16.3592040803142,5.72081315236796,7.56188463695085,9.71230942909664,0.0946227818852372,0.85852145826984,1.30105592493954
0.125171661882508,-0.0823397592330496,6.42775383129168,16.1590098804779,5.68883157388336,7.55484920193106,9.47261795849461,0.0827230819590971,0.856751920379817,1.26885195499237
0.0939103104153512,-0.0614936696312397,6.70885250895983,15.813104311277,5.56035651804904,7.4221774500076,9.21685672453119,0.0668213201046237,0.820549175528669,1.23706843775424
0.168061644706065,-0.110850888493975,6.10822035673199,15.8306828500512,5.65559763619289,7.56115665353439,8.97226330488148,0.0581355815480323,0.886847512024528,1.19944820719931
0.114396320347499,-0.0749136600133792,6.3238439330753,15.4222089042367,5.51090939984029,7.43641673635158,8.6820989420772,0.0434898047779751,0.857579703991892,1.16229868671542
0.112310289887082,-0.0731625986359518,6.28997718319466,15.1765503125964,5.4438100225383,7.37601439096728,8.41516636615957,0.0328467399694429,0.855725690490471,1.12647623424324
0.11197515037277,-0.0725075036192576,6.25257466678178,14.9255812304992,5.37171536851672,7.29594069912268,8.14707216251548,0.0231418100537701,0.852741008827474,1.09093625744627
0.112228737792192,-0.0721993109388781,6.21437234908454,14.6845370479715,5.30268088623394,7.20025853701327,7.8858839657724,0.014884046517863,0.847062728810842,1.05748840616961
0.113279129891184,-0.0723998337437668,6.17688781323305,14.4566009173697,5.2399004211801,7.09136961442938,7.63496549550009,0.00824506058592457,0.838410610862651,1.02648927144353
0.115351234765238,-0.0732806512967434,6.14342627998485,14.2414666148505,5.18533716917254,6.97290557530557,7.3963830302084,0.00326830138734163,0.826961472856986,0.997819052258592
0.117943047585776,-0.0745403928317025,6.1126447217826,14.036767229776,5.13991939506865,6.84892506589416,7.17133756437578,-0.000127355920565175,0.813117616538791,0.971072205005628
0.120548583619169,-0.0758706914513179,6.08393796877062,13.8390561459923,5.10364933829588,6.72280115312138,6.9604699266689,-0.00216001988275154,0.797282365997133,0.945706872804801
0.122691554416864,-0.0769767891151861,6.05701419130564,13.6445568751028,5.07577623794588,6.59630233004185,6.76411224429989,-0.00318530665827792,0.779676665072777,0.921157407998671
0.123964500246895,-0.0776016328303197,6.03183054622811,13.4496649099583,5.0550180697746,6.46911394138121,6.58246479186371,-0.00367145638325553,0.760241483950161,0.896905776338924
0.124087485895932,-0.0775633057751385,6.0085584775394,13.2513983205186,5.03985373385598,6.33908045316893,6.41574915658211,-0.00415172217069829,0.738677893269782,0.872542318265492
0.12294855449843,-0.0767819354071058,5.98741825267267,13.0481348758194,5.02893828597157,6.20335491602681,6.26439996414956,-0.00511360509576994,0.714661401150989,0.847862769154462
0.120621883103308,-0.0752932619935263,5.9684665462747,12.8408003074316,5.02164730729533,6.0602998114262,6.1292921461317,-0.00686429900499137,0.688203742162103,0.823019356296664
0.11738270526494,-0.0732603465218903,5.95147354689013,12.6341293490069,5.01861399464775,5.91154991301958,6.01191263398513,-0.00941904257299593,0.660045708405193,0.798670394678056
0.113669892883721,-0.0709509520541094,5.93583881908662,12.43711448566,5.02198330082397,5.76336343772473,5.9143371132066,-0.0124621079365272,0.631899031691938,0.776009876415108
0.11004962800635,-0.0687150997849697,5.92066997366133,12.261844127996,5.03512932010916,5.62644091575463,5.83889370004317,-0.0154211126045324,0.606363529599791,0.756576302292035
0.107108100285531,-0.0669164683572824,5.90492716954742,12.1207342505972,5.06182194094033,5.51386646332275,5.78752127999772,-0.0176522965253301,0.586451449443962,0.741852840145103
0.105362618930709,-0.0658756681788527,5.88775899616902,12.0231276602253,5.10513942762895,5.4376179113493,5.76104182846095,-0.0186819127459247,0.574824310521153,0.732804952143783
0.105145083893076,-0.0657957271540926,5.86878495889902,11.9726044916013,5.16655985625593,5.40487120559904,5.7586919215744,-0.0183644454484542,0.573005385194813,0.729550155229287
0.106540505025054,-0.0667233521679579,5.8482863671032,11.9659094509699,5.24553594001208,5.41560189799487,5.7781483027796,-0.0169685669885061,0.580872927935846,0.73128313448403
0.109349541199348,-0.0685258258024322,5.82711811131518,11.9936813002346,5.33962562643332,5.46245171225724,5.81602696498249,-0.0151159376544852,0.596624697839347,0.736460426531936
0.113232673641457,-0.0705307189289215,5.90310940682841,12.3282234128811,5.60315980699929,5.91440903769284,5.91006068961681,-0.00223663041116109,0.617092323598553,0.771418125461978
0.109988238070772,-0.0696837998510474,5.62747956641291,11.5417092045627,5.24619873455906,4.86401426812951,5.85208464329609,-0.0374905545420639,0.638809561484861,0.693117233966337
0.118967243725761,-0.0735651429014244,6.00047351379592,12.7233260059495,5.99713305131946,6.45465447354111,6.09196764966869,0.008254410282859,0.659819689620989,0.810718905418589
0.111327159166816,-0.0699094557251873,5.72202023318253,11.9146196537623,5.63315964901823,5.36411541130104,6.0471454150032,-0.031638036582687,0.673984042859695,0.727466109204931
0.11099781513157,-0.0691404915286128,5.83868495364562,12.2294027613917,5.91822713191267,5.8032870757805,6.17981210148125,-0.0254699942029147,0.685534272422857,0.756167927997226
0.105727813090179,-0.0656596067074967,5.87593462705491,12.2648316627829,6.04893291267771,5.83497604480769,6.2833585293082,-0.0324604132210419,0.690790994857921,0.756282636993934
0.0983591315793468,-0.0608585242136206,5.92562620073001,12.3027932421407,6.18851870045291,5.85718375746006,6.3983521232693,-0.0407828924359552,0.691671764452589,0.756539989727654
0.0891028898441435,-0.0548695375706518,5.98828868923298,12.353076021433,6.34101121887957,5.86991260815859,6.52749244164609,-0.0501818442114623,0.688660262784929,0.758061090706753
0.0786631356395239,-0.0481390696345308,6.06086815040634,12.4202854467577,6.50843281955278,5.87531007343605,6.67097059244311,-0.060413719067909,0.682411479642043,0.761443227416492
0.0677957403398192,-0.0411397822310356,6.14586030920871,12.5057162649729,6.69129645581053,5.87529054222855,6.82723544235344,-0.0711983517824887,0.673552145768716,0.76682987685383
0.0572826404656563,-0.0343630855474472,6.23340258220345,12.6075982125796,6.88867833461427,5.87225563363149,6.99288455042561,-0.0823035812085368,0.662802422840936,0.773970450648791
0.047280180596506,-0.027897465171335,6.31797463832888,12.721691426958,7.09843588634324,5.86939500010223,7.16291852229421,-0.0934166556983141,0.651041221812253,0.782320259173705
0.0375293414960964,-0.0215684807790653,6.39543268957545,12.8420273516021,7.31748669973557,5.87031199656164,7.33136945124976,-0.104189296100095,0.639247806842694,0.791159144152177
0.028006798578575,-0.0153604660434187,6.46621362504703,12.9618153356374,7.54219049766351,5.87828410803826,7.49225914664673,-0.114279794475337,0.628360434128804,0.799736104681194
0.0188725587688451,-0.00938330998398607,6.53124798621154,13.0745206221269,7.76887914089411,5.89571933115524,7.64068369450754,-0.123381410129649,0.619142040663334,0.807432184194026
0.0101182243127542,-0.00364281398050737,6.59316925702097,13.1749367011811,7.99445197827523,5.92405281631664,7.77369589512606,-0.131235067365335,0.612105261578453,0.813898553674035
0.00120405404337263,0.00132727914236372,6.49741548547641,12.9055595572848,7.97734625482488,5.47792841008264,7.7990336154552,-0.153088111735414,0.601765262508082,0.783582362978246
-0.000148868235511759,0.00485815745475311,7.06070343968712,14.0324092500098,8.92289615684221,6.99897354470821,8.18057450464493,-0.107540358913013,0.618592796262419,0.8971604641295
-0.0130474453788935,0.00970237624964679,6.45262281693075,12.6841580960002,8.15319871233413,5.08161489104068,7.88981858932982,-0.177400341595284,0.591819460398273,0.755698544533006
-0.0150020076561613,0.0145598883054721,7.23341465524462,14.125093402509,9.36839205279434,7.15028547851506,8.36974978071633,-0.111386238952062,0.62250611162186,0.905817488355617
-0.0226962592689661,0.0157429644431893,6.61252999270297,12.7618976240119,8.55889146968877,5.23324264688682,8.03931610061466,-0.179509100608284,0.595586764851034,0.764254063211297
-0.0300120472863827,0.0241676840997027,7.48744486813469,14.1838691917742,9.81191787381781,7.33557838740253,8.5461949487978,-0.109193836298773,0.63196242145848,0.917749775086471
-0.0246197501725081,0.0166266665859885,6.86050697828996,12.8176420386068,8.96902915078668,5.43814408208855,8.18703060526962,-0.175418207450535,0.605537739820758,0.778408573678331
-0.0441432080364051,0.032999047373377,7.80875758684595,14.2193863316764,10.2589899475837,7.57419185696581,8.72721610554034,-0.101892914785489,0.646501375225635,0.935762130545258
-0.0236579513760858,0.0155627366665758,7.16825467507505,12.8659041150528,9.39147446071726,5.70134928526058,8.34874042446366,-0.166589566718847,0.620846614678811,0.799825918337878
-0.053062184039401,0.0383248837583641,8.18598774645598,14.2346968011999,10.7085995691181,7.87182009045384,8.91962213474411,-0.0917856347102275,0.665055123816018,0.959378700286266
-0.026486538554433,0.0169832795092219,7.50955094044028,12.9114204242623,9.82479577090585,6.00287229383549,8.52951700795942,-0.156193791243468,0.638497480682073,0.826586352978775
-0.0589460760445249,0.0416467869906738,8.57322144639241,14.2306193351644,11.1547863478283,8.20456194021626,9.12469855297229,-0.082396049045207,0.683423420910022,0.985562922510292
-0.0356818735966207,0.022642066128101,7.86436914110249,12.9554414297977,10.262436332868,6.29918155909838,8.72863429113513,-0.148041279284665,0.652327748029445,0.854896190056998
-0.0610579174739443,0.0425740460363357,8.94517644694491,14.2083887253797,11.5905665298219,8.53104242804662,9.34042149816679,-0.0769592661392667,0.695273116276262,1.01051582020239
-0.0372309651200084,0.0235171934361962,8.21748097668974,12.9983483699015,10.6988172722266,6.55383502740471,8.94098631921304,-0.144645456191077,0.656203097474333,0.881186331758798
-0.0643176599213353,0.0443646626898955,9.2888548038124,14.1711647495417,12.0131117997557,8.82279969179788,9.56117988751826,-0.0770223023642662,0.696008332231002,1.03124605535928
-0.0354904884820172,0.0224485805754294,8.55820066490156,13.0426451150708,11.1342610659534,6.75942576313216,9.15796675576744,-0.146491121487579,0.647578159853765,0.903146278717196
-0.0683306191176587,0.046831286791323,9.61683980828853,14.1234247496494,12.4238994645531,9.07393254446784,9.77663820337697,-0.0824084151915267,0.684784199885159,1.04579144607317
-0.0358904299606183,0.0229489658475657,8.87719148881993,13.0860784399037,11.5676300561134,6.9263874513101,9.36482372943574,-0.152642490590206,0.627506373125711,0.91896967186941
-0.0701141335681726,0.0480834621924367,9.96084848755184,14.0606915508566,12.8165569948951,9.28037722282954,9.96810539693146,-0.0919499002916107,0.662835113639548,1.05229647486054
-0.0362111848831688,0.0235421306077629,9.19911316678352,13.1119789128538,11.9829112496517,7.05398926066331,9.53894250667387,-0.161480631259417,0.598190485618711,0.92683465856467
-0.0683534988986259,0.047235741036537,10.3633896861178,13.9676521052297,13.170091887014,9.41930519095451,10.1119021466611,-0.103920229162357,0.631889152216485,1.04973779548731
-0.0297766009633698,0.0198005928708175,9.55853774787185,13.0980950749021,12.3533286344576,7.12580862517033,9.65950653410441,-0.170873089491406,0.563089709925362,0.926956923405814
-0.0631849697586517,0.0442374438756723,10.80257188581,13.8329403202701,13.4621837608281,9.46516086726908,10.1934326959371,-0.116048094310941,0.596337303657866,1.04038335126579
-0.0198548109531076,0.0136824107647072,9.93453834232742,13.0360298630455,12.6617729357363,7.13822308912771,9.72293303236072,-0.178306005444517,0.529184583573126,0.923601858273435
-0.0524240328879002,0.0375004323360317,11.2578777600466,13.6617450289492,13.6863231522319,9.41777415281897,10.2182550023754,-0.125916435770955,0.563968190860556,1.03009861178143
-0.00836209096663533,0.00631037918702173,10.3099096986772,12.9355248540652,12.9091854161611,7.1082655314553,9.74419944095766,-0.181586351422541,0.50398466632667,0.923208018657913
-0.0383272244213195,0.0283543724277492,11.7011910843964,13.4678161791092,13.84793513152,9.29385996938978,10.2034847689037,-0.131433424027867,0.540195152935257,1.02477631426708
0.0021935020343133,-0.000712557381764817,10.6641697798635,12.8098116528143,13.1013167061624,7.04653106045325,9.73997602667052,-0.179423453499692,0.488804721208741,0.929962611025645
-0.0246033056851285,0.0191683225197258,12.1013205550834,13.2597373286357,13.9512161063663,9.10495486817315,10.1623452919563,-0.131514257767311,0.523514828351262,1.02676239826769
0.00882699909857015,-0.00536933710659016,10.9718383877384,12.6693165458508,13.2432198726963,6.95055606238973,9.71991414683605,-0.17179069097116,0.478388905966241,0.94402728673793
0.00155858632409378,0.00109219684176892,12.1351246688238,12.9224008087209,13.8114636594475,8.3278453430433,9.99772778959547,-0.1362510080474,0.499165911928479,1.01361962948812
0.0119332285868135,-0.00647528904281947,11.9566865458829,12.7502804360236,13.7028891636904,7.83046800367234,9.89437410569109,-0.137746292979064,0.484539852362421,1.00533963863525
0.00874160859907841,-0.0046583490834467,12.0023864812516,12.6528307268233,13.7099522388603,7.68648471668133,9.86121738915065,-0.133085618305611,0.474987421235016,1.01126432380253
0.00442673838395058,-0.00205818271883851,12.035449324753,12.5765560639346,13.7360354812398,7.59052407378256,9.84112155762716,-0.127139867735026,0.465273042846491,1.01911192147736
-0.000128782004110484,0.000743701212473885,12.05132685053,12.5136468466127,13.7695966254718,7.51193159123888,9.82757435757324,-0.121000627757126,0.455034963507388,1.02709480719184
-0.004320681367116,0.00336299050164113,12.057547010207,12.4645367353192,13.8111192812459,7.44992053919319,9.82061520612709,-0.114970006137285,0.444630210317424,1.03482144815275
-0.00762984690636714,0.00546830844072355,12.0629575010837,12.4294597327997,13.8608248808674,7.40449522195195,9.81991069274397,-0.109256683657614,0.434440284248369,1.04202928872933
-0.00956209283283554,0.00674271231951834,12.0763623789064,12.4074034480371,13.9171856798299,7.37323496998737,9.82393001297823,-0.104016037931001,0.424701905043706,1.04841834664292
-0.00968267124711958,0.00690645955352104,12.1054704814978,12.3963384316391,13.9772224975666,7.35190489872962,9.83023070767858,-0.0993862783562572,0.41548646987138,1.05365861295211
-0.00764730394611624,0.00573626482375783,12.1559720000176,12.3937348019865,14.037265864962,7.335923253018,9.83612334192655,-0.0955051640813349,0.406777803595913,1.05745662824529
-0.0710107227617349,0.0463905698627037,10.7293590894757,12.3476456225004,14.0443092611975,7.99405741275704,9.76671530637218,-0.110822669177204,0.454241048116578,1.03446811734019
0.0754786680312658,-0.0468842226614084,13.7972009185421,12.485712124126,14.1538324179573,6.30501942339327,9.86807135256726,-0.0831011923071511,0.326425988155557,1.06726865976906
-0.0030011407087005,0.00353560982442411,12.6346367533741,12.4338302092778,14.2662082706309,7.69010860186389,9.89399136228194,-0.0783682418817609,0.396161917770378,1.06800016961147
0.0265724283263991,-0.0153615846825111,12.5936547371275,12.4082895023483,14.1680075035975,7.13908474393185,9.79313172913702,-0.0956843528231506,0.374656759661449,1.04529406727774
0.022640409486776,-0.0125816787076163,12.6471541749129,12.4313018462946,14.2397554950623,7.32459509720447,9.81421413322626,-0.089980240994382,0.377288120295803,1.05009249218864
0.0310567004827549,-0.0177444742226842,12.7313832527945,12.4254673501469,14.2277767244397,7.24483277047272,9.78323772228406,-0.0946236206331691,0.372652054246088,1.04351477554618
0.0346571147725256,-0.0198333408000491,12.806482024764,12.4201532317707,14.2299466422666,7.27114991355304,9.76665116736479,-0.0961986584476998,0.372802400475401,1.04034613311475
0.0399916576876883,-0.0230814235333646,12.8700974001307,12.4033670458447,14.2099889816303,7.26641992001863,9.73962088406939,-0.0993672261379035,0.373411698980821,1.03513239515549
0.0442129706953141,-0.0256634712375471,12.917072033953,12.3772221240523,14.1810752464759,7.28179907250122,9.71095339269324,-0.102069056045686,0.375762198082914,1.02994426787296
0.0476242129664336,-0.0277762663435665,12.9460440625267,12.3403269704866,14.139225753866,7.29780002789996,9.67750739810965,-0.104743363848102,0.378914519067888,1.02418880125974
0.0498209058126864,-0.0291566609298111,12.9581148269047,12.2939322659024,14.0875264061188,7.31998301946945,9.64092485817726,-0.106997142720376,0.382694927968666,1.0183325982157
0.0509728100964979,-0.0299070183875993,12.9565686526841,12.2397646278241,14.0272753925991,7.34352713552755,9.60151855918812,-0.10880710013049,0.386654413410671,1.01254929413634
0.0512058408435425,-0.030098756378867,12.9454495834493,12.1803838405295,13.9610070446159,7.36676995721616,9.56038264662642,-0.110074269902241,0.390510578307643,1.00716367164741
0.0507527003026125,-0.029870449419661,12.9294171678076,12.118506497041,13.8911329130044,7.38711716533808,9.51851134587525,-0.110791191732961,0.394058556443092,1.00241846938898
0.049818786284332,-0.0293426460323042,12.9127464269962,12.0566835763763,13.820175943199,7.4036685750827,9.47706375154728,-0.111008678068407,0.397279271191921,0.998480703089412
0.0485763999136863,-0.0286151751980644,12.8985232904432,11.9969909237759,13.7504389147115,7.41706451845625,9.43721627022848,-0.110889192122291,0.40032669068297,0.995366387096014
0.0471263665648417,-0.0277433619952583,12.8881615802791,11.9409329478404,13.6839324383906,7.42976611917955,9.40014154512519,-0.110727319615572,0.403484852154226,0.992910829674573
0.0454914982666329,-0.0267346869602934,12.8814750267288,11.8895761080763,13.6223948927425,7.44566548516008,9.36700375254448,-0.110969300362653,0.407084258475778,0.990758799848714
0.0436204513275765,-0.0255520454205882,12.8772454608798,11.8439786614644,13.567613548047,7.46969837742936,9.33914838450951,-0.112214693656079,0.411430593331,0.988409897650288
0.0414079198379649,-0.0241272966116017,12.8740290186907,11.805807420006,13.5219365920464,7.50739419716556,9.31843631099908,-0.115196574779306,0.416763470677041,0.985315795134304
0.038722444993153,-0.0223793014680807,12.8707775070462,11.7778622852796,13.488735945248,7.56445546745488,9.30756963165767,-0.12072719214101,0.423255133412509,0.981009784816598
0.0354272452027847,-0.0202268869085581,12.8669869212889,11.7641997299366,13.4725539554642,7.64642128151948,9.31023114286413,-0.12960312103991,0.431055020594555,0.975235457896125
0.0313902004480777,-0.0175942740476278,12.8623119608041,11.769699706827,13.4788065459881,7.75845951328762,9.33093026868115,-0.142473008594087,0.440371938852047,0.968046904579803
0.0264236153492491,-0.0143705772675539,12.8565437530431,11.7991158884872,13.5130151410602,7.90502139687368,9.37446219519401,-0.159679991224356,0.451535901183774,0.959857140935352
0.0203881732442751,-0.0104756199266876,12.8485432892607,11.8558003787133,13.5796051591377,8.088854431499,9.44490148782373,-0.181094874002038,0.464945403047431,0.951416122201143
0.0131933435047404,-0.00585848575040604,12.8368729805029,11.9404029600483,13.6804501648919,8.3091495032057,9.54420621968721,-0.205963972813114,0.480850166647778,0.943716743814826
0.00499954328648755,-0.000627121735707337,12.8194294713237,12.0499080741994,13.8135485422992,8.55932650052612,9.67078277785102,-0.232807782997085,0.499032715616713,0.93785466613361
-0.0039780976001782,0.00508002744551483,12.7964806646204,12.1773608731018,13.972337512827,8.82552700026818,9.81855915436764,-0.259415955082314,0.518543301901364,0.934885555794442
-0.0128942700467058,0.0107212836646496,12.7687071607863,12.3125354689345,14.1460642044846,9.08681462272017,9.97707810471301,-0.282984866117324,0.537638791578619,0.935717344109055
-0.0201596497724152,0.0152781089002387,12.7413225072687,12.4436107534364,14.3213636983173,9.31747500441811,10.1328523119393,-0.300427303108428,0.553986126729396,0.941050518592207
-0.0259320990982698,0.0188648983838097,12.7177794551362,12.5596216522525,14.4848144323329,9.49106795191198,10.2718165883761,-0.308842179635264,0.56507934868897,0.951353048745097
-0.0289652807640983,0.0206885819247913,12.7071684846347,12.6530483442407,14.6258062591945,9.58529460356287,10.3822576696593,-0.306067682907483,0.568743831977536,0.966840656228227
-0.0285998013950179,0.0203344035372876,12.7203234468143,12.7215604257538,14.7386923204963,9.58635702572641,10.4572345098411,-0.291174927140082,0.563578169510432,0.9874298676141
-0.0244991849368765,0.0175928875258692,12.7676724192608,12.7680339463955,14.8232322741828,9.49142666605882,10.4955045197506,-0.26474763925219,0.549204591228294,1.01264399458666
-0.0166960026938473,0.0124886186174366,12.8568745563456,12.7987162376872,14.8830340282848,9.3083957724004,10.5005692050595,-0.228861333851069,0.526263973319691,1.04148717613633
-0.00535440502756374,0.00512686567253037,12.9910751773165,12.8203947404113,14.9227577862072,9.05324701952786,10.4783962954094,-0.186790640455903,0.496193762352489,1.07234814359168
0.00915187631766032,-0.00425472768290236,13.1669688391118,12.837883689493,14.9455014499286,8.74643070782509,10.4350098458356,-0.142539981974172,0.460913475043142,1.10302185917501
0.0249258140237152,-0.0144347883369638,13.3707009455636,12.8528153825045,14.9515855048122,8.40975447135251,10.3750339574228,-0.10029143546199,0.42254885523774,1.13091724131984
0.0398880774060343,-0.0240738851172232,13.5834449700453,12.8639635478833,14.9391149274977,8.06447391679782,10.3015887738951,-0.0638363290919082,0.383255757876251,1.15345196484207
0.0539076973613914,-0.033091414755957,13.7913459689792,12.8685985911374,14.9057616231429,7.73035162170805,10.2171656114644,-0.0360573120861174,0.345128513787161,1.16854526958038
0.0675816090420938,-0.0418763892874221,13.9829205196791,12.8640091612355,14.8506773144898,7.42508256234031,10.1246875308124,-0.0185551098293983,0.310142219525159,1.17505074429204
0.0790919453564383,-0.0492552815106814,14.1411058844512,12.8485044373043,14.7755869574645,7.16362361762424,10.0280689245655,-0.0115195361259275,0.280074852566384,1.1729729307819
0.0880166172072002,-0.0549570881490678,14.2552003735233,12.8217537333502,14.6847681368713,6.95729658957235,9.93205862413067,-0.0138865761618119,0.256374269711275,1.1633986100622
0.094067173253625,-0.0587966826775393,14.3210322884967,12.7847147290416,14.5842331751566,6.81284903828947,9.84161535965788,-0.0237183641050531,0.239977649595285,1.14819247923899
0.0972196415731672,-0.0607596598690785,14.3390949350588,12.7393836775537,14.4806038913015,6.73182856549725,9.76096662062874,-0.0386826718175066,0.231175317712199,1.12958267431172
0.0976889332254862,-0.0609852059300217,14.3143595977959,12.6884946392795,14.3800568491676,6.71051476474458,9.69319849277891,-0.05645149334438,0.229519258261629,1.10976865975678
0.0958954307756704,-0.0597439198432785,14.2553066817244,12.6351794958633,14.28757328089,6.74056758140019,9.63974343835389,-0.0750108263276554,0.233916707711173,1.09062815663233
0.0924151418705781,-0.0574055630238692,14.1726572049793,12.5827066301189,14.2066427630655,6.81027426956764,9.60046512064805,-0.0928303524038272,0.242813419591758,1.07355204314742
0.0878776449797984,-0.0543732355777048,14.0780313790002,12.5342082815975,14.1392623654838,6.9063006121696,9.57408608656462,-0.108870104087254,0.254483701765158,1.05942680994216
0.0828603359152124,-0.0510163739018455,13.9827191610732,12.4924820986961,14.0862192053253,7.01545597730543,9.55869096927126,-0.122552417992183,0.267288219199587,1.04867135974899
0.077793872946922,-0.0476112765825557,13.8966330160067,12.4597317017099,14.0473306850664,7.12616581475141,9.55215048166634,-0.133664584349105,0.279877122585522,1.0413225494731
0.0729213449563444,-0.0443164225207215,13.8274074011849,12.4372951413065,14.021583786478,7.22939936803373,9.55234209110708,-0.142250941765357,0.291288407283767,1.03712343564602
0.0682729678046023,-0.0411572100109338,13.7799733987044,12.4254313620419,14.0071955434369,7.31906811985459,9.55720852280968,-0.148512238497263,0.300956585341527,1.03560790418535
0.0635742440598001,-0.0379664884496712,13.7571707292253,12.4232601508467,14.0017027404116,7.39204907595193,9.56478280063379,-0.152722957202716,0.308665369654622,1.03618759864919
0.0585335807720843,-0.0345700162877777,13.757768154158,12.4289054998154,14.0021660882362,7.44798936327356,9.5732840802867,-0.155169517114478,0.314475418330726,1.03824548404079
0.0527204816123276,-0.0307051919110267,13.7780259695447,12.4398051910662,14.0054797438841,7.48896595044076,9.58128523075671,-0.156109910723937,0.318643415239188,1.04122647873408
0.0457038079454106,-0.0261077729255241,13.8114680086577,12.4530799497337,14.0086957772088,7.5190139270932,9.58786383581393,-0.155753016830412,0.321539957006536,1.04470490677499
0.0371731201349422,-0.0205876413352721,13.8489793000431,12.4658519834292,14.0092648403786,7.54353101367923,9.59263800012994,-0.154253704741131,0.323574575747079,1.04841204895855
0.0270125288157341,-0.0140745441170461,13.8794337609317,12.4754649917055,14.0051553684981,7.56858530722829,9.59565254580165,-0.151718290185622,0.325138559756999,1.05222158173628
0.0164992938732036,-0.00736636006112798,13.6945704823275,12.9183329010987,14.3436529043246,7.65359765188088,9.70250194257556,-0.155762855310704,0.331368921805623,1.06133227096771
0.00775186110791354,-0.0019421998580503,14.1747014824331,11.6973594673848,13.3494782491126,7.48874950646979,9.39929835110153,-0.129350046119866,0.309786284931951,1.05010804200932
-0.0256322619390949,0.0196227982344779,13.4899659012596,13.2390032969956,14.5691267451953,7.93455469013942,9.78951915680363,-0.154513317268161,0.352845413056424,1.07103287956029
-0.0101247174126386,0.00896768513922314,14.0727387338156,11.6105246167521,13.2548094819081,7.52162772093728,9.3890301818142,-0.112481717120471,0.300462053040535,1.06284321552279
-0.0646137294517303,0.0444242415133817,13.0980120625953,13.3144201881776,14.5836142966825,8.15415833020284,9.80066983366712,-0.147962073641844,0.36642308947017,1.07613076317781
-0.0391917005523478,0.0274403037803968,13.53512351286,11.9825880786968,13.5253327610385,7.85211984676994,9.49560174655435,-0.105528443535015,0.318003972128283,1.07709542433358
-0.0548505500990092,0.0375428229697121,13.1334236189141,12.3398538684872,13.7786443022423,8.04398407737545,9.57330133648187,-0.10935501729932,0.337182112386309,1.08054081104001
-0.0606201464012398,0.0411990566132703,12.8303040736948,12.3388267484043,13.7656987533275,8.16957967469975,9.58272006664835,-0.100611967998963,0.342038930336936,1.08769743610207
-0.0632873170351632,0.0429294595388075,12.5179519251108,12.3163193584685,13.7320300583625,8.26665650206488,9.58342669204296,-0.0917128131998686,0.347406372250932,1.0944399092215
-0.0634617779173338,0.0431333548048985,12.1909019499927,12.2933156154699,13.6951690394084,8.34115766787655,9.58196385381527,-0.0826240024988776,0.353477459591756,1.1015153694671
-0.0616854307366131,0.0421563541815176,11.8558160956135,12.2706399259367,13.655162986455,8.38842098014785,9.57803202486393,-0.0733887665352677,0.360209100455959,1.10884616990746
-0.0588169837511675,0.040541725872265,11.5237721177514,12.2478480381474,13.611279633156,8.40507763671001,9.57122692365301,-0.0640517036150841,0.367514145217716,1.11619664058469
-0.0560575878272988,0.0390469559699153,11.2050448488011,12.225717958069,13.5645115516882,8.39136740481907,9.56222254188195,-0.0546369785897509,0.375221575780445,1.12333404504928
-0.0527908804806956,0.0372490352740202,10.9127699465861,12.2068990533539,13.5181736833499,8.3511632067258,9.55307194949668,-0.0451421020924427,0.383048989635629,1.13011277216189
-0.0389627989776777,0.0294365788063314,10.5867325595799,11.9024208188785,13.3034823992187,8.4149727312275,9.55641507695817,-0.0127890095697119,0.377937045098826,1.15178530010401
-0.0616076530149379,0.0419695558440545,10.6230266186752,12.7584348541576,13.7827032874249,7.97949141974926,9.52680925498498,-0.0734973661960234,0.428158941221443,1.11270255590172
-0.0120472653549609,0.013098570852677,10.3037240188694,11.8916698108501,13.2946672837839,8.38665635817518,9.65608186092181,0.0287323612329331,0.372596373289671,1.18867300500188
-0.0431881785094856,0.0315130762630186,10.3461844120368,12.4545533489707,13.5562297076089,7.93579993113958,9.56274078367811,-0.0293759501562718,0.423172579931862,1.14078453497246
-0.0675714865003543,0.0472381198201223,9.75564648566908,12.124514783258,13.2824496704874,7.91644080469668,9.44959890978944,-0.0201333200778593,0.437430816468538,1.12480545961311
0.0351580067478195,-0.0178321840175878,11.0182621390407,12.8048830805891,13.971227605665,8.09875067695396,10.0098346667769,0.0595381350936184,0.361247886207904,1.23934656909655
-0.0885807621110078,0.061269200542745,9.38663197621472,11.8583046033786,13.0315847297795,7.8953359122715,9.38554783507082,-0.0186823875605668,0.473278654831578,1.10040590908699
0.00544227199647501,0.000476028073762499,10.9576006964673,12.8948128957321,13.9971213110235,7.96791796585559,10.0241952975583,0.0559987574791929,0.391410256178677,1.21777517058709
-0.0205621505044104,0.0170254348143205,10.7474351867087,12.7639133074293,13.8650774149481,7.94994586846115,9.95759956135254,0.0440605421070543,0.421644347342406,1.18756980084667
-0.0212725781474844,0.0171493489590832,10.9117036718001,12.841184652446,13.9399331560639,7.97777266276604,10.0423354216184,0.0511935054432784,0.430481236946248,1.18784963966614
-0.0213479463980884,0.0168461023142544,11.1025983135797,12.9255718591192,14.0218377755503,8.01464718404215,10.1311675704303,0.0579102207270115,0.440510191781337,1.18652769907419
-0.0223713085196735,0.0171429853043488,11.2734650011213,12.9923218868889,14.0874448866378,8.05560305996689,10.2112424569729,0.0639056367016146,0.453342817709593,1.18147536996062
-0.0245020286418767,0.0181660650241622,11.4125808997367,13.0360184631062,14.1310511132919,8.0980500564098,10.2780493567475,0.0693772845258636,0.46919580935573,1.17206435313191
-0.0273595684803482,0.0196913875335501,11.520816721445,13.0579294269421,14.1532359989529,8.14225759852397,10.330153367249,0.0746123840335908,0.488033157457753,1.15817022223219
-0.0307907683446244,0.0216368947675463,11.6048502762509,13.0650285196891,14.1597931223297,8.19123509613988,10.3687021344149,0.0799502352393677,0.509695287854936,1.14014241645281
-0.0345388188770054,0.0238469271111489,11.6752501904614,13.0698946075915,14.1611878781261,8.24892443589416,10.3969659742155,0.0857601891804514,0.533833667749589,1.11882767999373
-0.0431234128066024,0.0292769602898702,11.3676586475524,12.3917079634948,13.5321400859742,7.82316336261538,10.1352788083711,0.0725335672957779,0.580266469810145,1.04737719707207
-0.0365277342173298,0.0248236029551474,12.4786993911216,14.3780179906748,15.3403567561028,9.3048415468488,10.9419215324352,0.13859751372057,0.554319249302575,1.15639897211443
-0.0503165986485898,0.0337806598195637,11.2672948107377,11.9935236642918,13.1174651206637,7.5329901779451,9.95173884765583,0.073309882653344,0.648443424139564,0.959702166243643
-0.0448788158333954,0.0302352203897895,12.198494120861,13.9056956402933,14.8658241132763,9.04637761223055,10.7112180932068,0.145555849841325,0.628169971884976,1.07250805311624
-0.0407740816214276,0.0276323411626457,11.9637056582213,13.4873245889268,14.4204943951114,8.55027084661227,10.4916183398228,0.140781689133739,0.66351364746988,1.01313409603646
-0.0442489828517257,0.02993293157888,11.9698865616589,13.5258708275973,14.4313984541371,8.62485850456474,10.4667425424089,0.157057077341755,0.686631403308769,0.998218133772006
-0.0449115564606774,0.0304279769108526,11.970491387491,13.5731243013329,14.4347547586852,8.63289577748051,10.4340014298263,0.173180705668732,0.705099201540566,0.986319923196965
-0.0460958155204066,0.0312616476130847,11.9562363823688,13.5909602067367,14.4082412826766,8.62664288359177,10.3859717604945,0.189575956193564,0.722805468581395,0.977039510433473
-0.0476109500521895,0.0323036120737992,11.9233544104176,13.5792917941562,14.3501449098095,8.60447455647892,10.3229155485317,0.205684244704167,0.740706168815963,0.969728931948556
-0.0492070311627327,0.0333877242808338,11.867602193986,13.5436745186861,14.2645533571104,8.56920960820126,10.2469577421039,0.221318689843331,0.759313155698551,0.964098370804957
-0.0505428166053127,0.0342906469517607,11.7857768647493,13.4894939539024,14.1557745624487,8.52173126440175,10.1596962500284,0.236362303356922,0.778424049677974,0.959827940934997
-0.0513124883897906,0.0348127936024115,11.6769287660871,13.4205378229771,14.0272612259431,8.46129918067247,10.0620990183987,0.250751875349846,0.797187799271601,0.956571219233537
-0.0513502669118214,0.0348450455190236,11.5424856279997,13.3385431334474,13.8811687504809,8.3860780948248,9.95471451545247,0.264337691556444,0.814404243037409,0.953940717219483
-0.0560781293206126,0.0381531326927333,11.4682992192035,13.651658192668,14.1982849625583,9.0685423089946,10.0367487284541,0.314328778180515,0.837377843228562,1.01595179009168
-0.0375423982065586,0.0253507778293128,11.0568134134701,12.3076879479741,12.5678834427544,6.5754617505008,9.33337657701538,0.204173278628441,0.817971187167736,0.810973319666268
-0.0615130028483827,0.0418404397568709,11.1611753821775,13.8042492933976,14.2930840371805,9.71431900189283,9.93753577812116,0.377339949916075,0.870583564924155,1.08002526818592
-0.0435732863542688,0.0294041702626077,10.748060497024,12.5228653177579,12.736208270376,7.25932033439931,9.29909193204934,0.26659087443595,0.841386843306425,0.880665167050757
-0.0456173957630825,0.0308604231374487,10.6387895224628,12.6862911694976,12.8656685415962,7.65018716372422,9.29450635688785,0.29613898161317,0.849974758411565,0.920290214555208
-0.0478975926396671,0.0322554927321687,10.4311604063962,12.56051805413,12.6833353489546,7.60924339631459,9.16712178463118,0.302957339648395,0.853936346540599,0.921285207658454
-0.0500146913154351,0.0335351998669,10.2292783807126,12.4011201994223,12.4580689490316,7.49081067478898,9.02943563265252,0.303281597338253,0.856643376126703,0.915425317029688
-0.0526585099645343,0.0351683881453664,10.0349964435223,12.2418275804052,12.2296462492946,7.36723621006712,8.89602909029988,0.3003888596363,0.859575810730426,0.908278456452444
-0.0557444946767583,0.037108678915206,9.8504402967856,12.0931474065778,12.0087017953929,7.25407345087698,8.77103972639816,0.295204788061645,0.863122324593149,0.901328075447366
-0.0588980964704777,0.039116566924765,9.67758194062559,11.9614565448624,11.8000619678484,7.15343383899667,8.65660354004949,0.288259257323701,0.867162804031856,0.895257058066264
-0.0580871055432556,0.0382613489077298,9.41756061787063,11.4334547382021,11.1201674896714,6.13341810773472,8.42219576264579,0.232127246938969,0.851903987945642,0.813227959601873
-0.0597334766755649,0.0402653532182314,9.61154926159731,12.5692186670392,12.3342504510038,8.68750333336277,8.69341035623698,0.36617069401893,0.913538850758815,1.03774350566579
-0.0609127009618097,0.0398081188525607,8.96417456754773,10.8979248839597,10.3875482015543,5.35470943460199,8.14955811356995,0.181141919943996,0.849186780641291,0.750832390981451
-0.0539427046099638,0.0362396469370862,9.26105377270724,12.0550019734412,11.5355545342888,7.62209900125126,8.41042947678327,0.300604690400991,0.903785013024463,0.959225690030956
-0.0522005587558984,0.0348053672934557,9.02157271951672,11.602991261685,10.9172467156404,6.67566707502958,8.23598665407605,0.245945246812766,0.891172928926008,0.884336588621986
-0.0500721236965093,0.0334233837004779,8.90285812659237,11.5996863423767,10.7833422699534,6.63903937626393,8.1793998572906,0.239362609613664,0.897918896109706,0.887029537014574
-0.0480242697170817,0.0320755289633454,8.79595086529732,11.5950288003035,10.629348394572,6.54330071303354,8.12512796026446,0.230734646718701,0.903560797322489,0.885773993465583
-0.0466823689508104,0.0311714359677698,8.6901524169987,11.6004968343158,10.4753981668437,6.45032303855982,8.07327724476433,0.223053546640169,0.909142546354746,0.884436836999781
-0.0461505344785939,0.030782576915165,8.58415341213019,11.6121719114155,10.3190147179503,6.35916664263231,8.02156932966399,0.216204567238737,0.913930424360631,0.882616910443711
-0.0460237562116262,0.0306522593805437,8.47916729330231,11.6271495627221,10.1596930460701,6.27170835602111,7.96813674460869,0.210153190002756,0.917033768101281,0.880226367591119
-0.0459530565870822,0.03055764623524,8.37177720400809,11.6430874834352,9.99774338247204,6.1882675433493,7.911879943603,0.204789843832261,0.917394618660723,0.87726112989081
-0.0464827851608902,0.0308502732952558,8.25706591862181,11.6586779670395,9.8345388020259,6.10791384401239,7.85281837531702,0.199988066753727,0.913950073094352,0.873854316980724
-0.0475799922680626,0.0315046537020264,8.13569589615208,11.6738707739164,9.67256130968324,6.02967697292639,7.79214249431121,0.195700545585965,0.905899717360264,0.870326430847607
-0.0495327590617324,0.032699856322088,8.0095573876383,11.6897947413767,9.51522881759311,5.95448010941243,7.73193268729638,0.192027085084784,0.89302726992197,0.867225048187225
-0.0521291203023568,0.0342901347989406,7.8816252826587,11.7083571626768,9.36641729409823,5.88669610606028,7.67463694403832,0.189304929097289,0.875930985260929,0.865315637186096
-0.0556745406045968,0.0364663204733416,7.7566247132076,11.7316312133011,9.22970877408894,5.83418090743382,7.62249046077878,0.188091926212968,0.856006110737588,0.865494096586638
-0.06220773146541,0.0405462684099705,7.64609513256671,11.7612689735327,9.10756966851925,5.8064378811334,7.57706654646929,0.189060370398161,0.8351386780522,0.868626587689546
-0.0691789863006331,0.0448798226840059,7.54430792100549,11.7981699057983,9.00073960181405,5.81165724204528,7.5390523901182,0.192829852125689,0.815236436664281,0.875360061160613
-0.075653506042882,0.0488694259416734,7.45619776263748,11.8424482977136,8.90800222273387,5.85393055686572,7.50821420215844,0.199791920629132,0.797801565600977,0.885959787464315
-0.0818836411865603,0.0526887907694,7.38030076331621,11.8935692200786,8.82634665911746,5.93171710979296,7.48346851637409,0.209984928168297,0.783697083796157,0.900218627228627
-0.0877750454583323,0.0562906896961939,7.31492508270757,11.9505488271424,8.75146719767096,6.03801996973493,7.46303070700853,0.223050307255802,0.773147680975383,0.917466296276181
-0.092934411577557,0.0594377624958118,7.25969769950936,12.0122372328308,8.6785358286947,6.16207474511677,7.44466907761136,0.238290714445889,0.765918578843338,0.936687818208246
-0.0964174153356308,0.0615389846104003,7.21451366978822,12.0776874206597,8.60308895125857,6.29181672909661,7.42606901723018,0.254809579995988,0.76155780944349,0.95672599249667
-0.0975443735117716,0.0621770637723101,7.17879255015964,12.1464672660592,8.52175535808998,6.41620875057048,7.40524084863915,0.271605597545996,0.759590479369595,0.976504782777492
-0.0968704594374488,0.0617347531590629,7.14921444541557,12.2187176919287,8.43258687346974,6.52681739918997,7.380870521243,0.287788731960281,0.759619702087933,0.995202182606438
-0.0945649059597441,0.0603448230452128,7.12248255346637,12.2948881249844,8.33494189930012,6.61852503578334,7.35252541565391,0.302653286877562,0.761359845627042,1.01232900580735
-0.0907259109340844,0.0580911669994448,7.09633074753703,12.3752603367341,8.2290638867463,6.68957990233539,7.3206479822454,0.315725165271368,0.76465064010125,1.02770952193606
-0.0852474827840749,0.0549189749554398,7.06921265143034,12.4594776979604,8.11558455028622,6.74123165112127,7.28631101764968,0.326758522878841,0.769479150359115,1.04139168596248
-0.0772502601096115,0.0502635936737893,7.04256220526684,12.546298302044,7.99515796313977,6.7770715124873,7.25080310347353,0.335700315243838,0.775994494218924,1.05353196391474
-0.0691265281819883,0.0456617741373067,7.00891666770789,12.6336907117477,7.86833049066797,6.80207688786173,7.21521230744656,0.342642701804795,0.784469089575552,1.06429685973151
-0.0631993447145306,0.0425948041886331,6.97365924752493,12.719227015453,7.73562207869238,6.82141770075402,7.18018801249641,0.347727295186398,0.795176292796863,1.0738024910455
-0.0595110297700263,0.0410487858306233,6.92646715568328,12.8005871181986,7.59769504139168,6.83925079946338,7.14595861917497,0.351113133598323,0.80821092250294,1.08208919016465
-0.0562934434412291,0.0398268097859678,6.85946239272266,12.8759484145919,7.45546082534912,6.8577744795943,7.11254423610632,0.352905995373219,0.823320091966717,1.08911435032569
-0.053162378780994,0.0386226935643966,6.77347261010561,12.9441090109983,7.31003267526469,6.87667862414838,7.08003111202721,0.35310994818806,0.839801470014749,1.09474798855685
-0.0500187195009139,0.0373139995913806,6.66946816237309,13.0043470336159,7.16254686532484,6.89301752247618,7.04878803816683,0.3516031998979,0.856494747263704,1.09876905599659
-0.0451468996591951,0.0347379879257574,6.54384828139873,13.0561743325478,7.01398018934917,6.90160019766979,7.01953772148728,0.348151420886095,0.87188207363813,1.1008771959869
-0.0395137947977807,0.0314868485432593,6.40776273402556,13.0991893230168,6.86510553401166,6.89606669517566,6.99321387534742,0.342471569467569,0.884312772670375,1.10073900230862
-0.0325878383726066,0.0271999881349787,6.26778622964286,13.1331182988463,6.71662615011448,6.87062011334139,6.97060281421591,0.334340969863977,0.892332424523177,1.09807140298817
-0.0205610169427411,0.0194233780522698,6.15672203372571,13.1579613030767,6.56939249676443,6.82194471479486,6.95191945024289,0.323717768403228,0.895026511807341,1.09273886836838
-0.00750814599919867,0.0108013790563044,6.053468775424,13.1741127241035,6.4245545004896,6.75057089022459,6.93657465089234,0.310828118537727,0.892252684599929,1.08482930510131
0.0046995496879842,0.00257270290848134,5.96786835204093,13.1824372610489,6.28356932937815,6.6611822884727,6.92329966651874,0.296185503064413,0.884688649524088,1.07468622076223
0.0146238077104197,-0.0042971922851683,5.90935392898421,13.1843856506422,6.14809010142707,6.56189855089561,6.91056672431819,0.280540409546221,0.873719502906434,1.06289842305354
0.0230044675660654,-0.0102561448555963,5.86285292695738,13.182202362269,6.0198159542247,6.4629228529869,6.89709781473253,0.264783999457994,0.861235339208468,1.0502623474387
0.0293147029532478,-0.0149230197677159,5.82967645685552,13.1791234221586,5.9003619433155,6.37494444388501,6.88226842198326,0.249837306109642,0.849384295222315,1.03772709504979
0.028545027584264,-0.014555672517888,5.93068965375461,13.4926884994276,5.9529127050277,6.65892352171442,6.8755432228286,0.25403785502472,0.842637319661188,1.06094254062506
0.0386700783464415,-0.0225807437672038,5.68039312581842,12.8688397988202,5.5349275972383,5.92105656599765,6.84028976762316,0.205535356895802,0.832425263218552,0.980094844581269
0.0331257148641554,-0.0190197710076581,5.80371983150545,13.1978511317264,5.60143337918003,6.23922021363095,6.83799291334455,0.213766779932758,0.835759081766272,1.00676877314327
0.0293422789027024,-0.0169360581623847,5.82088818815595,13.239157549257,5.53302261277699,6.27687088964433,6.82530721164489,0.209398497863773,0.842362602985845,1.00517708101597
0.0245474509597898,-0.0140971527579368,5.83993394153491,13.2844412818584,5.46882273367465,6.31903165977777,6.81920269345771,0.20702397087209,0.853221000422446,1.00561754410558
0.0193732440830357,-0.0108853286577225,5.8600777599917,13.3372057272784,5.41239037426583,6.37307570871584,6.81958086688386,0.206986041653913,0.866669163760828,1.00888750862903
0.0141943474813749,-0.00754166182435414,5.87953615472583,13.3913708829229,5.36145404377797,6.42987237812732,6.82693425611616,0.2088281590477,0.880584227708461,1.01430947451226
0.00931004913001982,-0.00426679996318091,5.89704433552708,13.4403944006595,5.31359011830708,6.48100378732777,6.8413310889333,0.212050132390644,0.89310110285856,1.02105022929715
0.00547587669274838,-0.00156182327023058,5.91531770568315,13.4793311503018,5.26704401031118,6.52134192510716,6.86249234463331,0.216237570412436,0.90303948763286,1.02837872561334
0.00248318932674065,0.00068681740739358,5.93015631697555,13.5060310157703,5.2211111740359,6.54950584807971,6.89001631805825,0.22111239216537,0.910010595894121,1.03581622326006
0.000197609493279759,0.00253900538327022,5.93807712458893,13.52145891888,5.1762203140448,6.56698762697145,6.92360915083294,0.226529259410955,0.914225266695022,1.04319829865381
-0.00118132816729066,0.00383501231120784,5.93852519893941,13.5293316237729,5.13377149819983,6.5767557404853,6.96323708723037,0.232438718307365,0.916189374059417,1.05066201753426
-0.0014582331264504,0.004415555635654,5.931870347732,13.5353346195925,5.09581761894644,6.58219212726389,7.00913468292363,0.238846829078801,0.916484464099937,1.05858120968357
-0.000476767108040992,0.00414751087817503,5.91967495434707,13.5460163858914,5.06464244051548,6.58661166312254,7.06166781842854,0.245783361427772,0.915688150141994,1.06745802409089
0.00268209944653806,0.00241088402515185,5.91089623653081,13.5673939528982,5.0422650382161,6.59304376364695,7.12110779447488,0.253270549755336,0.914359648596355,1.07776995327525
0.00747357859583961,-0.000464726475399123,5.90451876101085,13.6034843779868,5.02994182774022,6.60392946274434,7.18740078977685,0.261283161733287,0.913011726305041,1.08979216891461
0.0136304386112475,-0.0043205199716895,5.90091494674781,13.6552099472851,5.02779564318256,6.620692192914,7.26001874055756,0.269706720854698,0.912058241695275,1.10345102913696
-0.0252765144924922,0.0213383358258607,6.24746211926758,13.4084088936904,4.79457192102246,6.14008897500737,7.36403845225869,0.249708681936918,0.868797304931578,1.09288653827618
0.0991721717263452,-0.0603107346440905,5.70160769562864,14.27983365407,5.38559253861034,7.37971680250712,7.41444922741465,0.327932190562831,0.957336670939074,1.18519788332837
0.0331494048601941,-0.0173003490884993,5.85194789335934,13.6954502543112,4.98510052800925,6.50937997335149,7.48748250047647,0.286056372765873,0.908962963356116,1.13652936728361
0.0384710879231603,-0.0208126521496348,5.91543467436692,13.9445477515285,5.09732240899741,6.75142810435358,7.58850187146862,0.304225122271467,0.914182725031036,1.16928972209103
0.0408765100212743,-0.0226616925251493,5.92984014911056,13.994291722849,5.1006241476324,6.72195917162848,7.67714804224489,0.307301953913797,0.913196378791426,1.17773044164498
0.0442954138591912,-0.0252163255976669,5.94265919765204,14.0563597155402,5.11822050642071,6.7308064900771,7.76213165444625,0.312113666441716,0.913199137556751,1.1878880812556
0.0465971640814812,-0.0270813104780258,5.9556309745156,14.1047906089621,5.12607968865157,6.70953949317731,7.84595012067332,0.315008857317003,0.911598897547314,1.19547051063277
0.0483607447709912,-0.0286042214482752,5.96872028838827,14.1457366557379,5.12915156078661,6.67379933581718,7.92671894945704,0.316960176042055,0.908620191773744,1.20184994871142
0.0494538342224502,-0.0296784862323728,5.98030627196722,14.1789665033846,5.12585632398081,6.62142915033171,8.00352895157377,0.318019745026913,0.904258889854188,1.20712898946626
0.0502896619860757,-0.0305515522563653,5.99126254676215,14.2048796766599,5.11648676695038,6.55602280162081,8.07490490409547,0.318493021373436,0.89881165427101,1.21160107443103
0.0511584882303864,-0.0313960106818752,6.00189109919129,14.2235265933204,5.10139319029444,6.48114331144008,8.13946022011435,0.318642422476818,0.892700177272924,1.21542950147451
0.0522366783650779,-0.0323164712199766,6.01173311264893,14.2350665074513,5.08143553049718,6.40117110712974,8.19597735060904,0.318729840068552,0.886434730821261,1.21873948245504
0.053669594387219,-0.0334033729105711,6.02032896547552,14.2398990560773,5.05780706687502,6.32039257830863,8.2436657775555,0.318974707795575,0.880488740924688,1.22161821133046
0.0555638056800144,-0.0347275822159164,6.0273291422953,14.2386768319979,5.03187082200657,6.24231377343449,8.28232799239706,0.319522883626953,0.875157606338634,1.22411405770605
0.0579745341720161,-0.0363314149460778,6.03260767564316,14.2322037155172,5.00493684236595,6.16912873428798,8.31242368730361,0.320425469251219,0.870472069887747,1.2262254924064
0.0608922763806424,-0.0382187721214518,6.03634990412202,14.22134562983,4.97811197717823,6.10173804079716,8.33501074846132,0.321648947345022,0.866227411900343,1.22790732856663
0.0642330678968991,-0.040347431019741,6.03908107063443,14.2070045274266,4.95225353747427,6.04025687027537,8.35160547058086,0.323112105481434,0.862114977876769,1.22910031314706
0.0678414933509418,-0.0426295421827187,6.04161617664499,14.1901254811144,4.92800172824053,5.98471721894282,8.36400863811116,0.32473108376939,0.857888575987286,1.22977281345536
0.0715100014838676,-0.0449427915980876,6.04494539651224,14.1716699075424,4.90583365258953,5.93561353867487,8.37412340207511,0.326451907784483,0.853488939137118,1.2299540963318
0.0750009769843959,-0.0471435691782633,6.05022920195979,14.1524940279741,4.88608602099499,5.89404866113465,8.38377048586085,0.328257831799424,0.84907390241663,1.2297400430872
0.0780930896140062,-0.0490963419608707,6.05848775208259,14.1331300308411,4.86892895214086,5.86145277668619,8.39450280565377,0.330151959899473,0.844950342450064,1.22926535348098
0.0809226624093922,-0.0508938448834104,6.07248974068524,14.1135654418429,4.85432252559296,5.83907201992148,8.4074390546651,0.332130872541844,0.841453058325831,1.22865666101355
0.0832431680745276,-0.0523793618734775,6.09187534514666,14.0931708193596,4.84200975429279,5.82750138737869,8.42315640922861,0.33416721243704,0.838831273757575,1.22799306935253
0.0846150243892864,-0.0532694860659174,6.11427822563945,14.0708817317398,4.83157655536816,5.82644583057016,8.44167381745614,0.336211201971274,0.837181969600907,1.22729578747777
0.0848891733767149,-0.0534665067631094,6.13825751994009,14.0456104773065,4.82255842441252,5.83472786536957,8.4625165761203,0.338205992665586,0.836434866588199,1.22654980473881
0.0839715640495827,-0.052906446233301,6.16194569779615,14.0167148040234,4.81453259499976,5.85043153079731,8.48481893728941,0.340105614308691,0.836369770093289,1.22573980638619
0.081833100492831,-0.0515655907165125,6.18334301035111,13.9843025914784,4.8071437508793,5.87107086705573,8.50742532781759,0.3418816691452,0.836647559829686,1.2248760148024
0.0785294007823292,-0.0494736730996983,6.20069385485998,13.9492436070894,4.80006281051201,5.8937635609209,8.52897832980327,0.343519286960899,0.836852646022508,1.22399574497801
0.0741995841436974,-0.0467138635645385,6.21286633330825,13.9128993604435,4.79291795618226,5.91544365059969,8.54800471165481,0.345008298479926,0.836551329208645,1.22314106447868
0.0690886007180018,-0.043438295108684,6.21937343240479,13.8766920860377,4.785244222358,5.9331344411707,8.5630238586031,0.346336344867982,0.835363356643649,1.22232550934808
0.0638336904675876,-0.0400541928221806,6.22176724324565,13.8417020060382,4.77648966106388,5.94428795994642,8.57270305606003,0.347488301123348,0.833037719359221,1.22151074599765
0.0595470925183817,-0.0372781787525172,6.22407085920402,13.808453527699,4.76608638255172,5.94714850051967,8.57605014315819,0.348451596089372,0.829514117280337,1.2206071565659
0.0555612748161615,-0.0346799901861521,6.22224942213161,13.7768964112034,4.75353875945124,5.94097859713355,8.57257491945976,0.349217367893544,0.824933398286236,1.21948954431837
0.0520247028351239,-0.0323598471694711,6.21657413592593,13.7464638198175,4.73845725727961,5.92596617358381,8.56233815414726,0.349767061908466,0.819568557864267,1.21800683979558
0.0491933553653392,-0.0304907344880486,6.2076351585521,13.7161580719677,4.72053214098007,5.90288397395385,8.5458777168094,0.350051048910264,0.813711537255093,1.21598497994206
0.0472845458227262,-0.0292232443997093,6.1960984922784,13.6847504824187,4.69953178937453,5.87286511756261,8.52407678565755,0.349984083034019,0.807611368803114,1.21324944231964
0.0464264575996176,-0.028651604642768,6.18271874656513,13.6511303448638,4.67539171407205,5.83753812873235,8.4980377453428,0.349473159647386,0.80151905857761,1.20968127829358
0.0466353906562681,-0.028796831908821,6.16823278955322,13.6146386457172,4.64833407007977,5.79927013108756,8.4689782894546,0.348458591133406,0.795773702257205,1.20527429242263
0.0477839243031354,-0.0295833397125836,6.15344918388737,13.5751793208017,4.61889345014423,5.76103994133147,8.43814414641299,0.346932365788419,0.790810398619228,1.20014461477643
0.0496483964715735,-0.0308669897754947,6.13906004224555,13.5331133988989,4.58781571002309,5.72584021298088,8.40674806002022,0.344921781008932,0.78705633910226,1.19448546627785
0.0519354157230308,-0.0324506314378244,6.12560709017032,13.4891484882995,4.55592005926266,5.6960077763155,8.37596764891104,0.342459455304016,0.784799325075267,1.18850933343426
0.0543288097766604,-0.0341148772208211,6.1134159096034,13.4444075206049,4.52403258509019,5.67295682618358,8.34703328639644,0.339567991518823,0.784138271844116,1.18242458461424
0.056535466549595,-0.0356505792485305,6.10256660896118,13.4006781246481,4.49302822861128,5.65747556671998,8.32140066059979,0.336271876688967,0.785057842769978,1.17646112302828
0.0583085274639137,-0.036878685821346,6.09297397257894,13.3606998694243,4.46393493015171,5.6503379099941,8.30095104454739,0.332628095492944,0.787572993882517,1.17092337808928
0.0595031753855685,-0.0376919806358733,6.08423507132456,13.3282994133343,4.43800408376206,5.65274189913139,8.28811925503276,0.328753922265868,0.791830071761379,1.16622943257524
0.0600730037199122,-0.0380570322812987,6.07576460872946,13.3082089353182,4.41667030700211,5.66624211926688,8.28583709006523,0.324835429057356,0.798084986952834,1.16290227858993
0.0599382759209304,-0.0379298019618689,6.06785304936485,13.305500133929,4.40140249134963,5.69228074844257,8.29722388968846,0.321119630317646,0.806579558549985,1.16150775950447
0.0592062591888975,-0.0373954824020307,6.06016966227507,13.3247157900377,4.39351171168468,5.7316759650501,8.32504767854756,0.31790279528888,0.817399220587687,1.16256072931734
0.0579692794815357,-0.0365318989644751,6.05293127286093,13.3688958972576,4.39397556612318,5.78428787210633,8.37106691008049,0.31552377739479,0.830371367689277,1.16642827050099
0.0564545728653489,-0.0355009534092652,6.04582958861427,13.4387254663431,4.40329907893381,5.84880868040079,8.43541967277648,0.314340461952771,0.845007371305135,1.17323549509908
0.0547684494871542,-0.0343795412559812,6.03944340157661,13.5320131382104,4.42135183385502,5.92251300809256,8.51612310223654,0.314774940520448,0.860475890030671,1.18288023163623
0.0531256182879671,-0.0333079239445523,6.03388810397041,13.6436465578803,4.44729876571599,6.00101252289668,8.60904457910724,0.317182131551471,0.875590699617222,1.19493798151477
0.0517743841638215,-0.0324430841803249,6.02944356740376,13.7660681470275,4.47953062979699,6.07829186919956,8.70811546569819,0.321856886547726,0.888906017499315,1.20876335507102
0.050931341228967,-0.03191899451455,6.02664468298774,13.8902074894229,4.51577265760019,6.14743111373895,8.80606587992687,0.328950477550359,0.89894123215874,1.22356119809407
0.0507809333002806,-0.0318485254915841,6.02638726168851,14.0067182406887,4.55333711171681,6.20202485946826,8.89550012711703,0.338410234257555,0.904513279884946,1.23850459498054
0.0515058516023613,-0.0323445252672292,6.03019098128819,14.1072606624741,4.58948963271335,6.2377584228585,8.97004324939633,0.349859791474347,0.905123948169099,1.25277624235023
0.051610059651434,-0.0324353292951488,6.04169591019457,14.1854430503643,4.6216656385254,6.2532710151944,9.02518924615798,0.362643931516917,0.901005257753572,1.26568272122759
0.0520813593437236,-0.0327596521299181,6.05825348523224,14.2371967953701,4.64760850217922,6.24986282606447,9.05858300995413,0.375787015292994,0.893014927348096,1.27657365618713
0.0533375076631102,-0.0335891417513758,6.07831361921301,14.2606919981743,4.6653773101092,6.2303096167076,9.06982383666263,0.388096347388221,0.882276470441111,1.28481876419587
0.055190468021729,-0.0348047562564127,6.10133106385498,14.2561914497397,4.67345369310818,6.19769056160257,9.06012767253807,0.398336832835944,0.86985682216036,1.28983870747586
0.0573690928747417,-0.0362344029367571,6.12652621300606,14.2260724313709,4.67103603482055,6.15494670980825,9.03209363482325,0.405467636340967,0.856629024992397,1.29123565275115
0.0595641868093089,-0.0376811312800391,6.15297026685921,14.1748434454913,4.65839590792024,6.10513055316235,8.98954456208909,0.40887045735801,0.84330501833146,1.28896296232867
0.0614675102090133,-0.0389473202377982,6.17976128079022,14.1088151943969,4.63704418767519,6.05176214785388,8.9372542490555,0.408479471337094,0.830511554889703,1.28342598345241
0.0628194318663907,-0.0398647665299631,6.20614029496059,14.0352935709309,4.6095448204238,5.99881128782377,8.88042293646361,0.404757444112222,0.818804985037772,1.27544683898405
0.0634642031484667,-0.0403300865231335,6.23146279975057,13.9615121564255,4.57901863473538,5.95023663473949,8.82419336647014,0.398549552668384,0.808675866845267,1.2661048530233
0.0633771647323053,-0.0403233309509825,6.25518293347681,13.8935870587324,4.54852334060879,5.90936005815594,8.77285262156151,0.390849898355162,0.800447916532449,1.25653634383499
0.0626551448569223,-0.039902805632214,6.27675977450596,13.8358472475086,4.52051435756946,5.87832097390951,8.72957597185822,0.38260811593317,0.794286301627068,1.24774938448817
0.0614930780797412,-0.0391913564164477,6.295580329414,13.7905994706913,4.49650934213597,5.85780793208169,8.69621781351383,0.374579278682993,0.790195466894696,1.24050599161473
0.0601844459689025,-0.0383776461658847,6.31093930276692,13.7583034277552,4.47697513664864,5.84705081628184,8.67333743841524,0.367244484734484,0.788044960962931,1.23527044628506
0.0591055709763736,-0.0377062885114048,6.32206864477671,13.7379906639819,4.46140291297949,5.84402297850708,8.66037554343859,0.360793798587873,0.787614216482365,1.23221219711346
0.0586564311717252,-0.0374392728328088,6.32822638836355,13.7277974318924,4.44852497908785,5.84579904508973,8.65586921191957,0.355152036523988,0.788601003223542,1.231243663132
0.0591959282637028,-0.0378128934041335,6.32884424452981,13.7254485586784,4.43665849672822,5.84914560294738,8.65785897424688,0.350056683640253,0.79073037538074,1.2320903407718
0.0610116882419168,-0.0390171927110492,6.32367420124908,13.7287249684821,4.42408136595437,5.85110744246804,8.66421272682778,0.345137720443949,0.793771999185914,1.2343643386491
0.0643073777434321,-0.0411867958853189,6.31290271020553,13.7358076226954,4.40937084628802,5.84949034067606,8.67300863098289,0.339997592474411,0.797575323679018,1.23763488352149
0.06901522192426,-0.0442791045665507,6.29715603397695,13.7454619988566,4.39162446522948,5.84310613453789,8.68280304382235,0.334269773583977,0.802066702758593,1.24148343251846
0.0747141637752578,-0.0480212568428781,6.27743246995147,13.7570572910904,4.37054208605321,5.83180812563628,8.69273496022432,0.327656120873129,0.807232802836439,1.24554547342282
0.0809015505204934,-0.0520861684075928,6.25500506529981,13.7704877138,4.34639072146818,5.81639013385144,8.70247815316129,0.319946889907877,0.813106118411422,1.24954533466114
0.0871031852513026,-0.0561643446581177,6.23125906391564,13.7860557165566,4.31989091813283,5.79840871685624,8.71210694682739,0.311027301129357,0.819756764848226,1.25332481699601
0.123828709238482,-0.0801555186742203,6.10743521139941,14.1841804108528,4.28763132766226,5.67055178120774,8.84009653778298,0.299555905670518,0.818605095792245,1.27284732567901
0.0887509990916834,-0.0572957001108884,6.27775990308168,13.4857118635565,4.26277354137445,5.8567829845433,8.62605608584212,0.291257929216452,0.839620476753798,1.24644336616099
0.103603986167925,-0.067053730249647,6.15972943405358,13.8467678702525,4.23531221691288,5.75872845696668,8.74060928891051,0.278105359337686,0.841930303826876,1.26441110852437
0.106898525364074,-0.0692645330204143,6.14075482962124,13.8817748034457,4.20913080145772,5.75042788343848,8.75524375525639,0.264845611578627,0.852485051703086,1.26853251799877
0.108269490485452,-0.0702377522994817,6.12694804875073,13.9126622810969,4.18637921126245,5.75514024707752,8.76825759712247,0.251068986321882,0.864885683424549,1.2729714067729
0.109495406260041,-0.0711321815580691,6.1130415808259,13.9442332161031,4.16640158078807,5.77038547082212,8.78123349623478,0.236870199547139,0.878894846977715,1.27817812031575
0.110614908468647,-0.0719738507462599,6.09868198990347,13.9751814972051,4.14911757945597,5.79651295975411,8.79338395115532,0.222407389603245,0.894422126992233,1.28430022036745
0.111545512651928,-0.0727051188809937,6.08392062970154,14.004562481551,4.13432030514316,5.83326448675487,8.80391389031217,0.20776967362464,0.911243095009882,1.29140009986641
0.112126302696446,-0.0732122391392599,6.069239440448,14.0323004649015,4.12172445448961,5.8796798716572,8.81232409008598,0.192955623753335,0.929006379905951,1.29945808273679
0.112174427704573,-0.0733630235554562,6.05548169383275,14.0592091578613,4.1109660263044,5.93409007500817,8.81853080545675,0.177871228867631,0.947276854832121,1.30837265133361
0.111547154440624,-0.073049156544862,6.04360730852,14.0866136887025,4.10151864472028,5.99408384045156,8.82281842288528,0.162339922329222,0.965602244636471,1.31795653047465
0.110370394389832,-0.0723365993744466,6.03396108655515,14.1157559706458,4.09259600056516,6.05655706083583,8.8256820996286,0.146124560615654,0.983599136177904,1.32793667027537
0.108571130191273,-0.0711652402419656,6.02730491436965,14.147263066724,4.08311469360752,6.11788773283617,8.82766257429279,0.128957519027013,1.00103163953175,1.33796850071029
0.105948013842694,-0.0693961954260892,6.02458716419698,14.1808843407314,4.07174387162211,6.1741590275434,8.82925297158796,0.110570613224401,1.01783764597663,1.34766609579461
0.102680948786995,-0.0671424417584504,6.02553238071938,14.2155677051558,4.05703530994675,6.22139124202017,8.8309042591977,0.0907192282944813,1.03408821195149,1.35664500783012
0.0995689043763746,-0.0649229957403723,6.02804992916285,14.2498329789967,4.03762690761039,6.25589060515629,8.8331110071068,0.0692028742087828,1.04992109201073,1.36457601029335
0.0966045226252749,-0.0627406017438397,6.03245520705913,14.2823116497595,4.01250979301211,6.27484873304096,8.83653265253087,0.0458884988484871,1.0655045678059,1.37124624286816
0.0936047883391442,-0.0604899625565608,6.04226404313283,14.312286199648,3.98132218761659,6.27715407593581,8.84210187337795,0.0207379385872215,1.08105397000658,1.37661903520243
0.0910334818174175,-0.0584905017152101,6.05536010744604,14.3400921916725,3.94458954682469,6.26413557838911,8.8510846803113,-0.00616595204005578,1.09688172213422,1.38087837066668
0.0894871670266023,-0.0571518474180924,6.07304038123502,14.3672737379928,3.90380375876663,6.23984796965239,8.86505719833358,-0.0346084628468127,1.11344006502703,1.38443864137401
0.0890017211852435,-0.0565229625433837,6.094542807992,14.396369293986,3.86126174627681,6.21064968531327,8.88574127257511,-0.0642621160540956,1.13131989004134,1.38790045192861
0.0888285658459564,-0.0561433440610708,6.11757007877989,14.4302027918464,3.81965665592369,6.18411612052857,8.91462760224424,-0.0947417672720662,1.15118906739411,1.39194257123547
0.0888462864851178,-0.0559517070490124,6.14135123281824,14.4706572920126,3.78148998728808,6.16755071633408,8.95236732010277,-0.125691361174448,1.17367158595455,1.39715768406846
0.0889269755177885,-0.0558729273609122,6.16473647489622,14.5171693902654,3.74843869700692,6.16645342279116,8.99805700475758,-0.15688703309057,1.19918685084986,1.40386689390304
0.088932275465243,-0.0558141096747373,6.18619592348263,14.5655012292267,3.72086876025176,6.18336812902262,9.04870193684593,-0.188297760863031,1.22779740241618,1.41197596731594
0.0887182919779153,-0.0556687850748908,6.20400612128007,14.607476701433,3.69769312532592,6.2175176155826,9.0991813344295,-0.220098786624085,1.25913453298926,1.42094041512658
0.0881274214751768,-0.0553150065662009,6.21711016583524,14.6321399818443,3.67667993913655,6.26541302420135,9.1429012344599,-0.252615369476243,1.29245147033845,1.42987448730478
0.0870154377680454,-0.0546378202665794,6.22654335519862,14.6282838968431,3.65515632867607,6.32224123050814,9.17307936080402,-0.286219021432328,1.32679710420819,1.43778826451213
0.085371234301739,-0.0536123369344937,6.2296199918056,14.5877592360928,3.63091018057781,6.38350771520625,9.18439393310763,-0.321190665831161,1.36125008114134,1.44389559218713
0.0832009520185982,-0.0522315118525182,6.2253633001035,14.5086031788194,3.60301297733195,6.44629534070772,9.17460660743914,-0.357605560884965,1.39513212571441,1.44791362229394
0.0805289667697161,-0.0505073101107545,6.21463209701591,14.3968179535133,3.57226487548668,6.50963501080086,9.14567348211715,-0.395278633726555,1.42813367219188,1.45025856928913
0.0773708245067256,-0.0484517076793777,6.19930370661393,14.2656919266227,3.5410299687752,6.57389812923336,9.10377987908782,-0.433801671415343,1.46032771215436,1.45203224818393
0.0799692291751232,-0.0492916668536828,6.17234845049198,13.1624161837462,3.7164288964331,7.4227840755481,8.68350306040456,-0.459291307733906,1.51660996349109,1.39655222516922
0.0617163058642387,-0.0390512090382208,6.18798239529783,14.9215891711659,3.24951094810341,5.86127691502626,9.38495909205283,-0.531820830441583,1.51313002957176,1.50190763339317
0.0700727880214092,-0.0437951878039292,6.1195164739426,13.8917074085817,3.53449749201647,6.89508784978281,8.96857491950628,-0.549339673932983,1.57046760448518,1.46411432359187
0.0540682854660364,-0.03332193509414,6.14928286534724,13.8500801600834,3.47192158712536,6.83856690504103,8.98039527985431,-0.592881168479034,1.60502988648296,1.4721357799708
0.0402456534226848,-0.0248427930578138,6.23630907748681,14.975945245414,3.26153855757068,6.02953749346642,9.42796383036934,-0.649746915141394,1.61470329000421,1.56403181570077
0.0344751716088092,-0.0201107854207847,6.12582224525659,12.6863615439285,3.66477461892643,7.77486148762554,8.57935747474329,-0.65964780084176,1.69460753848718,1.4378337863098
0.023670538141365,-0.0137366491640677,6.17101776365315,13.7274039373613,3.47885744811587,7.04499106660925,9.00470963926565,-0.721932080194713,1.71288625835249,1.52379638322908
0.0150457990494439,-0.00826387043073634,6.18282581013031,13.7477086152872,3.48664895147145,7.07955168552396,9.04552749851688,-0.772797787468092,1.75898402600817,1.54227094682706
0.00773038164129508,-0.00362020154959017,6.19239423021713,13.7448842269794,3.49564427193952,7.1177230212326,9.07663766545349,-0.829009093943119,1.80931428530643,1.5563666102356
0.0100362346195542,-0.00521893117454222,6.17318496261006,13.8136542739427,3.6045510949213,7.31601946673339,9.1341444203432,-0.883028731807146,1.86467361767615,1.58200399323714
-0.0100385593068143,0.00774971649363923,6.23955025776646,13.6854883860508,3.40791827049252,6.97907911726978,9.11689024860473,-0.96775790344126,1.91575091737896,1.56186413592879
-0.00466250947162197,0.00420143580538638,6.21960032822615,13.7543020927473,3.50301515436156,7.12596865278608,9.17033532084824,-1.03481671372959,1.9739755120596,1.57853107684409
-0.00544743776387482,0.00469461948956332,6.22890359287841,13.7709252670346,3.49675028067564,7.08511509000931,9.20470980059299,-1.11534410252897,2.03028356069019,1.5777237710126
-0.00478260572997073,0.00427843422113553,6.2388274607939,13.7981519146288,3.48674602762519,7.02292430425707,9.24323531773481,-1.20228515224623,2.0865246851564,1.57189145285603
-0.00302553105747694,0.00317454528952747,6.24985096777657,13.8399156238702,3.47433700131164,6.94156823896774,9.28840866123391,-1.29561441560187,2.14244877295616,1.56076772306249
-0.000198996575355673,0.0013805107652715,6.26174963744729,13.8979466898207,3.46090858873441,6.84450923209645,9.34168902528904,-1.3953285939508,2.19804841867608,1.54395713717824
0.00300338708640553,-0.000675836244374048,6.27520817335712,13.9720581402393,3.44760683942818,6.7356524765278,9.40348420769032,-1.50137725027361,2.2534525123436,1.52102170779754
0.00562187061236538,-0.0023919976220311,6.29165128973185,14.059843196181,3.43504369828205,6.6188350285433,9.47293689184865,-1.61382414231669,2.30883281443838,1.4915093819969
0.00699790777122294,-0.00335133975154032,6.31236909690369,14.1568180987488,3.42315181302369,6.49753613773094,9.54794143180667,-1.73274307999561,2.36433351934302,1.45501153127183
0.00658649484281754,-0.00319674662829224,6.33869847411854,14.2569893440377,3.4112221898525,6.3748076404892,9.62538001231393,-1.85810189938582,2.42003129325077,1.4112310377311
0.00406218929207885,-0.00169889493305508,6.37111691104002,14.35370543653,3.39810536364991,6.25331769279672,9.70153385323924,-1.98980217295175,2.47590670134135,1.3600456128477
-0.000719962775309529,0.0012642604283498,6.40980190844726,14.4405893464422,3.38251358207601,6.13538745333199,9.77259546138913,-2.12762208235942,2.5318079051537,1.30155732700658
-0.00768206772339619,0.00567106970321968,6.45409864180327,14.5123654241531,3.36333874846284,6.02295978634448,9.8351903464356,-2.27119436818862,2.58740984754385,1.23612239162971
-0.0164263048909208,0.0112848921663233,6.50218262372742,14.5654841917954,3.33990759245371,5.91751312209554,9.88682337345942,-2.42000520867259,2.64219600293198,1.16435511746026
-0.0449001533532934,0.0300925802497941,6.62944614180883,14.5191019329491,3.17992104352754,5.6832486271384,9.8669012978965,-2.5826197679227,2.69319812966468,1.06826153079494
-0.0221941064057061,0.0148202283578046,6.55336482210476,14.6991803885548,3.42456770190908,5.87853067796185,10.0139818638351,-2.71916783306377,2.74885723238383,1.02462473609662
-0.0523760937822933,0.0347848223819864,6.68407379219597,14.6106370414186,3.24725460425642,5.65050301795957,9.97065977186437,-2.88953542422726,2.79395247073073,0.91999362876509
-0.0668764915370146,0.0443737952369234,6.75432934852916,14.5955057627368,3.21067722108686,5.57680328360906,9.97700200555514,-3.05290399924442,2.83889752898999,0.832165360752408
-0.0781009165329447,0.0518756592871265,6.82399209386468,14.5750231609579,3.17487773961098,5.51028058019735,9.97749364481666,-3.21828811635132,2.8800067932361,0.743182968506295
-0.0873115722807429,0.0581091659141134,6.89214815092778,14.5537508455427,3.14091272538652,5.45069031437318,9.97436970205022,-3.38516917610499,2.91738193455124,0.653774489096864
-0.0966318149345494,0.0644386917875368,6.95665230969239,14.5362885367896,3.11012248884663,5.39798190211579,9.97013445203965,-3.55304810856286,2.95124894609882,0.564713493480906
-0.106174540529271,0.0709254960742816,7.01624464450134,14.5257549088402,3.0834181472645,5.35235692694437,9.96670615394899,-3.72151013060896,2.98199647306631,0.476677876827153
-0.115984718428843,0.0775842664403926,7.07029441699474,14.5234371091857,3.06122148277011,5.3142145484615,9.96521377191983,-3.89032302530539,3.01007483896032,0.390279045935922
-0.125881753555343,0.0842815550728111,7.11821887106806,14.5288736211348,3.04352045839729,5.28398576444103,9.96598288252774,-4.05919437805825,3.03588295700639,0.306100458317447
-0.135525604005817,0.0907807785352391,7.15998312155376,14.5403296800764,3.03000475104632,5.26187414663091,9.96872078187911,-4.22783294047785,3.05966792564589,0.224739566304534
-0.144430234074843,0.0967546809010153,7.19592370354344,14.5554845840134,3.02021439250069,5.24757656495386,9.97283764801661,-4.39593417985088,3.08146168034896,0.146838948001618
-0.152034831129839,0.101836630303709,7.22697671725634,14.5720782516558,3.01365356284384,5.24009631014991,9.97779062906197,-4.56314742350951,3.10106187461725,0.0730964086304339
-0.157605600646748,0.10556191391913,7.2567548409715,14.5883251700438,3.00986030387264,5.23773445236055,9.98334654089307,-4.72909784630049,3.11804895541081,0.0042546214022452
-0.160934378172374,0.107816862398138,7.28622502870959,14.6030544633183,3.00844929964295,5.23828518168507,9.98970107385861,-4.89339196064386,3.13184036716536,-0.0589353412916995
-0.162221125845862,0.108756718654737,7.31483796874039,14.6156436594305,3.00914532220557,5.23937663396873,9.99743864899386,-5.05565244233306,3.14178149367897,-0.115786016562118
-0.161647791220869,0.108521901828373,7.34365318247654,14.6258333976884,3.01180941527915,5.23882698906153,10.0073654967448,-5.21553646961147,3.14724709870562,-0.165767973510289
-0.159420617786658,0.107256937791455,7.37296486513105,14.6334974560686,3.01644531796162,5.23490369984506,10.0202780823217,-5.37274612090905,3.14772152953259,-0.208596478493579
-0.155882450517864,0.105180438737867,7.40292456782411,14.6384351548779,3.02316665279674,5.22646433903876,10.0367210910085,-5.52703232738692,3.14285541196155,-0.244296365209052
-0.151474536981119,0.102562192091648,7.43381679295687,14.6402434225209,3.03210978223547,5.21300971333863,10.0567765829348,-5.67821319465388,3.13251553409574,-0.273248564820237
-0.14654605256373,0.0996040872200189,7.46461780931601,14.6382863765825,3.04329992403775,5.19466045165219,10.0799259906108,-5.82619889411783,3.11682484022522,-0.296209377239878
-0.141522469536313,0.0965549580899694,7.49408125747449,14.63172651188,3.05651264747375,5.1720616513142,10.1050091930851,-5.97098593636191,3.09616847087652,-0.314281094008402
-0.136857902425112,0.0936840646729591,7.52073977786357,14.6195761626363,3.07118857396608,5.14625104327885,10.1302736766043,-6.11269761233064,3.07115425795114,-0.328829706598135
-0.133028202945965,0.0912793438395144,7.543128428127,14.6007795978858,3.08643713766381,5.11852191487456,10.1535014286532,-6.25154402367988,3.04253901361036,-0.341366139244476
-0.130488114986421,0.0896216212370913,7.56001028920988,14.5743701374897,3.10112738163496,5.09027129656062,10.1722176051199,-6.38777679946605,3.01113861763405,-0.353406738940273
-0.129584460183623,0.0889303519052323,7.57057641986507,14.5396979407875,3.11403830499091,5.06282030741189,10.1839815770825,-6.52163738433633,2.97773335562714,-0.366316109324951
-0.130462869406302,0.0893046930381045,7.57459921525205,14.4966374369242,3.12403103253138,5.03723046321436,10.1867239346179,-6.65332060073948,2.94297255813146,-0.381129856156785
-0.133028510634448,0.0906978571063408,7.57251977230718,14.4456848616219,3.1302024425664,5.01414714462692,10.179062458361,-6.78295079061469,2.90728424554516,-0.398367427492861
-0.136985278544329,0.0929400360481491,7.56544584447372,14.3879605319919,3.13199338228305,4.99367624485147,10.1605424642104,-6.91056557920324,2.87080591988409,-0.417867642202136
-0.141916469272402,0.0957866529079453,7.55505331264274,14.3251927572764,3.12926401975072,4.97531922469385,10.1317747062493,-7.03610328030502,2.83336113975211,-0.438692779721339
-0.147377825327131,0.0989745550099845,7.54345724271845,14.2597268984918,3.12238282414399,4.95803697399713,10.0944608010679,-7.15939749765184,2.7945032278306,-0.459139307378541
-0.152968395124811,0.10226512401752,7.53312985002098,14.194579823949,3.1123611771272,4.94047859052983,10.0513213745977,-7.28019086075189,2.75363152586736,-0.476866730865061
-0.158007634496275,0.105234305983568,7.52669886147303,14.1335767041466,3.10101993479005,4.92132703636854,10.0059659372321,-7.39818208387911,2.71017017776957,-0.489134338904465
-0.161449676118415,0.107217365170704,7.52702706548085,14.0815745986791,3.09113823073658,4.899669789864,9.96273821611901,-7.51311686149924,2.66378328949365,-0.493119479969546
-0.164706785848262,0.109136637687676,7.53862937660324,14.0446620285139,3.08650403528235,4.8752617594521,9.92655280297251,-7.62490105151717,2.61456187320099,-0.486242544095878
-0.168129518926207,0.111223555270864,7.56587749690309,14.0301041452839,3.09176106317479,4.84852860205756,9.90270565695134,-7.73367709408057,2.56309105686749,-0.466384553923591
-0.170637537183805,0.112781363970854,7.61639483242784,14.045786976779,3.11196285475403,4.82027203527752,9.89657194676898,-7.83980513434341,2.51035182346765,-0.431946365929048
-0.175151663018774,0.11569935398139,7.69796463843452,14.0990446406929,3.15180643104669,4.79122359143089,9.91305931223775,-7.94372731029441,2.45750134670908,-0.381824063792133
-0.182088370266263,0.120244230054622,7.81592303001112,14.1949538075171,3.21459533825909,4.76168457883724,9.9557346446756,-8.04575885719142,2.40562759193756,-0.315435831127696
-0.189073925275732,0.124875986562364,7.9713977351208,14.3343332577327,3.30106333780727,4.73144652112943,10.0256721504094,-8.1458794101029,2.35555864710584,-0.232886192759527
-0.197768199412861,0.130664685897848,8.16283121198924,14.5117881517072,3.40828177233996,4.70008196001472,10.1202258916339,-8.24358571366406,2.30776452453405,-0.135253735190303
-0.209875621429155,0.13871104374368,8.39099837537634,14.7142598460015,3.52896967217753,4.66758445521256,10.2320804797184,-8.33784567015775,2.26235959528475,-0.0249054029372231
-0.223709389817219,0.147912571823619,8.63870527480463,14.9206886965644,3.65159119984105,4.63521008895908,10.3490511677209,-8.42716782294094,2.21919759919968,0.0943097778601067
-0.271545451702015,0.179282427740268,8.82648593509721,14.4455165119059,3.54663737515634,4.85535993108678,10.1064299189083,-8.52259350533153,2.184398814042,0.146934402741897
-0.248288398523599,0.164362302528523,9.26088466184623,16.0223805164347,4.08224751371761,4.27572725715446,10.956246609154,-8.56774530297931,2.13099665301,0.41186090260457
-0.255529728915186,0.169193877114076,9.195130535342,15.2581449096875,3.90982130797333,4.60112485203674,10.5616830962785,-8.64594882571135,2.10054680701775,0.439628396541713
-0.263284976832483,0.174422780458604,9.27710320191349,15.2085286994454,3.8826576013213,4.60558356176902,10.5441109289057,-8.69996511944957,2.06511174544707,0.536897621953517
-0.260091554904142,0.172351175289971,8.99427013495093,14.7977403603336,3.74233764900972,4.73470927173395,10.3627242020277,-8.73942033423632,2.02942734533289,0.606998323916962
-0.255117989431965,0.169084268722403,8.74794427246989,14.4729727998479,3.6248845912913,4.83821687427448,10.2120194186577,-8.77053253361626,1.99941857524781,0.666299069465448
-0.236386294427544,0.156656826573257,8.1440177567869,13.8386489016334,3.39433111026044,5.04756590875716,9.92737161187849,-8.7908214522167,1.96728009409688,0.703456933631285
