-0.155005580730692,0.105407132010226,9.12765583000584,8.47766242757264,3.02259637310381,4.09181297465421,11.7082040596865,-6.96532714171209,2.35195277726504,1.89136095492002
-0.137299599554342,0.0937632083200337,9.08895764709093,8.95463186964951,2.64967611604426,3.93883747583051,11.654430854924,-6.8198918741146,2.3627928237607,1.83589690157959
-0.157999513752116,0.107123627893743,9.11209362294082,9.45232413737912,2.55486641196398,3.85915814915183,11.7574774900443,-6.66942011061198,2.38087648891355,1.8044905201331
-0.161063514410738,0.109054898394064,9.10277668574121,9.99054811356804,2.34421569209534,3.73796242019174,11.7602028850258,-6.51461058271851,2.39098124048319,1.76754414673027
-0.160275899436442,0.108533556421392,9.10324308268759,10.2129928401878,2.275411663409,3.71466848073293,11.7873306102764,-6.33510608911388,2.39316270781254,1.75893680533209
-0.161345243611759,0.109217836348068,9.13382167952244,10.4527548189191,2.20218308584899,3.67518183708125,11.8287899451256,-6.14728290510766,2.38576135511072,1.76463869386952
-0.157655042366072,0.1067465194294,9.05659080140894,10.4627853361381,1.87291929430412,3.59770403765336,11.7342821331839,-5.96853906515051,2.37253715964958,1.74625244034627
-0.164232455579664,0.111136291699644,9.30288956738225,10.9893766465403,2.32211317355226,3.71039911662571,12.0129789294831,-5.76096630620116,2.35997852896908,1.80398831797653
-0.156400160679247,0.106011500127151,9.2306405178237,10.9232340780901,2.04593864442283,3.6941576887212,11.9020669724445,-5.58682262056996,2.34645490398619,1.78639967924205
-0.151087729393913,0.102561412132113,9.25065390740498,10.9836306026846,2.01796438902598,3.75684468327617,11.8908215323044,-5.40628728919228,2.33297986838724,1.79390406244113
-0.143713224945642,0.0977397938357093,9.2550394170528,11.0172388915042,1.99534756692749,3.83272798426839,11.8714627976847,-5.22779673603868,2.31801622896194,1.80558076386675
-0.135736266039862,0.0924963311299996,9.24612520683202,11.0249349481189,1.97625571923991,3.91560778977279,11.8452479967721,-5.05136562381675,2.30015680947655,1.82382816726905
-0.129834565720168,0.0885870205747692,9.23508447054533,11.0122054822579,1.95978308703631,3.99985149431419,11.8147662266261,-4.87680168965008,2.2783428211246,1.85004489626319
-0.132338824786106,0.0901170231665013,9.25531430520933,10.9844245989473,1.94518835859686,4.08382892160409,11.7812952427407,-4.70423411156342,2.25266816927302,1.88370869765317
-0.135393147366264,0.0919730094457354,9.26667272763202,10.9480499934388,1.93086766571213,4.16712820773351,11.746829674006,-4.53432519792534,2.22370685083598,1.92354124779408
-0.137144613679027,0.0929410655159561,9.26900968678678,10.9093129270502,1.91542519828258,4.24946417104103,11.7134871366301,-4.36785539154204,2.19194661638583,1.96792085184839
-0.135244106764343,0.0915006120406978,9.25046964196335,10.8735059895896,1.8982916688043,4.33080164487799,11.6823115941698,-4.20537349133521,2.15764626770828,2.01507508761932
-0.131005261667968,0.0885207513623438,9.22005776308155,10.8459958740482,1.87885042610797,4.41011690947712,11.6536502823191,-4.04717561623175,2.12053403699569,2.06361651218967
-0.124941118365431,0.0843614948913891,9.18427101566782,10.8318241601903,1.85540571470766,4.48218066763765,11.6274215604613,-3.89284416439799,2.07874491674837,2.11318662003554
-0.116412073801432,0.0786393824516874,9.15001093429095,10.8338458903932,1.82548334427559,4.53697840222497,11.6023257027677,-3.74127141854028,2.02863273849161,2.16422027324397
-0.106674021770163,0.0721812008844869,9.13119018618591,10.8526078833853,1.78827880045512,4.56944989520338,11.5751010793386,-3.5925768584081,1.96882465180329,2.2155221633111
-0.0940956088605059,0.0639139429157997,9.11143148097534,10.8861770224702,1.74674184900756,4.58841869764729,11.5406771382495,-3.44906659754058,1.90376459559143,2.26291848369294
-0.0759141169894889,0.0520223262462658,9.07898661279277,10.9285147044359,1.70512551350507,4.60858817685452,11.4933209347901,-3.31311601486606,1.84028388187544,2.30179230161289
-0.0602475250230368,0.0417339905234028,9.06498520976769,10.9712139191806,1.6649141966405,4.63818731219473,11.4287940169895,-3.18556812734726,1.78279393137058,2.32974042127848
-0.0455190649929288,0.0320144904799824,9.05177857945084,11.0069961043815,1.62549813594433,4.67934357713407,11.3455811773957,-3.06665648539371,1.73327734179103,2.34627354301653
-0.0344389433728902,0.0246096149101662,9.04061370330946,11.0298162990145,1.58700531055539,4.73299817746657,11.2442101564893,-2.95646316160789,1.69260659591469,2.35169093086537
-0.0192800755742408,0.0145268445533843,9.00245305422488,11.034508558342,1.54906529751882,4.79336655623317,11.1278834798762,-2.85423462870966,1.65830312236815,2.34808993683656
0.0213714273290585,-0.0120544194382971,8.89459774266439,11.01931534956,1.50846995988242,4.84164630181075,11.0044250797122,-2.75840973188414,1.62265201810857,2.34026414816008
0.0354872243584781,-0.0214944350546705,8.83179751755988,10.9891312456622,1.46195539369851,4.85965277494573,10.8849856986705,-2.66807611341583,1.57828497226933,2.33264944931914
0.0372888949364032,-0.022970403325438,8.81245178202505,10.9551774800823,1.4102768119446,4.84593597189454,10.7802522107872,-2.58359194422674,1.52388522479475,2.32653743675625
0.0405819041047045,-0.0254030207089455,8.79260013337133,10.9310478934796,1.35698316970279,4.80744234354291,10.6987830500933,-2.50535492535042,1.46064884452105,2.32194609355516
0.0419208425517748,-0.0265652039750923,8.77289602114224,10.929538882137,1.30521501924712,4.74694690836044,10.6465762067368,-2.43305346695256,1.38830946047056,2.31931483762175
0.0417466761472609,-0.0267308742288032,8.7624153722439,10.9601448575208,1.25813694784808,4.66997856256375,10.6250111109623,-2.36628850883806,1.30839583242138,2.31788892675319
0.0416923498188107,-0.0269467306645405,8.76004076452931,11.0256401402468,1.22078851372355,4.59469544318467,10.629311177536,-2.30521888841129,1.22735607300656,2.31470067026214
0.0405900860671097,-0.0264702600614494,8.76274029818961,11.1214874267579,1.19842698993575,4.54411050816257,10.6505773491251,-2.25020453275468,1.1532980890226,2.30642779529215
0.0382012233705312,-0.0251620844795617,8.77023073097586,11.2396966009698,1.19301900031683,4.5313614822817,10.6797592628146,-2.20132438176628,1.09116062407977,2.29155116782304
0.0381353220920795,-0.025339814078339,8.77830856763886,11.3726894461181,1.20184736396823,4.55444716338674,10.7097429984551,-2.15820108306543,1.04152825992015,2.27053969259209
0.0384601036111888,-0.0257282155637312,8.79404991313175,11.5141787706724,1.21826783176525,4.5971167832147,10.7349386786623,-2.11962798463152,1.00110773853551,2.24499078764274
0.0397928902267952,-0.0267245373938725,8.82158764329008,11.6587677116295,1.23513536079472,4.63719579409517,10.7504959298716,-2.08361821092696,0.964506919623846,2.21672325493227
0.0427615146003513,-0.0287529040043513,8.86122439793617,11.8013029291953,1.24837410218596,4.65900386794689,10.7521179334902,-2.04821506884421,0.927170806860997,2.18703695009898
0.0442603533937793,-0.0298163413760767,8.91003083399409,11.9364679539296,1.25643993975799,4.65529061340464,10.7364617934433,-2.01196257469284,0.886425548953085,2.15657385245926
0.0507638807343242,-0.0340883877403253,8.9687173992044,12.0606914628913,1.2590763086003,4.62670976457725,10.7024086766249,-1.97433669905717,0.842267619917421,2.12553176678215
0.0554528543070862,-0.0371586909640366,9.02985353700926,12.1738587614668,1.2574990989755,4.58352900781779,10.651786492737,-1.93614998404349,0.797916681802186,2.09395411982064
0.0593665534500957,-0.0397167270461956,9.07554170087048,12.2771417093081,1.25326976067075,4.53851234171756,10.5880388971528,-1.89857595832052,0.757217976130018,2.06206754559532
0.0628057765056962,-0.0419794143670457,9.12877979692123,12.370572200526,1.24703168298606,4.49892666956879,10.514860334393,-1.86224648807045,0.722110349688078,2.03037883209445
0.0663490826375104,-0.0443134987504507,9.17894798099614,12.4536457125863,1.23877731469374,4.46722836292582,10.436483560953,-1.82745318287309,0.692977540944282,1.99956369278708
0.0668909165980983,-0.0446887907894637,9.22195718852552,12.5264578611771,1.22840456298786,4.44373584357496,10.3579178419758,-1.7943670797597,0.669505358884845,1.97032737074066
0.0695911634846572,-0.0464234524904523,9.26131827632665,12.5889036197455,1.21570808940177,4.4251135034281,10.2837696058602,-1.76266496985654,0.6501158326375,1.9432540151687
0.0658650810054625,-0.0439630490272132,9.29120949389684,12.6400699162066,1.20021529469799,4.40318395451144,10.2170108065093,-1.7313803663351,0.631661186304561,1.91865487324379
0.069131091493322,-0.0459635655883485,9.29255973681741,12.6813187559055,1.18174560518393,4.37228065874503,10.1594017818076,-1.69985053044057,0.611927802539892,1.89646639144453
0.0737441791905284,-0.0487767392426556,9.28143662926483,12.71858833095,1.16088553203923,4.33562492805068,10.1123107842589,-1.668467351476,0.591703555453323,1.87636926152029
0.0776147642385571,-0.0510714757040415,9.27318439382854,12.7590985258491,1.13820995346182,4.29867621577424,10.076478102333,-1.6379710141046,0.572712302033508,1.85809021689723
0.0684801019118038,-0.0449589390278745,9.26566881381319,12.8080641403103,1.11377705947999,4.26227983488979,10.0520061941138,-1.60862098286918,0.555407112331636,1.84155389288859
0.0692947821890837,-0.0453146330973802,9.25699877840382,12.8690757879672,1.08775097492783,4.22549007565148,10.0389104568801,-1.58024855536966,0.539553860654837,1.82681528386706
0.0682683694699125,-0.0445658275041972,9.24787495732676,12.9447971178462,1.06070912934577,4.18874376026872,10.0371314893127,-1.5524905739162,0.525009554113577,1.8139922394391
0.0679010671491285,-0.0443431593679217,9.24949145175876,13.0363794812595,1.03306227089272,4.15238320544684,10.0460833339056,-1.52488748919835,0.5115636012686,1.80320389995665
0.0664777049542834,-0.0435125782248019,9.25613974766522,13.142658634054,1.00461390580216,4.11512432397733,10.0643279563458,-1.49704512983756,0.498956446518298,1.7944231111231
0.0646634304425253,-0.0424622156246747,9.27025719793079,13.2600628808396,0.975313029171538,4.07586311215566,10.0893779973818,-1.46873681548875,0.48724137874249,1.78736947279256
0.0630195085289951,-0.0415188408731833,9.29199040489211,13.382919108329,0.946112188060816,4.03635100358946,10.117441261247,-1.43984717595045,0.476883658420237,1.78150457053879
0.0619390269928391,-0.0409089672535538,9.32013010386719,13.5035136388892,0.91843223357807,4.0009151653666,10.1436390436052,-1.41036435276619,0.468451679491686,1.7760803144106
0.0609973434903883,-0.0403408876644547,9.34898413863663,13.6120471676197,0.893244255599121,3.97252962791282,10.1628750023764,-1.38026826222161,0.461772094636455,1.77026928855384
0.0602404550129079,-0.0398481104948105,9.37639555828791,13.6979272863442,0.871207461063742,3.95035528021259,10.1706808814981,-1.34912951092333,0.455499014441711,1.76329922339139
0.0597577613275094,-0.0395080388861868,9.40142638916685,13.7535602748298,0.853874640796982,3.93613459697117,10.1641673593178,-1.31666502327045,0.448916008134473,1.75451840065315
0.0595934821972931,-0.0393662130169318,9.42347793292231,13.7768400835959,0.844318112594708,3.94034379450016,10.1427770100816,-1.28320002124145,0.443486693976875,1.74347016463972
0.0597937091030261,-0.0394573154359278,9.44177062459175,13.7689685129704,0.845953490955371,3.97520616426098,10.1078658590232,-1.24950041064321,0.440989534582911,1.72994374257285
0.0605099803845917,-0.0398752862078028,9.45503865199273,13.7315757848821,0.860727535375578,4.04488179310565,10.0617395689094,-1.21585118773381,0.441429621535121,1.71389836322121
0.0618208245997947,-0.0406693239430661,9.46150251496876,13.666254100163,0.887845214839733,4.14386826683308,10.0070629981436,-1.18244850498453,0.443493454284314,1.6953343868169
0.063457109077055,-0.041673450539327,9.45874717389519,13.575692010226,0.924180955322354,4.26050722641996,9.94681576487286,-1.14980396524162,0.445611456563843,1.67432774813261
0.064877276732333,-0.042552326696231,9.44469537711533,13.4663590799917,0.966370634666907,4.38184543901446,9.88496892371512,-1.11857031709368,0.446407895108479,1.65126108489682
0.0651996991159781,-0.042756356250385,9.42465560255178,13.3515291114956,1.01185023492968,4.49615860056334,9.82792324359012,-1.089323624235,0.444898311035723,1.62709153055963
0.064832326008241,-0.0425655845820114,9.40423488077863,13.2509678972036,1.05788829565984,4.59144664476624,9.7854231489352,-1.06236577917678,0.4403048000984,1.60346582801925
0.0640535267535591,-0.0421569081021538,9.3916301587438,13.1842067513009,1.10091305462695,4.65554517372583,9.76769851195842,-1.03767500753147,0.431963567335057,1.58229555855917
0.063015087122768,-0.041605173968651,9.38941862205128,13.1602076143828,1.13731766373267,4.68125217969734,9.77883242633188,-1.01519587478765,0.419965362907719,1.56478598680463
0.0621777010333825,-0.0411806239068737,9.39823515282108,13.1721322955668,1.16388700732997,4.6672825244638,9.81270416939766,-0.994893164114639,0.404912335156336,1.55076927830517
0.0707193103606647,-0.0467776306800345,9.43179623493942,13.1731761608412,1.29561305311014,4.83753908414459,9.82354239423693,-0.973616469769276,0.393313131572075,1.54089089297083
0.0637078111863392,-0.0423310997067106,9.46991507481417,13.2640858097184,1.05855649249021,4.30079153712524,9.929205321898,-0.963674048697714,0.360054612454285,1.52532919468965
0.0702940253043483,-0.0465714852927622,9.50240342331723,13.2528059916089,1.16285888105674,4.4141257554491,9.92386763994022,-0.944353912223971,0.342802474116858,1.51500932294865
0.0744732358591239,-0.0492278087337022,9.52135639715232,13.2627377985063,1.15189854362324,4.32237049610156,9.93410331927808,-0.927575434283235,0.318625000847399,1.50207752735005
0.0781204865147195,-0.0515119322586349,9.52180434524629,13.2625487320433,1.12865595236114,4.22706746523053,9.92839520760546,-0.911324553548744,0.294134750064132,1.48697983958085
0.0790384398480733,-0.0520177219671106,9.494456249473,13.2594282140521,1.1043668076285,4.150675426012,9.90737074451925,-0.895376260389962,0.270078596357925,1.47012322251533
0.0803340377579092,-0.0527740932661981,9.46532422324789,13.2624953801739,1.08348575220512,4.09899995034452,9.87575518046243,-0.879826002044813,0.246946145019789,1.45225927195567
0.0765007044910113,-0.0502437273346772,9.45730689500891,13.2804093902615,1.06871345005434,4.07339849108046,9.8408023320214,-0.865237159519549,0.225642147373088,1.43454897910933
0.068439304405942,-0.0450252188564465,9.42556971543545,13.3213886837063,1.06110977936602,4.0725728050898,9.81247153409794,-0.852677212752143,0.207594090574364,1.41864763767001
0.0567498958682883,-0.037524461110551,9.37355418991447,13.3946872398711,1.06072358276297,4.09494706935842,9.80363270246191,-0.843511270586432,0.194762791805724,1.40681238459514
0.0260086660474843,-0.0177716008659644,9.36521195578604,13.5101088730339,1.06717859154767,4.14000815841081,9.82838256015918,-0.839071777630403,0.18924532504262,1.40160296921452
0.0276762747950114,-0.0191377167206358,9.22591720584016,14.0903503126414,0.907837905930287,3.85343929380057,10.0681051297115,-0.843619420863033,0.171305161969772,1.42057972317334
-0.0265571386315237,0.0160802970264139,9.37672177955414,13.3576397226647,1.35968057946006,4.82486118073069,9.79125817640226,-0.837839139898965,0.223481020596413,1.3991476383482
-0.0226718537247754,0.0133719871501683,9.38298444759379,14.1487937498352,1.02364672506578,4.15670819444592,10.2093213339609,-0.858689013915147,0.196701909740523,1.43607918941168
-0.0173936874825801,0.0100130970400827,9.29642251643614,14.3126358838138,1.1438053960132,4.42995296823756,10.3555410073658,-0.875770757757106,0.216844281759645,1.45904166932618
-0.00849765403866097,0.00439896727975424,9.25218055738394,14.6167303745129,1.14041819639016,4.43551470401194,10.5993730658044,-0.900221279246285,0.225782746777792,1.49144180478729
0.00970044847856379,-0.00718101445487819,9.22928716016982,14.9013256119689,1.17072357242604,4.49620296434043,10.8274395019654,-0.928433261668347,0.235265262949847,1.52517878207459
0.0178919963936549,-0.0123251264275631,9.29693704084593,15.2166578342026,1.18853295143257,4.515541042625,11.0518372455717,-0.96047067261603,0.241651495466753,1.5600116984987
0.0273400578426517,-0.0183264718325711,9.38725425521125,15.5572994287721,1.20986505281945,4.53893532680206,11.256492584796,-0.995765287304924,0.250590764294942,1.59400284760923
0.0415432696701202,-0.027437948845445,9.48931421773193,15.924559162866,1.23767396362384,4.58512287710878,11.43744455701,-1.03374025076909,0.266816157702821,1.62532494916925
0.0527963457666299,-0.0347039690392277,9.63142230436301,16.3096736920689,1.27687585164474,4.67195333081234,11.5893994282508,-1.0731769948901,0.293162672291808,1.65175683641088
0.0576014893219399,-0.0378993674450818,9.80681845490606,16.6914823161318,1.32668020361469,4.79268805912189,11.7067913403419,-1.11181513920445,0.327078006974286,1.67083637204737
0.0580120931114742,-0.0383465370949177,9.99045590033976,17.0355203091764,1.38376892146477,4.92613432295434,11.7817434094582,-1.14665139960318,0.362214155323376,1.67961695822815
0.0557264638457701,-0.0370910673064434,10.1589533488896,17.3136695273539,1.44666364663357,5.06178322663807,11.8072259107908,-1.17534155850107,0.394849216953544,1.6757081322844
0.052411409849157,-0.0351308711520334,10.2933437361304,17.515918273983,1.51621789339582,5.20549141419983,11.7801736476576,-1.19679005149773,0.425903532461441,1.65846897992257
0.0519920748278343,-0.0349344318723245,10.3904359533409,17.642129345072,1.59172903256891,5.36092734604286,11.701165476441,-1.2105565269468,0.456848498364451,1.62888575630714
0.0521884806197347,-0.035015868358016,10.4591929924746,17.6985473979471,1.67006660647821,5.5231940129254,11.5740492197763,-1.21646692956994,0.488036470797215,1.58947387815974
0.0527564088280206,-0.0352668477267641,10.5049148499019,17.7100742944109,1.74746943265033,5.68539011887316,11.4080168007526,-1.21456233689028,0.520531520104203,1.54492630332384
0.0528034655944375,-0.0351778757359747,10.5307756053871,17.7106015739483,1.82043038990948,5.83862543442249,11.2145311951675,-1.20506686457297,0.555478118570961,1.50058270210307
0.0518034856048896,-0.0344660652205916,10.5374563415736,17.6995874885971,1.88571616842253,5.96916722981407,10.9965628126578,-1.18859193230921,0.590928169181191,1.45817607804902
0.0387862692546692,-0.0260198220060723,10.4841367376222,16.0271197356028,1.87449463127766,6.06587302919728,10.1280181602049,-1.18323215208689,0.616668648514534,1.31369294050891
0.0588820463991442,-0.0393675760914161,10.494992393771,18.9149313581651,2.0229121032256,6.03964092654153,11.0015201750622,-1.13024400666897,0.650097095929452,1.45787344840772
0.0470929327010947,-0.0320926847729212,10.4496524069171,17.3127837933634,1.98920411709112,6.02392260885565,10.1806836873225,-1.11274972475214,0.654086180695814,1.32494233276147
0.0471801308308859,-0.0327645203989079,10.372586295278,16.9283562235369,1.99294217860325,5.9313582216177,9.80210414919628,-1.08207798745554,0.649867963381419,1.26206048922695
0.0485243177654835,-0.0343506311104428,10.2839516464054,16.5060013338475,1.97952443382143,5.76790623103997,9.4266631513317,-1.04816845851242,0.632877455625166,1.19764818682151
0.0500829104012137,-0.0359588916253154,10.1803370252025,16.0404918201615,1.96110919192675,5.58582417172236,9.04631331038621,-1.01352124055978,0.611873986566489,1.13057951119102
0.049766619004077,-0.0359257356645368,10.061778295355,15.5803767938631,1.94594681537957,5.43181139337226,8.67655659376038,-0.980672892414573,0.597469658781664,1.06449284620949
0.0459623102176932,-0.0329782184770539,9.93164765147558,15.1553965968376,1.93882149196784,5.33031833772994,8.32810006964841,-0.951049205655058,0.594805971897988,1.00190920423494
0.0394449786597312,-0.0277611374419163,9.76794474030369,14.7684325724656,1.9419498120798,5.28190056560147,8.00727677733624,-0.924807443064942,0.601785072412042,0.944112692563413
0.0344356348238579,-0.0234646976375994,9.59994628026602,14.4164851767624,1.95616869777667,5.28004074860568,7.72164968832003,-0.90213370195089,0.613848012312599,0.892744209741181
0.0348148818883934,-0.0229418445592244,9.47186063417969,14.0997176088302,1.97942406213526,5.30966893911657,7.48099968756869,-0.883594235873807,0.625549381942805,0.850161082849912
0.0376052851088007,-0.0243122768666702,9.37340015560485,13.819971892016,2.00679492987565,5.33859255340108,7.29663210584732,-0.869956626342614,0.629231024099003,0.818949373623178
0.0420609236060404,-0.0270200950434665,9.29031909589914,13.581767425532,2.03426092071321,5.33122647485962,7.17702746088354,-0.8617194651769,0.617883541606914,0.800948567903391
0.0479621358471481,-0.0308712240900379,9.2204722497955,13.3873949244481,2.0621869570538,5.27636129306117,7.1180331083565,-0.857877221604893,0.590984202895037,0.79560121067969
0.0551949618378942,-0.0357640319382397,9.1566617840675,13.2304778253883,2.09419130879251,5.19109277565762,7.10322981824094,-0.855959533584313,0.554365555234407,0.799913622358365
0.0611053517645683,-0.0399497570000528,9.12227032756515,13.1036383562834,2.13309350955433,5.09267803317976,7.11675152340572,-0.853932100003578,0.5137306353705,0.81070307344343
0.068639233218929,-0.0451317538632882,9.04908875553498,12.7342175858596,2.19067313863082,5.119959044758,6.94556624582374,-0.863700564070811,0.469829161202075,0.791990536707565
0.0641615506481074,-0.0429389340755227,9.09203321205909,13.2023007836066,2.23395670279601,4.74225660312463,7.40011203757662,-0.837725103362365,0.428189744307071,0.879763988810619
0.0658632970180578,-0.044331098867876,9.06134068218159,12.901145911065,2.30230874982386,4.73117029995263,7.2820728904926,-0.847935814556086,0.380237664652953,0.870304080031324
0.0636909863697207,-0.0432711755088501,9.06406904067412,12.8850948632309,2.37774471508571,4.59505739144671,7.38196908861658,-0.847243435356296,0.331024223711288,0.89736116289758
0.0619506489695167,-0.0424098239951502,9.08167894140706,12.8894318977084,2.46556861803394,4.46830773789988,7.49953849471033,-0.846437673587826,0.281161023329972,0.92675684255525
0.061901501119693,-0.0425403704066023,9.11530355251696,12.9031488155247,2.56472161660748,4.35881251367038,7.62061591684025,-0.844288331774417,0.233179997339888,0.955387490120205
0.0611644378098997,-0.0421122105909576,9.17110149929525,12.9111714469046,2.67445082639477,4.28645201062086,7.7291261070636,-0.839250414238632,0.191738256909806,0.979918572478317
0.0676509267229342,-0.0462467290816349,9.28004908771013,12.9008269290409,2.79320088524757,4.27998236789385,7.81222507106012,-0.830627260517422,0.163368264978731,0.997886951456727
0.0818790991731092,-0.0552968227806011,9.41612476908586,12.8696386173706,2.9183637520727,4.3539533681591,7.86603637279935,-0.819129928567467,0.15186840031951,1.0089873586719
0.09666293230891,-0.0646898389564688,9.54030784459739,12.8328814133538,3.04699889052873,4.4757196970085,7.90025140196109,-0.806613086098169,0.151892592223113,1.01585822834446
0.110086923218673,-0.0733031198231383,9.61693519430525,12.8216191514508,3.17818293372973,4.57959784579287,7.93450391241183,-0.795375231760183,0.151743859193387,1.02308010155693
0.125552560433249,-0.0834230893524939,9.68936441638494,12.8654292118697,3.31428314736748,4.6264755241294,7.98571051022143,-0.787325579468244,0.144689904545546,1.03450975617463
0.138198052690804,-0.0918880859574851,9.78295637271757,12.9746644514105,3.45874626776205,4.63398219559922,8.06009945932203,-0.783818541568793,0.133938653442233,1.05167881768341
0.14817612444162,-0.0987036102438339,9.85926180260812,13.133876225365,3.61214336978077,4.64645190683255,8.15366535389935,-0.785652772069699,0.126148511557802,1.07370350929136
0.155314503596091,-0.103688630053028,9.96119248719087,13.3059724231901,3.76999278173471,4.68772731753994,8.25382106959377,-0.792110338154198,0.123060503651169,1.09741700289756
0.16388450146421,-0.109518642304097,10.0503998839551,13.4512759869044,3.92525245210521,4.74523532005835,8.34553330493056,-0.800750940755894,0.119964524820638,1.11908877164332
0.172246872294661,-0.115102326460094,10.1420525302932,13.5507483627353,4.07351185585487,4.79094214046652,8.42087370067367,-0.809135067798581,0.110517686132566,1.13710523513139
0.180283931836907,-0.120383941561498,10.2174970013167,13.6087779681803,4.21463221892573,4.80291129778918,8.47968852947242,-0.816109069958725,0.0907249139214599,1.15189103225044
0.182580486425162,-0.121924582799286,10.2829570441772,13.6427203439471,4.35115584251295,4.76880190087466,8.52423962512363,-0.821643040877485,0.0593520120712779,1.16408357067358
0.183085488547541,-0.122299693828212,10.3278100700735,13.6817192983146,4.48896061236444,4.6902365410221,8.56050175432325,-0.826953400773625,0.018613761862959,1.17471247179313
0.188523192886859,-0.125851943256512,10.3713256198357,13.7616904357415,4.63719919381126,4.58662913912021,8.60112335981479,-0.834325596460336,-0.0259103761988111,1.18616301550532
0.196634334160752,-0.131126479228808,10.4025589108506,13.9052576154825,4.80313057035294,4.48316031775039,8.65984835164892,-0.845780270306521,-0.0687346387508637,1.2012741956747
0.205437478168942,-0.136904714927187,10.4237126837522,14.1072270610498,4.98709810188123,4.39702583821899,8.74181112674008,-0.861683277606073,-0.107190388169108,1.22132364808199
0.211505057298265,-0.141027299589512,10.4302072375101,14.3379134503411,5.18272107250463,4.33985477105355,8.8402453663327,-0.880245132512991,-0.140160877257411,1.24498967854638
0.213486289053534,-0.142622163556611,10.4223573498084,14.5625298568358,5.38136669505985,4.32262481178454,8.9445126471664,-0.89885554652243,-0.166438035977749,1.26990597724009
0.216021077859025,-0.144652547409694,10.4259219301054,14.7604407123241,5.57622189764902,4.34829814694949,9.04984698081946,-0.916079674475113,-0.185731896951107,1.29522015733414
0.219295648184472,-0.147172681400264,10.4365376884421,14.9241458094695,5.76246480666444,4.40795690043814,9.1565966831531,-0.931717257428429,-0.199462173570099,1.32165792589053
0.22312826598899,-0.150007656253576,10.4513974740896,15.054899167785,5.93815411338716,4.48844732521491,9.26539430413271,-0.9458827986842,-0.209408706075701,1.35014726495375
0.227682335008681,-0.153235908497828,10.4823921988717,15.1679683554271,6.10730630314036,4.57799779434619,9.37614274916174,-0.958808819056989,-0.216507684819155,1.3813437370275
0.232192039362811,-0.156354906801337,10.5170315758349,15.282808406652,6.27730608387179,4.66687262280113,9.48595346721215,-0.970501464506344,-0.221628671432171,1.41486756205556
0.234789878306105,-0.158174552879051,10.5522791515831,15.4054836087462,6.45310605155447,4.74898686416025,9.58802491199096,-0.980329219234654,-0.226744817274534,1.44855434679343
0.237665622946407,-0.160133802499374,10.6186046772981,15.5338002694994,6.63755232241025,4.82278850692902,9.6766704120209,-0.987658525783216,-0.234242558967586,1.47951667960464
0.23815818602309,-0.160484039972624,10.6817427461812,15.66885196337,6.83330123008843,4.8892943207675,9.75106666456781,-0.992645343775202,-0.245266924446197,1.50570093393111
0.242481629183553,-0.163250468470476,10.7422722726917,15.8126184740777,7.04075202759125,4.94990224016784,9.81297447851736,-0.996078282342233,-0.259009224027661,1.52621493827294
0.248826337374145,-0.167309704391585,10.812424859829,15.9641467006045,7.25641894888898,4.99957830157075,9.86343427175292,-0.998802069315835,-0.274032339351459,1.54092741583122
0.255733353309055,-0.171796777429368,10.9050546239547,16.1184482957503,7.47352831495208,5.02367482445588,9.90094159709594,-1.00153450040993,-0.289998425546703,1.54996919953793
0.26216690575341,-0.176123015282112,11.0541210468913,16.2639521913576,7.68385948409574,5.017384037518,9.92265181576374,-1.00410166165458,-0.30637128744375,1.55341723652564
0.262697053242131,-0.176733367891124,11.2000051509472,16.3861318729538,7.88096047435565,5.00133736186121,9.92938791099318,-1.00646674665006,-0.320778815912719,1.55185030675859
0.258573031157079,-0.174387466060124,11.3580130825893,16.4756765595406,8.06182700815835,5.00502475073791,9.92775381977875,-1.00881395490839,-0.330529903029333,1.54712144167627
0.251803461338255,-0.170329565441167,11.527366849468,16.5294137705247,8.22509994217877,5.04549749701121,9.92497333909166,-1.01119623652879,-0.333994701778855,1.54169302935983
0.246273301231791,-0.167020673765558,11.6838022693397,16.5475882308512,8.36948713579931,5.12181546309633,9.92352982431478,-1.01311168656462,-0.330420522208088,1.53736581116334
0.242980299015277,-0.165160901504186,11.8448073068023,16.7622268640749,8.57185913801981,4.97900294936872,9.98935134008553,-1.01127709286716,-0.328223697211605,1.546850713614
0.251066401836758,-0.170272499776984,11.8503859630269,16.033202232689,8.441289910293,5.81582945030714,9.78351154543697,-1.01676151951398,-0.288281162924424,1.51181171940904
0.248285913453218,-0.16885063813289,12.0454494762705,16.8768351043753,8.84613146351437,4.94655791637936,10.0305272649684,-1.00696550116253,-0.30301384831253,1.55999601017308
0.266528335980206,-0.180464979181343,12.0142288663602,16.1351559923861,8.6793267285266,5.68999140236351,9.81330837012711,-1.00958026513469,-0.264002490340336,1.52800545325649
0.276350609127945,-0.186926069176876,12.1069907067729,16.2393629879344,8.80258428073703,5.48972124483548,9.82658535486249,-1.00373688055461,-0.259254489849041,1.53914252899033
0.285926169279138,-0.193180810317772,12.1859232372562,16.1408192037824,8.84023554250677,5.44522923081744,9.76872428235955,-1.00040381404024,-0.252340523357369,1.53805689237587
0.291479806617444,-0.196882906926754,12.2701305552831,16.0223508219294,8.85931778851621,5.37454958401191,9.69433639829625,-0.997690004270911,-0.251379793371087,1.53418136836643
0.291855240351364,-0.197303601999197,12.3510161972422,15.8985734503886,8.86782082655826,5.27742381828234,9.60994086874503,-0.995785139011651,-0.257249217264629,1.52819941701091
0.286696050884534,-0.194203969650733,12.4125918708281,15.7790194071083,8.87368785442427,5.17624579023358,9.52366381044585,-0.99523812641429,-0.268235435317615,1.52108243535025
0.283313233266924,-0.192307379194625,12.4786874084479,15.6739449241346,8.88500832111696,5.08994417895065,9.44397009047952,-0.996175228154144,-0.282278531406217,1.51401380489564
0.277174431852687,-0.188617844515454,12.5248688940981,15.5931518867059,8.90881362229657,5.02579417844143,9.37743502168698,-0.998060073101324,-0.298223115203125,1.50812559297671
0.322469060476802,-0.218200156484668,12.1391916549074,15.5125353433575,9.04857553957363,5.75990861064802,9.45689136733072,-0.991369205856118,-0.275395545393245,1.52389703286121
0.233315776517351,-0.160781965314951,13.2167141267531,15.6563718747563,8.94227782369881,4.05104177958187,9.18481240844929,-1.01661468852917,-0.374407265675188,1.48363841149946
0.2524149441295,-0.172990090659714,12.5071021363685,15.3454483292245,8.99561560898306,5.13802404906149,9.24502310108758,-1.00772964050164,-0.337496120063303,1.49454815081425
0.248357912723173,-0.170442203989428,12.6247810760049,15.5520993642729,9.14360483517905,4.96433454220904,9.2928389977995,-1.01097988109884,-0.359624713254139,1.50584498239327
0.244073272054857,-0.167534916169239,12.6164902674633,15.5671647489539,9.21025374784739,5.013633562409,9.3064143363725,-1.01132966062782,-0.367980485397161,1.51325446091422
0.241032734229394,-0.165338476789416,12.6455726415825,15.6377135715697,9.29129262749818,5.00288181517275,9.3280483170145,-1.01120899907185,-0.375225933932584,1.5226458271833
0.237867399334642,-0.162980014004701,12.6670835045957,15.6998561573459,9.36329961910613,5.01082533028965,9.34658719314314,-1.00998390886921,-0.378020184249908,1.5318151730124
0.233786989782288,-0.160038352152481,12.6935366431179,15.7585612825488,9.4300848233863,5.03043961721709,9.36293210600302,-1.00779082460805,-0.377938180584015,1.54005248194158
0.228248842704258,-0.156252348772546,12.7258512596484,15.8090155573852,9.4941786224711,5.08094443700896,9.38136470613269,-1.00508119375895,-0.374714490605749,1.54736789430627
0.218169740268589,-0.149668634650224,12.7502414578671,15.8574802153661,9.56315445373242,5.1767590856357,9.40876784292862,-1.00287569330087,-0.36758077314382,1.5547135802672
0.206461246006253,-0.142178869211013,12.7786426526328,15.9057038449242,9.63911525585494,5.3158122154745,9.44468293623514,-1.00171319184847,-0.357097243683028,1.56216897713616
0.194432200199966,-0.134584312719923,12.8072755347732,15.9482737052359,9.71672018887645,5.47962425588825,9.48239643026153,-1.00169231694609,-0.345447800481455,1.56881127667852
0.183652653911947,-0.12782458180407,12.8311134336512,15.9813668048013,9.79037674207094,5.64976223799444,9.51729217655929,-1.00291253256089,-0.334608976789562,1.57412985147761
0.175038687356074,-0.122412855163588,12.850498294873,16.0073139398728,9.85859864472514,5.81493652570218,9.54941617396333,-1.00574948492741,-0.325611746283231,1.57848823099185
0.168653097145001,-0.118339013666568,12.8717754218078,16.0335218393382,9.92339097740768,5.96756489460332,9.58226052480118,-1.01083130737591,-0.319373325911331,1.58282966996602
0.164259986342346,-0.115449964569161,12.9032970454673,16.0728474970797,9.99058459895971,6.10426567467411,9.62239622971815,-1.01905108421774,-0.316631100208055,1.58850165698809
0.161751757610072,-0.113717676299291,12.9516545962144,16.141980135685,10.0695702556738,6.22832367053067,9.67784585191094,-1.0313372028753,-0.317280922950143,1.59701018525955
0.16121739187751,-0.113249725137907,13.0189095919974,16.2559607592716,10.1701786816883,6.34710289781402,9.75632232419361,-1.04846267895155,-0.320938435219443,1.60987339338073
0.16274168768747,-0.114134556887539,13.1040715315238,16.4244568447757,10.2998358256373,6.46699945921128,9.86414458459984,-1.07091629084492,-0.327724771670802,1.62851170863059
0.166156766330959,-0.116282665039581,13.2070362495868,16.6501933323363,10.4620564785553,6.59162555103666,10.0045774761751,-1.09857031994514,-0.337795488576911,1.65380517596184
0.171037883169919,-0.119432038321248,13.3273350663366,16.9256641439227,10.6544109765617,6.72377919156059,10.1757365668513,-1.13031164114789,-0.350237082808152,1.6855145343029
0.176649590359504,-0.123112876809638,13.4596555509801,17.2285183845218,10.865058882316,6.86007844056753,10.365669522443,-1.16343570305,-0.363264117400342,1.72150729604521
0.181851931765627,-0.126585044427661,13.5931606099474,17.517104729126,11.0690469312621,6.97878612611946,10.5452827235189,-1.1925294433455,-0.375516424719172,1.7567526728404
0.185563509623124,-0.12913576819324,13.7125370753463,17.7257552708491,11.2263197282321,7.03990058280771,10.665933691908,-1.20877395085134,-0.38602249378053,1.78286250157239
0.187216535001756,-0.130370813139555,13.7981858547679,17.7749277638635,11.2892565299045,7.00420635193105,10.6722868834356,-1.2023001285664,-0.393148485793656,1.78999575096785
0.186806630051807,-0.130253965223411,13.8366596640935,17.6144279896165,11.2278824398842,6.85848290341992,10.534029983225,-1.16848184993087,-0.394978128362636,1.77198615547418
0.184144424046858,-0.128633197061005,13.820474054795,17.262218322304,11.052230084987,6.62681863409454,10.269119472071,-1.11209701515865,-0.390764039293971,1.73037387960379
0.179075538912747,-0.125390310091328,13.7446326563598,16.7883722508297,10.8038761567941,6.35737481563805,9.93019002015704,-1.0438672798174,-0.381509816739868,1.672757495386
0.175918481109865,-0.123330403616693,13.6359528697025,16.2694384937814,10.5284482680349,6.09355489531565,9.57120748820073,-0.974117347823704,-0.369765815873818,1.6079843767231
0.178934085246426,-0.125243166100025,13.5311075573372,15.7632856145434,10.2587088195524,5.8567126882016,9.22876182024908,-0.910174904976213,-0.358530528542645,1.54323451282494
0.183152790624379,-0.127938258018431,13.4290971667988,15.3071613739615,10.0144658533141,5.65538056065691,8.92447080314014,-0.856880334626585,-0.349272602775784,1.48383095580999
0.188129384744814,-0.131139912223117,13.3280652245634,14.9199886063417,9.80579007120882,5.49271054529856,8.66957513308068,-0.816839795657116,-0.342121544121859,1.43320555522155
0.193298871077062,-0.134474936846907,13.234918877158,14.6066733221865,9.63488235036782,5.35989284571454,8.46476986811545,-0.790292342770764,-0.33796002471129,1.39256050504437
0.196949179890744,-0.136835185399421,13.1680257408374,14.3674536739557,9.5017752176646,5.2430693911089,8.30583658802896,-0.775996304599684,-0.338199669953036,1.36192014334111
0.200662988148889,-0.139255283416293,13.1347190309348,14.2030311652197,9.4089078412195,5.14052512083089,8.19195294060357,-0.772509820765319,-0.342846135702062,1.34169876706579
0.204108252548341,-0.141525763777724,13.1249231529825,14.1132005447563,9.35979373567463,5.06189447965437,8.12607027757673,-0.778545335711862,-0.350513024473528,1.33300144714481
0.206674587360414,-0.143250949276298,13.1369606371426,14.0977243941264,9.35708370866511,5.01103066169249,8.11032196262676,-0.792634450566429,-0.360404432279796,1.3369933857233
0.207551221866503,-0.143900345972947,13.1767313019302,14.1581870714904,9.40289849438277,4.98122377175475,8.14525474027671,-0.813175063896839,-0.373059227929709,1.35441786921197
0.206239775606736,-0.143143330979574,13.2470415547893,14.2969510115911,9.49982373444474,4.96809329252803,8.23317271920049,-0.838985444297248,-0.38907664513491,1.38558683798145
0.210682493740156,-0.14611137475126,13.3459896798698,14.5175982548658,9.65152206300556,4.97298708238651,8.378306478303,-0.869482339253687,-0.4085756623182,1.4304123027207
0.215297793780145,-0.149199122202161,13.477509335848,14.8247313077559,9.86172230406574,4.99654791593218,8.58329625271574,-0.904292913185283,-0.43154756179575,1.48818170180291
0.220238342555801,-0.152506470418174,13.6406143050097,15.2189072305067,10.1316325498581,5.04011823058409,8.84711552739236,-0.942866702777659,-0.457603741745563,1.55724006675838
0.226103601397397,-0.156410526930348,13.8348750759957,15.6939606620623,10.4579308049683,5.10569216012981,9.16394931721348,-0.984596737199933,-0.486007003947786,1.63483722879704
0.233367934697442,-0.161209745443746,14.0591190103584,16.2343456178355,10.8290647757644,5.19149575887783,9.51962839371425,-1.02916609516879,-0.515634190822529,1.71653362860812
0.241872278693157,-0.166811970997624,14.303282929374,16.8004003248604,11.2156364171994,5.29064916514797,9.88355713770923,-1.07579316972367,-0.544225977013845,1.79416532309258
0.250303918389497,-0.172389326248115,14.5427925327517,17.3163862488595,11.5645216919227,5.38940727971513,10.2041230618771,-1.12175045137467,-0.568479450219185,1.85489550877454
0.256514717504656,-0.1765697840365,14.7490541523134,17.6899509993381,11.8136101858623,5.46902336138908,10.4223114557504,-1.16188940194162,-0.584703582254251,1.88554614989197
0.25892856437338,-0.178337422455768,14.9069684255138,17.8521577564021,11.9200392754526,5.5131305702376,10.4968501737806,-1.1888626812996,-0.58900311098247,1.87957988860424
0.257300473278281,-0.177510852061552,15.0111077641191,17.7821892320633,11.8774743225629,5.51799864840607,10.4210699594077,-1.19484480246593,-0.577811375213011,1.84036018198833
0.252092873229826,-0.174348555428622,15.0513386064211,17.5117600692169,11.7157993219751,5.50157591082239,10.2266445094858,-1.17666222751794,-0.549802537024238,1.779896236803
0.244000114783863,-0.169275012396487,15.0314836405454,17.1155950765796,11.487770504629,5.49363096893977,9.97178103610586,-1.13995531368798,-0.508326250275757,1.71422037303693
0.235482508835188,-0.163865593367807,14.9745015635412,16.6824227951901,11.246716234787,5.51302586127888,9.7153209895981,-1.09661235299392,-0.460806532116343,1.65649290510579
0.229889632155941,-0.160262361438762,14.9034404791853,16.2840500623063,11.0299457123587,5.56124273035486,9.49720876157738,-1.05869077640987,-0.414789156862129,1.61294574100484
0.228804396460935,-0.159477129544418,14.8289007200582,15.9655166660062,10.8574299760249,5.63092494557496,9.33706901115044,-1.03464647747452,-0.375311977203518,1.5841356252441
0.231150778977967,-0.160839565129932,14.7517598224854,15.7467801042308,10.7366676529707,5.71469603528828,9.24033049878567,-1.02802089766222,-0.344691026980651,1.56777423658843
0.234119868813137,-0.162590196967131,14.6651155573673,15.6214529823378,10.6641834691545,5.81014713389179,9.2013654295837,-1.03698075544813,-0.322450634848772,1.5602518496682
0.235659156146188,-0.163461003773792,14.5659918239727,15.5601361449259,10.6262561170131,5.91487424371797,9.20404912996722,-1.05511353723481,-0.305901096087963,1.55758107284722
0.234762596796244,-0.162824947847613,14.4628499837929,15.5282693532855,10.6057046875247,6.01728590399452,9.22684387692196,-1.07455888387117,-0.292346472988774,1.55704194548791
0.232556417207999,-0.161397198161436,14.3670101587055,15.5052669537485,10.5907681322428,6.09802196361632,9.25213724287749,-1.09003866330011,-0.281310954606164,1.55805840084246
0.230901264967259,-0.160372143813549,14.2944149538195,15.4854365289439,10.576669147927,6.14073220731963,9.27063868272611,-1.10005633865389,-0.274492571509491,1.56072665095537
0.230163057450433,-0.159978918304457,14.2491210146303,15.4680206931935,10.5625823418588,6.14087748588466,9.27981908312791,-1.10498991129625,-0.273647297222509,1.56449838671978
0.229435370364152,-0.159608618501824,14.2242516293624,15.4532491559177,10.5500460871188,6.1050835808682,9.28112401459494,-1.10550367895097,-0.279067859213704,1.56877713554291
0.228427547920993,-0.15904846378214,14.2211170460455,15.4418973712565,10.5402696931187,6.042549572804,9.27606971093134,-1.10241727867589,-0.289631585610199,1.57321568744797
0.22764647702902,-0.15860180287869,14.2314776894297,15.4331401169519,10.5312249413893,5.95966623867253,9.26368824890857,-1.09681985758181,-0.303227878792734,1.57709982701652
0.229780129508813,-0.160014562353835,14.263279946491,15.4249060004029,10.5196617229633,5.8639545954078,9.24316485866144,-1.08998960486403,-0.317242436992581,1.57954884246146
0.232338609593023,-0.161672029538151,14.2956633212995,15.4168613520476,10.5055751359563,5.7688117036439,9.2176278393551,-1.08317847736524,-0.32947691831616,1.58033668201228
0.233918297084627,-0.162668482104097,14.3190036032206,15.4122461498486,10.4929666750651,5.68863354231594,9.19322518423342,-1.07737589363499,-0.338879810065347,1.58005361384013
0.23473771780637,-0.16315480439592,14.3391607516979,15.4162697235522,10.4865067808946,5.62977517120259,9.17476127001366,-1.07312820965468,-0.345507672588063,1.57951062697683
0.235585445797829,-0.163655604750632,14.3662534693968,15.4311405281103,10.4877160500356,5.59009140555722,9.16316541448803,-1.07046030594319,-0.349884347148452,1.57908350787475
0.237031250203634,-0.164554883775303,14.4055382269846,15.4528273367186,10.4937931002655,5.56531262265021,9.15651268937948,-1.06903524897063,-0.352392544875828,1.57859183218684
0.239042414614764,-0.165846376207671,14.4552802197081,15.4740393625375,10.4999673021981,5.55207422104266,9.15211499647387,-1.06844621869453,-0.353303756774244,1.57769489432192
0.241232526634399,-0.167293400775968,14.5099781718851,15.4902125159674,10.503142879018,5.54613851867623,9.14761842366981,-1.06836895134202,-0.353235894912186,1.57630837923479
0.243182217482593,-0.168632642699734,14.5654154483462,15.5024930782436,10.5038374027755,5.54249009586903,9.14190437333223,-1.06857820946672,-0.353085738891073,1.57473941201561
0.24454938442453,-0.169638256440952,14.6214802586507,15.5155696137457,10.5052652598411,5.53910250114744,9.13600919560636,-1.06892871964178,-0.353354500629334,1.5734890938348
0.245386017141868,-0.170318568487794,14.6793201713993,15.5328485392076,10.5103846425939,5.53757621516719,9.13209627100484,-1.0692777322571,-0.35399517800015,1.57284538562889
0.246464293169649,-0.171138176141292,14.7365271462652,15.5537108965236,10.5197044657897,5.53988369276415,9.13143306540327,-1.06945931831148,-0.354877905302433,1.57272691624326
0.24755347727904,-0.171923404238568,14.7841869549829,15.5745758936385,10.5314594699276,5.54682901219819,9.13385729051637,-1.06942118814203,-0.355951463616355,1.57294152429788
0.248827241457497,-0.172779142589903,14.8158400816642,15.5909030621501,10.5425580481499,5.5581972565882,9.13806611203053,-1.06931014138163,-0.357129323907018,1.57338391795613
0.250325373594736,-0.17373317808264,14.8292398290438,15.5986232966177,10.5496453162663,5.57274951335803,9.14212291940615,-1.06931211321577,-0.358307399487647,1.57393569180913
0.251935543413746,-0.174724505175273,14.8255897033882,15.5959430730658,10.5507053576795,5.58797005637118,9.1443311879102,-1.06943984487757,-0.359475770066527,1.57439361416832
0.253306825819571,-0.175542391057922,14.8079089511947,15.5841991994313,10.5459361391161,5.60067550533647,9.14387574536429,-1.06953687622373,-0.360733220533548,1.57461162983289
0.253907213993294,-0.175852898611679,14.7785368758778,15.5666107686367,10.5373151830553,5.6097494134684,9.14144878834347,-1.06948282676867,-0.362084636348977,1.57464386393756
0.253283378852209,-0.175363365919496,14.7370103153581,15.5462225589885,10.5271590893952,5.61663534529029,9.13878932778115,-1.0692580891625,-0.363325553588703,1.57465691323449
0.251249892812241,-0.1739516128304,14.6814307477469,15.5245837603979,10.5162503984918,5.62156152357969,9.13661704587886,-1.06878231522077,-0.364202050424709,1.5746864656215
0.247908198740519,-0.171689297220896,14.6121963402983,15.5027580572207,10.5039482659801,5.62232063971447,9.13433012457703,-1.06792173307792,-0.36454306619731,1.57461542441214
0.243575380792855,-0.16879591983102,14.5335481732864,15.4835095816436,10.4906335123577,5.61778678715984,9.13223584787096,-1.06673139508173,-0.364255705048107,1.57450351331394
0.239356292906697,-0.165993888479609,14.4535764604138,15.4710601139265,10.4788153297308,5.60994981958467,9.13238824253625,-1.06551134851098,-0.363387402408098,1.5747119046934
0.234796434355426,-0.162979392297954,14.377766999174,15.4689598999529,10.4715122908696,5.60087645130574,9.13653528978797,-1.06452151409192,-0.362285711939291,1.57551625561044
0.230443595929155,-0.160098571698444,14.3138230010203,15.4785057170259,10.4702970650111,5.59019934369741,9.14441520578143,-1.06375861582228,-0.361412946801656,1.57680941540918
0.226474436210178,-0.15746097529072,14.2644579823861,15.4968738967456,10.4740011113185,5.57804392499219,9.15414277425664,-1.06303577592305,-0.360812738829062,1.57820402795962
0.222659155688229,-0.154910487609183,14.2251964197408,15.5169747429068,10.4789835090579,5.56663907437586,9.16332469341346,-1.06224017486188,-0.360146571579778,1.57924574465543
0.218746978781163,-0.152278824311647,14.1885605244116,15.5316587219684,10.4819792132291,5.55845518063749,9.17016255443599,-1.06129458072515,-0.359225341769578,1.57966150979498
0.214608712563676,-0.149488693500483,14.1485157834258,15.537578353535,10.4827717331559,5.55656332853917,9.17492619569852,-1.06014425504963,-0.358176177872864,1.57948919443537
0.210203935566923,-0.146528860090382,14.103552512961,15.5355207163492,10.4836782810185,5.56335983533118,9.17898171447024,-1.05876062314485,-0.357356694484164,1.57894069350429
0.205669152313737,-0.143495802354765,14.0573785219113,15.5289605962744,10.4873767574144,5.57767227893854,9.18262811040937,-1.05712284423658,-0.357094722455262,1.57814887374677
0.201240653531892,-0.140539574695948,14.0163708574243,15.5218938123745,10.4954082337066,5.5963527973175,9.18509584079838,-1.05520527174477,-0.357302733383575,1.57703730832484
0.197064821796121,-0.13775351318612,13.987198546897,15.51694538049,10.5076153510617,5.61598062388435,9.18547886548238,-1.05296530785837,-0.357649102575416,1.57538763175605
0.193139388543275,-0.135139657293838,13.9735061668535,15.514406475223,10.5220735892734,5.63294023024501,9.18287689658384,-1.05032166609404,-0.357892580521372,1.57297485576607
0.189421859545569,-0.132674505966609,13.9739582269365,15.5136758123547,10.5366359989306,5.64484276487953,9.1772695010825,-1.04725926411705,-0.357813735245057,1.56972563620426
0.185986804474247,-0.130403072480189,13.9858104434771,15.5167593500535,10.5516056974357,5.6509718302943,9.17011625275989,-1.04393188707375,-0.357272791939489,1.56584990549474
0.182983392683631,-0.128409375352768,14.007659437438,15.529047915116,10.5701551366328,5.65110146900646,9.16409868552325,-1.04064380765461,-0.356344911775957,1.56187270075673
0.1805159882839,-0.126753880713543,14.0384322078375,15.55625821449,10.5958517876902,5.64457638742377,9.16223276778969,-1.03777000926896,-0.355166533351319,1.55857129844353
0.17849022145536,-0.12538524034418,14.0759746378692,15.601861712603,10.63112292446,5.63212294462914,9.16788460902288,-1.03574049231957,-0.353741704611151,1.55694808904604
0.177225343828214,-0.124523386460281,14.1178354006048,15.6677606458447,10.678334110398,5.61838956125628,9.18605568255638,-1.03505186499843,-0.352114503042047,1.55829981060554
0.177074583276264,-0.1243970037826,14.1610544171471,15.7566211936922,10.7410067407113,5.60987773935938,9.22381660980063,-1.03628765427981,-0.350830823687931,1.56431140152214
0.175733610593504,-0.123502546418783,14.1980133757232,15.872124140416,10.8231264730909,5.6120437246117,9.28916383344297,-1.04022453144283,-0.350876840665845,1.57697961470437
0.173633953223076,-0.122109762017516,14.2233639159859,16.0175272239367,10.9279440558022,5.63102487769539,9.38988815829587,-1.04791525658392,-0.353054483534855,1.59829949612013
0.1702330613581,-0.119867082434349,14.2342522707876,16.1961095396803,11.0586813163077,5.67620766095883,9.53365860819359,-1.06068061222785,-0.357663101235913,1.62980342346601
0.165052331647347,-0.116476977076747,14.2383815110752,16.4119840201403,11.2191307929178,5.7569733418731,9.72659326845508,-1.07967297402651,-0.364822052973736,1.67212447141997
0.157769631759584,-0.11174030706061,14.244000443812,16.667532296759,11.4112111936246,5.87520582834082,9.96949568787657,-1.1051870895236,-0.374717535165874,1.72452774411287
0.150040927495044,-0.106725666456416,14.2577729510879,16.9572292171749,11.6306106327185,6.0237048668124,10.2542453641001,-1.13608858328384,-0.387050889265966,1.78440649562218
0.143705336876036,-0.102617428252136,14.2858035104445,17.2618471531179,11.8634545857966,6.1904124049451,10.5622004247279,-1.16972441041625,-0.400207242457918,1.8469615389334
0.136401962238241,-0.0978842138785081,14.3268527501267,17.5510972533582,12.0877638248316,6.35904560938884,10.8661694303501,-1.20256696637426,-0.411801648028077,1.90588565652021
0.137439944764923,-0.0985796239879903,14.4285480459233,17.7957973638471,12.2811305225221,6.51025239161056,11.1382211724771,-1.23161020818233,-0.420056497609065,1.95537116914224
0.141770923524195,-0.101410003415932,14.5618128158634,17.9790731526042,12.4289333380201,6.62816057336714,11.3590653533875,-1.25552883736453,-0.424258117856351,1.99210165681423
0.154412080856197,-0.109616688992369,14.7119156798338,18.0981124892655,12.5262585563465,6.70317099880034,11.5207446293797,-1.27451869252755,-0.424699106293459,2.0155479318607
0.169108463545647,-0.119166611300019,14.8779127579454,18.1562949189642,12.5729507580618,6.72958993493975,11.6220298813745,-1.28926891775438,-0.422608951516355,2.02655719627849
0.184183261719348,-0.128982125949916,15.0395107091984,18.1547145255589,12.5684943087979,6.70657545105681,11.6640516428992,-1.30034369732248,-0.419629515090368,2.0259993644076
0.195968804740432,-0.136706571680656,15.1752325390034,18.092983828203,12.5131763430778,6.64248940577945,11.6508468252512,-1.30805796067952,-0.416765324588625,2.01462584941486
0.200959687367785,-0.140089073721909,15.2684235204831,17.9738573272572,12.4114352881068,6.55452252924924,11.590482623426,-1.31201357647395,-0.41352496498364,1.99324621827793
0.19741896854895,-0.138001220339005,15.3043063146335,17.8018030226968,12.270252596685,6.46088738586831,11.4925880991069,-1.31080036275199,-0.408529044357163,1.96256461184084
0.186469181239513,-0.131163907391746,15.2877817408745,17.5801424865204,12.0957168593254,6.37412050818458,11.3657093867985,-1.30289438967707,-0.400893323012758,1.92334560630613
0.169822941608754,-0.120669834238338,15.227861511235,17.3143021881576,11.8931773172252,6.29466912742516,11.2159115548985,-1.28760561021486,-0.391064222142026,1.87691846796118
0.150523899926805,-0.108451817328803,15.1533295938665,17.0142003521221,11.6681683849933,6.20514686072594,11.0449839131989,-1.26458661166557,-0.380772042478905,1.82524638790026
0.132906464308353,-0.0972273518291496,15.054316580632,16.6879003788907,11.4248039742637,6.0835825139187,10.8520140656462,-1.23354465839469,-0.371473726410661,1.77047252388157
0.122365398274318,-0.090428112895727,14.9389974566857,16.335798913856,11.1638806326658,5.9216206309812,10.6375229726271,-1.1947999627431,-0.363409883499773,1.71437023074745
0.138671673160452,-0.100071465411474,14.2822368024619,15.288172052797,10.5554054162269,6.45118347464044,10.3270369004971,-1.15194560074547,-0.301840940207804,1.64775786466459
0.137947078513206,-0.100795824944043,15.3894309494187,16.1709498425912,10.9013897773929,4.82077211327318,10.2253230755885,-1.10072608679,-0.396368768316007,1.60884152926145
0.13959413337601,-0.100528900387838,14.480918805418,15.1567408320186,10.3011549311025,5.23325604551241,9.91487464517333,-1.05183081351119,-0.340982406135172,1.55035766335966
0.155158779538603,-0.110011340650686,14.2903791359681,14.7143040883117,9.98426193293578,5.03266012590133,9.66959192662049,-0.999786106112182,-0.331577917408831,1.50384529720609
0.171438960568785,-0.120070094463989,14.1536956819479,14.3180232309909,9.68766520233233,4.81013152152587,9.44226825128079,-0.950544740941128,-0.323634101709497,1.46455004268655
0.182541322173335,-0.126925081959581,14.0304420259577,13.9539064354342,9.40440365609952,4.59513804691931,9.23251131011965,-0.905539615781328,-0.31511322087123,1.4313437454564
0.185849688379498,-0.128868991384851,13.9057713279782,13.6213312697087,9.13355450754742,4.38812046131982,9.03965612427679,-0.865626555082986,-0.306756601315518,1.4026019477178
0.182063567172596,-0.12631386414547,13.7670441578981,13.3168533211228,8.87204296252808,4.18510376285941,8.86143129197259,-0.831616017927744,-0.299870371203014,1.37630867551346
0.17433024433698,-0.121252333711814,13.609997893943,13.0366717275042,8.6163679657219,3.98543796033767,8.69712372247244,-0.804472448866123,-0.294840743860878,1.35099319406087
0.164488968325467,-0.114831053801956,13.4282560688248,12.778571434506,8.36592174085816,3.80176585275531,8.55052155021201,-0.784886993373234,-0.290386799603965,1.32635244474558
0.151751889701326,-0.106499632821081,13.2113181476052,12.5452513659511,8.12603746981404,3.66012505638815,8.43015830549857,-0.772966705475667,-0.284515991764664,1.30339257685939
0.140455502743079,-0.09904706657104,12.9869079623264,12.3418265339206,7.90345979365701,3.57983232480913,8.34225133558414,-0.76795914627293,-0.276305238501963,1.28332549805234
0.132219694379417,-0.0935081130648001,12.7740346407119,12.1710173014508,7.69996218531423,3.55501397146321,8.28363365443818,-0.768424767099517,-0.266594911629476,1.26624395850826
0.122944587274118,-0.087215303157921,12.5455125682132,12.035691792827,7.51525288982,3.56661701182381,8.24668501241585,-0.773134853187864,-0.256571665199441,1.25154931432693
0.107825134175722,-0.0771909909740097,12.4236603261766,12.1795647553115,7.45294952970054,3.29855798809389,8.30283253262988,-0.779039015687661,-0.257961894251309,1.25147133981641
0.103753321844773,-0.0738869988754687,11.8635871857282,11.4460467933726,7.02909995053797,4.25225426744197,8.08368002337281,-0.795384042835201,-0.21319032117686,1.20570365683603
0.0861782278147644,-0.0625262105885557,12.0813177994188,12.3747324963022,7.30510424715172,3.14571785903248,8.40802735707925,-0.801086105865391,-0.243234126445648,1.24792009983267
0.0913844157975817,-0.0652071881027786,11.5565599263939,11.7341015687074,6.94021482164253,4.11506716894572,8.20724389774242,-0.821892515477702,-0.192827296042586,1.20558655360072
0.0862049599582678,-0.0615485950365301,11.4809310806698,12.0527476487184,6.96805727115719,3.87597852895761,8.33590384500164,-0.835179666183232,-0.184965034477376,1.21603758231021
0.0836637966743683,-0.0594838736802557,11.2896276675461,12.1498125849856,6.91235806703956,3.9443428626289,8.39541000502677,-0.850271902458937,-0.164335502119165,1.2162947372712
0.081642352177935,-0.0577494031587943,11.1437801637054,12.2618043590556,6.86812732847631,4.01272364985232,8.46771047326984,-0.863913949539455,-0.144444037827718,1.21906726169567
0.0759841044011126,-0.0536373593700571,11.0405832918481,12.3839587289208,6.83289514131475,4.08885625753418,8.5513560550418,-0.875717766032464,-0.12575888890724,1.22434355807897
0.0634499937594029,-0.0450717972478248,10.9959230980605,12.5144854134941,6.80413875180806,4.16324878378922,8.64563013607918,-0.885637929160917,-0.10996285079201,1.23259675831914
0.0484371690185127,-0.0349175096907646,10.9631169547202,12.6524981252712,6.77942458408762,4.22262854015424,8.74994145862131,-0.89369121062186,-0.0988568885359858,1.24438244384652
0.0304008549124009,-0.0228639163861775,10.946141028705,12.7984841487724,6.75713128260308,4.26393797447769,8.86197565990179,-0.900159974442958,-0.0918678149604432,1.25950120835062
0.00471332417469555,-0.00594112551313852,10.9110527918669,12.9476570860866,6.73430406108166,4.29972793127426,8.97452415877096,-0.904643347422613,-0.0851675263421845,1.27649595892492
-0.0178687670625828,0.00884642652808718,10.877079633971,13.0890856889169,6.7061157728381,4.34105071915462,9.07653496384072,-0.906036348889921,-0.0751126191067821,1.29320744846095
-0.0337512245755323,0.019132686731949,10.8555622559848,13.2149611366939,6.66981693270471,4.38000495329666,9.16005306180682,-0.90340742388913,-0.0622543925089679,1.30787983516764
-0.0413201507105345,0.0238439103507435,10.8560862665805,13.3196354612484,6.62513060343738,4.40478036840502,9.22242657670787,-0.896025106182631,-0.049368637493696,1.31926892495062
-0.0428535612694634,0.0244499761328964,10.8586666071874,13.3927788305927,6.57077543390724,4.418366962047,9.26098238999163,-0.882865965339669,-0.0373824547839653,1.32595972475212
-0.0382242805570257,0.0208872180553086,10.8649211103801,13.4238474528159,6.50375497704708,4.4292348456538,9.27077734876164,-0.86328318569308,-0.0257273271724541,1.32641527439663
-0.0266952671991255,0.0127821383859334,10.8786535037829,13.4070390972791,6.41989568268486,4.44175687159981,9.24711821218785,-0.837786181877148,-0.0135395794079937,1.31954228735879
-0.0119213085827255,0.0027690804629701,10.8998922371752,13.3429350557331,6.31577394015672,4.46631430512224,9.18746415745204,-0.807928493418445,0.00236415440393319,1.30498315351443
-0.000755206556910554,-0.00435746200550141,10.8680125480377,13.2443173449026,6.19289664509718,4.52332484951131,9.09288920281024,-0.775867261058618,0.0283307481498989,1.28352213888149
0.00584663752576242,-0.00784229253008001,10.8288405805285,13.1346138272919,6.05744494287432,4.62240990213563,8.96874260487284,-0.74387027448982,0.069176362520116,1.25720054747605
0.00591921073255802,-0.00661829884499567,10.7560300539868,13.0329310988964,5.91461413700082,4.74189623798199,8.82339560033925,-0.713818366287564,0.122460771914725,1.22842853747982
0.00341603246887204,-0.00363794064337668,10.6548947695721,12.9418719086596,5.76542733297979,4.84144082528327,8.66653394032888,-0.686929294268587,0.179425061515699,1.19908073505151
-0.00434280467603013,0.00254310334847987,10.5222085438862,12.8528078684168,5.60968572057533,4.89683497261253,8.50788285087974,-0.663982214135364,0.232130238410345,1.17060797929334
-0.0163759367034062,0.0111797235435088,10.3999304727807,12.7603112501839,5.44971337466893,4.91084445110631,8.35593545731705,-0.645741345083946,0.277405648083259,1.14430580617259
-0.0275787861805713,0.0189578553070527,10.2634679220666,12.6644709173015,5.28908975760882,4.89150030317289,8.21516704743181,-0.63259794895958,0.313897787681127,1.12063468739803
-0.0373656117998188,0.0254804912147245,10.1349901407397,12.565908677384,5.13111525035161,4.84464120861008,8.08572663035691,-0.624125406194007,0.340522661638534,1.09925073440839
-0.0468957496362577,0.0314628801694643,9.99215734790194,12.4711392393882,4.9813053593701,4.78851560466251,7.96949275158345,-0.619744938642613,0.359177885675782,1.08083192083383
-0.0487198329282727,0.0320302192628694,9.85422235850327,12.3938325650408,4.84643250444032,4.74983537432516,7.87293517811825,-0.619291773856011,0.374353970221077,1.06743151004492
-0.0456469069037031,0.0290365183244514,9.71823357816854,12.3431412458696,4.72910906586264,4.74188650534307,7.80283285791562,-0.622706892828593,0.388863488799277,1.0605032947802
-0.0389503491513398,0.0235718805849036,9.59623708057869,12.32079960368,4.62696126397518,4.76076661666124,7.76249410296495,-0.629851610275542,0.403281146310437,1.05977371640056
-0.0339394182808953,0.0194554148928257,9.46930674602379,12.3268921297096,4.53637389970071,4.80414425696045,7.748491600929,-0.640347915377546,0.420081650955676,1.0632075500416
-0.032580323666853,0.0181542265859738,9.35818616008337,12.3609372580071,4.45472128122024,4.87542132613261,7.75029258603773,-0.653371769834233,0.443633043321906,1.06755241713511
-0.0339392102844961,0.0190128313465413,9.26259013589855,12.4235953094751,4.38027781441627,4.96512696769831,7.7575582835709,-0.668110667120399,0.474812672707836,1.0701186511003
-0.0363513965966021,0.02081603523721,9.17418710661246,12.516411585667,4.31198577899068,5.05261451713876,7.76748804081977,-0.684226073771488,0.509918867215369,1.07027309944954
-0.0395289715836391,0.0232492896417508,9.10787564115171,12.6332861921847,4.24952815590914,5.12764144861389,7.78369658908356,-0.701229606425219,0.544412304555686,1.06915649433494
-0.0436980289758049,0.0263618739129466,9.0803708639637,12.759063460863,4.19305533906771,5.18996577911463,7.8105648554415,-0.717874304128061,0.574306569746692,1.06860491871732
-0.0490513436589805,0.0302219817283798,9.07972682303526,12.8830929631494,4.14327009242802,5.23524787581929,7.85242835690351,-0.732907012774026,0.595790718567267,1.07073877041039
-0.054183138240628,0.0339033537206256,9.09705099511278,13.0070415520378,4.10145845905681,5.25453187471206,7.9149697285298,-0.745779782550001,0.606167937160196,1.07772132027395
-0.0638842963211274,0.0406485804632358,9.06068305971822,12.9899094169973,4.10196384225397,5.39389388228483,7.85459494406275,-0.766173622871323,0.604188025303615,1.06915245926658
-0.0546591846514177,0.0347612564686624,9.21557867835283,13.3999008868769,4.001990473066,5.04221680749084,8.25201884620221,-0.756708014232981,0.596001252232659,1.12893383874472
-0.0576285053313027,0.0371515356962488,9.20569542586822,13.3860761345593,4.01082258024006,5.1247419742474,8.2302749383964,-0.772618345981326,0.580889254088151,1.12775277659117
-0.0545136585839306,0.0355262929446921,9.23895597187242,13.4600017525733,3.98523944210897,5.07441727033966,8.33552467290569,-0.778433576316755,0.567844425917044,1.14384487869334
-0.0533728337472891,0.0352807952589323,9.25518154613158,13.5156439037689,3.95152556165308,5.02575409295178,8.44359672838548,-0.783329674727066,0.560386805441859,1.15806983108311
-0.0548055458539978,0.0367916677230993,9.25585577842184,13.5471093692926,3.91215258679457,5.001377044457,8.54574058854871,-0.787847431862595,0.561308549588325,1.17004112226552
-0.0577029516408315,0.0391128158305429,9.24842246763791,13.558456273691,3.8680199505551,5.00302607588542,8.64138644562962,-0.791397504380515,0.56958563111097,1.18098116776257
-0.0587400022393658,0.0398089560991917,9.24193859705988,13.5496281626224,3.81869485818406,5.01519087433656,8.72823655233593,-0.792819738748975,0.580476101931108,1.19179631959956
-0.0587858038239992,0.0394533107780422,9.22461540475227,13.5224884363112,3.76297010470338,5.01415275012041,8.80285975161122,-0.791521838245563,0.588844380243516,1.203046426849
-0.0573752354693802,0.0380479305367096,9.19862893739245,13.4847621573849,3.70071609824623,4.98259494106897,8.86420306671096,-0.788053186725359,0.592032874647125,1.21518923144726
-0.0589641851935684,0.0387223926399886,9.15254159660045,13.4431619015708,3.63388329720224,4.91703751580432,8.91419260335437,-0.783645247545467,0.589808503627159,1.22818196973817
-0.0609493843445516,0.0398388975135464,9.08607627040298,13.3985511638423,3.56695432162461,4.8280743641516,8.95735933064697,-0.779562725624491,0.583313105173431,1.24146648851173
-0.0566848927695422,0.0370419759661357,9.04159255004441,13.348467038572,3.50636496150806,4.73692857639444,8.99941673182575,-0.776799604826824,0.574788596640804,1.25444767932026
-0.0465786982141499,0.0305120708326366,9.0180080544728,13.2904205399765,3.45757082662068,4.66570006148785,9.04407688619081,-0.776143922182074,0.566943691495642,1.26662525590046
-0.0325962929417093,0.0214442746094078,9.01924310095452,13.2258554742593,3.42250398398133,4.62577916131212,9.09258825573921,-0.778111886892708,0.561549694913399,1.27772864732084
-0.0212879982254231,0.0140391923784396,9.01138280780617,13.1631042842731,3.3992614146951,4.61192948184217,9.14624818663385,-0.782624344887924,0.558335419704718,1.28806018885167
-0.00705236575064389,0.00468434285563728,9.02429056175669,13.1108940373208,3.38277120899204,4.60651858134881,9.20641356843988,-0.789116292837958,0.5551956207003,1.29815869669362
0.00128651077628679,-0.00087373311688041,9.02523376251089,13.0697172224364,3.36677168266271,4.59122361487291,9.27178695384756,-0.796811307531311,0.54971548013889,1.308066171489
0.00849243721426089,-0.00566965379169375,9.04416669081315,13.0345106603185,3.34630699101112,4.5530770089385,9.33844292595741,-0.804615260909213,0.540037905053761,1.31743387045458
0.0164121599303605,-0.0108700481870878,9.06085410663045,12.9997539048885,3.31925869560207,4.48812460038238,9.40238831493444,-0.811463506899323,0.525464725118949,1.32606134040412
0.0225463811244457,-0.014865211617927,9.08073301500725,12.9602233039089,3.28756433841031,4.40996034288144,9.46118505818863,-0.817203822430064,0.50820597956932,1.33411486525449
0.0275516996103422,-0.0181113065269385,9.09020829111084,12.9144389259929,3.25609155465719,4.3431903415769,9.51479408558573,-0.822483434081805,0.492585321701204,1.34224308086866
0.0295246169001449,-0.0194181018355194,9.08203173084804,12.864351225111,3.2271850120305,4.29633704967357,9.56450280904141,-0.827542845902758,0.479873136420634,1.35109874485398
0.0141701371563365,-0.00958963393791586,8.95178063743968,12.0580584361272,2.93214308697233,3.98799954008716,9.31077087421273,-0.846023441848164,0.445955010530978,1.30627816330759
0.0379284769265719,-0.0250352855472424,9.05108473664334,13.5130171143256,3.4295318926315,4.44122083050339,9.94752165602651,-0.822653756747958,0.464953344258991,1.42442302305239
0.0143513045909178,-0.00995478363261957,8.93935288569212,12.6974140484957,3.13135833013717,4.10793567004537,9.70399841349709,-0.829893538575175,0.421547105178,1.38803970257455
0.0016563443481552,-0.0017945508136192,8.83863986049431,12.6346340869263,3.07548487737442,3.97671193336449,9.72619710687979,-0.831350300630153,0.390456133554116,1.39140897958652
-0.000961402696187729,-0.000120019811070491,8.78525033775822,12.5713760228268,3.03277628673832,3.87035361200004,9.74582133393397,-0.829522390943569,0.362402618970823,1.3962653189341
0.00186470351894003,-0.00195317802032297,8.77448495429418,12.533558862868,2.99748065519793,3.78429105336508,9.77205747933992,-0.827656404496309,0.340300039982296,1.40132530111657
0.00897867919611618,-0.00657934619651757,8.803407455581,12.5056003142847,2.97817974039147,3.74415202710739,9.79853016768863,-0.826625015932961,0.327261954712851,1.40579110616745
0.018075179752673,-0.0125298471128491,8.85039559391701,12.4849393542536,2.97074484637484,3.73370736981344,9.82537365092693,-0.825975639699368,0.319801427645761,1.40939236394113
0.026490274858851,-0.0180795883109804,8.89791332196891,12.4686776811883,2.96912378212564,3.72729803770409,9.85052334931393,-0.824432013017806,0.312398294449596,1.41175461735655
0.0311267968962971,-0.0212018482822143,8.94922320205693,12.4573336678211,2.9716287697877,3.72343944254542,9.87455162350694,-0.821821774507287,0.305422676510054,1.41348146471464
0.0334152373770569,-0.022797255539939,8.99911753688693,12.4562159988515,2.98157461716742,3.74342787974965,9.90070015924684,-0.81907404821483,0.304417274359157,1.41620345293825
0.037111919627491,-0.0252859121458194,9.04456244480205,12.4770629687279,3.00113993327039,3.79923144711915,9.93264179708336,-0.816686774726095,0.3129662780659,1.42188452524331
0.0407980534388551,-0.027754434008073,9.07395906033488,12.5341958431841,3.02979431445221,3.88413990189265,9.97315707079624,-0.814217916758851,0.330200209818398,1.43226726916645
0.0444361316070344,-0.0301917408380303,9.09774785908531,12.6281537363952,3.06487655967784,3.98307377777353,10.0201199087306,-0.810871435069532,0.352524702943841,1.44724030145779
0.047170692205781,-0.0320464949652174,9.11087322043675,12.7287874428291,3.09861327636297,4.07242744539099,10.0609864422804,-0.805891762792296,0.373510781981442,1.46276321294413
0.0488207915131395,-0.033187493757914,9.11073617185833,12.7914077996554,3.11958187046915,4.12389459819626,10.0791657717371,-0.798918525915716,0.385632878349861,1.47288050563528
0.0494751787165406,-0.0336542434100422,9.08320846759669,12.7943684976616,3.12204782900881,4.1263077388549,10.0681295213893,-0.790382580300746,0.386150152965419,1.47471458524764
0.047354883535223,-0.0322931036795604,9.05496201750441,12.7447245440855,3.10851594628014,4.09061195865814,10.0332746883128,-0.781200554030401,0.378028190876364,1.4694781695688
0.0455280034837336,-0.0310896913046088,9.02694332151431,12.6560615819712,3.08317577452727,4.0311910195611,9.98328807162769,-0.772158304572028,0.364894497473277,1.45965689822398
0.0446411342183282,-0.0304672322338894,9.00703168858796,12.5386452275497,3.0486881580795,3.95623660530842,9.92531894673461,-0.763754127614493,0.348555018758815,1.44729248478826
0.0450088357143249,-0.0306334604713881,8.99804997534757,12.4014151655822,3.00757265511794,3.87189760514347,9.86460149256202,-0.756296164762774,0.330065734025277,1.43385600704381
0.0465930169978583,-0.0315711042528613,8.99412103688122,12.251577959965,2.96236859746979,3.78423149067235,9.80428950034374,-0.749960813104845,0.310453098244043,1.42028213568615
0.0489669116010576,-0.0330180381815055,8.98471801054178,12.0930839035502,2.91383448420306,3.69452735267564,9.74576295820245,-0.744820249910783,0.289920363501178,1.40697873445397
0.0515058818765829,-0.0345835019663173,8.96858736750244,11.927885573592,2.86044075603978,3.59676714651451,9.68982016220749,-0.740902559699283,0.267450765414811,1.39385620606591
0.0542627895659985,-0.036305800325042,8.94876715608393,11.7610054907718,2.80156330476095,3.48598584947502,9.63870288349454,-0.73810641177914,0.242291249801363,1.38102834488545
0.0573719216156649,-0.0382791063119218,8.93333369269209,11.60351768819,2.74082226099715,3.368195976057,9.59718988758134,-0.736302040576365,0.215817169932815,1.3695211832406
0.0604542026721506,-0.040275968958645,8.92994539403104,11.4695158527687,2.68510910663024,3.25938287778146,9.57243973065663,-0.735708517148398,0.191219456459906,1.36135365607986
0.0626042201999899,-0.0417259403694892,8.94201187115193,11.3755429329457,2.64259895173913,3.18175661186889,9.57509853212363,-0.737319366339772,0.17292595034449,1.35975087126266
0.0625061596323133,-0.0417814569055012,8.96721206920847,11.3371202470639,2.62006686072281,3.1555306280931,9.61639932550736,-0.742261624859053,0.165072192148656,1.36810090775773
0.0591318265274639,-0.0397750599301318,8.99856272898065,11.3591890124969,2.61798069883556,3.1820364428729,9.70033117901917,-0.750718078940983,0.167915493574343,1.38729578071934
0.0531022935881764,-0.0360979809074087,9.0316304707113,11.4399585084081,2.63121150496351,3.24465880077151,9.82398330898599,-0.762258234725235,0.178144910530618,1.41580548593003
0.0471467232546009,-0.0324830068040075,9.07089554449059,11.57370943517,2.65379924715755,3.3248633886157,9.98048352110038,-0.776597085428341,0.192096668024785,1.45098264649086
0.0446696360903823,-0.0310752064944433,9.12739602281027,11.7395106231957,2.67955764826415,3.40581598524609,10.1545925360752,-0.79318357921921,0.206042527507468,1.48820042325735
0.0483475986966037,-0.0335542934706583,9.20757780926714,11.9044135244971,2.70225876546497,3.4723417244504,10.3221055624127,-0.810775935387816,0.216500924838495,1.52111143885741
0.0581883847828145,-0.0399285227178815,9.30049496471243,12.0334383708551,2.71679681026089,3.51417021981595,10.4518527858925,-0.827369958008591,0.221698291201283,1.54277381064196
0.0686691065764643,-0.0466812040952819,9.37725879119636,12.0911548943619,2.71965263276643,3.52710168323332,10.5080699031484,-0.839933586809839,0.222003115673536,1.54647942021294
0.0773950799496536,-0.0523162652910726,9.42707558739028,12.0572436425073,2.71087125576932,3.51577433261837,10.4678634590164,-0.845223835363422,0.219956642224249,1.52961810604618
0.0813283239201485,-0.0548900955930886,9.4592357837876,11.9459033774947,2.6952961846656,3.49324761837782,10.3428137551323,-0.841936587100169,0.218866741827727,1.49747241633136
0.0836596391699602,-0.0564672859846751,9.47638336374716,11.7983752241489,2.68067028742029,3.47485450108065,10.1754978433899,-0.831888000586905,0.22054265990025,1.46070989840184
0.0858640866450157,-0.057994588305249,9.49601370633918,11.6583468113029,2.67431912865497,3.47370292513273,10.0145498075373,-0.81893153731237,0.22531235950069,1.4293156646817
0.0877533640947774,-0.0593310773497549,9.52003823297073,11.5534026627973,2.67968732079417,3.4968933484344,9.89337237972984,-0.806868778490985,0.233077666991649,1.40890450840905
0.0892232750423929,-0.0603914367757763,9.5546709243923,11.4877983527695,2.694306769116,3.54030708385302,9.82197192532924,-0.797921123687334,0.242861981747711,1.40007686410582
0.0905401109852916,-0.0613278371733403,9.5968477932836,11.4460075563845,2.71083373540049,3.58830388511314,9.78930330812289,-0.792329182559811,0.252266116228585,1.39938788433441
0.0929231544796672,-0.0629140225427398,9.64290013115972,11.4063412375465,2.72059291872421,3.62153251246251,9.77469710424415,-0.789046093802818,0.258519979988068,1.40177695320203
0.0946671292984219,-0.0640482422171351,9.6845312980786,11.3565280791702,2.7176882641093,3.62707113452414,9.76267340208481,-0.786922566350029,0.260069194477938,1.40364436238441
0.0954793122024285,-0.0645605780599461,9.71874411189546,11.2987919710742,2.70121390238487,3.60305924227053,9.7497514594131,-0.785386453885268,0.25708536873231,1.40419218142716
0.0950347045875293,-0.06426514823907,9.74472150051901,11.242773784386,2.67413547924517,3.55606865282258,9.73965887607689,-0.784310285158143,0.250922277133995,1.40423253657219
0.0930276832506157,-0.0629823244717533,9.7610086417794,11.1964871517535,2.64041168853747,3.4955210944444,9.73548225856977,-0.783669342389794,0.243305753993228,1.40449385090014
0.0894445216531331,-0.0607121582430939,9.76578101612044,11.1634285374433,2.60343868537954,3.42999839066974,9.73694736982065,-0.783392625687584,0.235676980870064,1.40512457968443
0.0848675725346266,-0.0578304153929751,9.75938007634083,11.1446452634114,2.56665159119403,3.36733294889019,9.74245137122429,-0.783399981414495,0.229021019330247,1.40605030255981
0.0808846296015815,-0.0553471716558688,9.74632556574562,11.1400947978323,2.53417805953802,3.31577736883795,9.75128000633027,-0.783744267614887,0.22405736521967,1.4072600623769
0.0796540195961011,-0.0546305433439315,9.73440845788366,11.1486870971259,2.51025771600424,3.2834650964822,9.76385580173731,-0.784672929467148,0.22143145115129,1.40886574003145
0.0822048358946648,-0.0563288770875518,9.72926555889465,11.1693461458074,2.49828759205098,3.27693217054464,9.78064917427292,-0.786590771622218,0.221789005291421,1.41109569000259
0.0875990403121966,-0.0598399478074123,9.72972265680452,11.201696836713,2.50007062976613,3.29955801821613,9.8009893411932,-0.789995960313786,0.225685046709655,1.41411188763409
0.0940447951399272,-0.064022712962879,9.73112498257007,11.2453418602289,2.51542487261861,3.35045349181419,9.82284844746846,-0.795464571385012,0.233326380259254,1.41783853338324
0.10013186575229,-0.0679824003264042,9.73182475900022,11.2989906789103,2.54229268043659,3.42489929418589,9.84367123693423,-0.803565863648134,0.244663485774916,1.42203892812155
0.105272896708154,-0.0713439587150922,9.73438948512685,11.359368230344,2.57720629950452,3.51536479694058,9.86087067552697,-0.81475331903572,0.259455590042913,1.42644876207289
0.108658548055857,-0.0735762195102001,9.74452325037857,11.4206822342147,2.61597288639706,3.61176617089685,9.87182194262055,-0.829217904245061,0.27690304670038,1.43084583470026
0.124980462157138,-0.0841798113421481,9.79216734395038,11.877609628724,2.50693000100756,3.35163277086628,10.04143719162,-0.854278592281929,0.266992617197768,1.45186119477541
0.0951140112744429,-0.0648348166539287,9.6901432677528,11.2095622696675,2.78630734097487,4.01880324457488,9.73990870064226,-0.859446032090719,0.326821580891123,1.43019827906992
0.110214792899912,-0.0746323516861116,9.76292802504612,11.5380638538018,2.71580443239428,3.83188607906336,9.84785930415197,-0.886341854483389,0.32242594305231,1.44925235655644
0.108556420281506,-0.0735358079125954,9.76098290788817,11.5599983707253,2.72569363983174,3.84072205618178,9.84206344771474,-0.91099819633908,0.332424858472576,1.45950389613003
0.106570233804614,-0.0722130436248559,9.75653557354189,11.5391049639372,2.73491849472265,3.85592124634622,9.83253693388275,-0.938570198000123,0.343556383258379,1.47203203551319
0.109119909548785,-0.073786019113453,9.76352613111639,11.4434657830529,2.85547282050108,4.065438198604,9.78848808247659,-0.968088223962239,0.359687114794047,1.48809999333908
0.0974593065705012,-0.0662261853269726,9.70951151476688,11.4706755294954,2.62635888054478,3.71210605782633,9.87695961014525,-1.00666211907583,0.369342158861852,1.50807701024666
0.100011348598623,-0.0677795458215655,9.73575266033313,11.3297615914183,2.72235490094025,3.90994152503441,9.84180914743735,-1.0412369165493,0.388922605214093,1.52824283929456
0.0986371214048616,-0.0667952984024082,9.72757498933773,11.2407281849873,2.69796667812952,3.91436700070798,9.85298958850371,-1.0787275765624,0.40388304510665,1.55015211616645
0.0985367899187734,-0.0666415722046437,9.72219959925151,11.1473162173228,2.66517445328545,3.91400680758634,9.8594035793418,-1.11746746472427,0.417913878390627,1.57143753771114
0.099251693401699,-0.0670404770956305,9.72015296195736,11.0576180666761,2.62586814863395,3.90990180694191,9.86143393365677,-1.15764048183934,0.430928647872343,1.59197895711322
0.100169738718558,-0.067610025863984,9.71881329045768,10.972953113626,2.58222208818358,3.90221382440644,9.85736571236938,-1.19920407381848,0.442585618822496,1.61140220922011
0.10077247318817,-0.0680131496333225,9.71462365873316,10.8902451568863,2.53545343642047,3.89152709587402,9.84610185125841,-1.24224171441944,0.453077807655993,1.62960469039398
0.100936785069601,-0.0681562443389379,9.70956612876186,10.8027849718576,2.48740107360654,3.88325825830675,9.82831727700288,-1.28719190312012,0.463778485519062,1.64693715277049
0.10067642437383,-0.0680367003675817,9.69977436771822,10.7039431894857,2.44008656149464,3.88157800837163,9.80617043024295,-1.33467826739727,0.475560133277144,1.66387782203325
0.100207513180248,-0.0677858024255343,9.68178667037279,10.5903066660579,2.39508580443078,3.88611974396436,9.78327340687897,-1.38461503783028,0.487971459675979,1.6809325142028
0.0997943512460762,-0.0675559514086427,9.65534046754743,10.4620166389234,2.35360443120348,3.89413798653405,9.76438181642806,-1.43699182378364,0.49982288225602,1.69873461859842
0.0996989446673325,-0.0674888012813116,9.62096663629453,10.3224319425646,2.31664382815547,3.90228967480345,9.75438472403622,-1.49182021881884,0.509712652071714,1.71806463591714
0.100100714618377,-0.0676766246773219,9.57797270611639,10.1776038789016,2.28590694028586,3.91007337639308,9.75767329823764,-1.54916439787122,0.516826499265585,1.73976654257227
0.100794544677879,-0.0679827777488816,9.52674441674531,10.0340723588505,2.26430476013939,3.92213531523944,9.77717312195762,-1.6092529929202,0.521556114115214,1.76441815552449
0.101000119627843,-0.0679258477283905,9.47020737045804,9.89665306132342,2.25447851174876,3.94416837422082,9.81303810179759,-1.67239522614075,0.524847615191273,1.79205589817377
0.101371699246738,-0.0679858425445201,9.43316466874505,9.76828972335976,2.25746430664919,3.97867234407269,9.8626948665945,-1.73909467048093,0.527414364768249,1.82232131513719
0.11598779025845,-0.0773662067292014,9.51653134474407,9.65084763718079,2.27322702279593,4.02624489817244,9.92203138534584,-1.81022840473728,0.530063387865633,1.85469841352246
0.13012912864505,-0.0865714083753501,9.59478311376944,9.54505137414352,2.30109284454557,4.086460120564,9.98627184738849,-1.88677550394939,0.533808309580684,1.88846517980834
0.130474701596922,-0.086962421602258,9.59310429694054,9.45032424709741,2.33917152526476,4.15488483953941,10.0505686616432,-1.96924168930123,0.538744340797585,1.92257138658602
0.129562291587159,-0.0866006079656845,9.59342643507137,9.36622640563276,2.38406512344174,4.22079906474951,10.1108228150185,-2.05748263087162,0.543014616743283,1.95573135627696
0.129428870999939,-0.0867320236214749,9.60763276448825,9.29412752309174,2.43191737616411,4.27092954005783,10.1645598146003,-2.15088915594613,0.543727522858243,1.98671532256985
0.128215460349792,-0.0861010194115054,9.61637593000881,9.23705233697613,2.48072175028781,4.29905180500268,10.2117501101585,-2.24905212807396,0.539793027039894,2.01472013447612
0.124914159746016,-0.084029801377924,9.62227986872005,9.19872806546238,2.5314916699531,4.31075693274964,10.2547253839289,-2.3522859171808,0.533602149479136,2.03948698157868
0.121205182838051,-0.081646070971884,9.63100722819261,9.18248579072129,2.58653587567072,4.31655469557471,10.296598013185,-2.4613460501741,0.529351817035518,2.06098234929828
0.118929726378771,-0.0802726766239194,9.64452419611594,9.1890238789289,2.64747033377703,4.32469135750806,10.3397495426613,-2.57703922379801,0.53064802099294,2.07911629167382
0.11775674133969,-0.0797528681882252,9.65511017313393,9.21514465187198,2.71452692145648,4.33888663860565,10.3847603632736,-2.70011429236542,0.539356447522293,2.09359692586718
0.117205614320941,-0.0796134617030864,9.66502822898549,9.2556285922664,2.78569748458647,4.35562571571271,10.4294571161772,-2.83101957867535,0.555109764219771,2.10367504595423
0.115982415461945,-0.0787713045102554,9.67651458840834,9.30610315209732,2.85692865420367,4.36788834965689,10.4700401201951,-2.9700550976931,0.577212413748976,2.1082359644172
0.113063506807047,-0.0764615379505891,9.70515194059486,9.36363737882912,2.92306331093236,4.37062149666484,10.5029646028286,-3.11771502542516,0.606388406890323,2.1060574487193
0.104857755740828,-0.0704806243909083,9.70720981794735,9.42481739747222,2.97762294162715,4.35563065834154,10.5244756474531,-3.27396241383194,0.642084762593534,2.09564926082051
0.0977468863353235,-0.0652265031675538,9.71427163679573,9.48621214006424,3.01416663993954,4.3103993497018,10.5303817853027,-3.43761553110122,0.681358765864384,2.07526649368147
0.0955877243132525,-0.0633717332193243,9.74164039639745,9.54726902721105,3.02947461223228,4.22889830029786,10.5182684273106,-3.60744363930472,0.722800666659197,2.04340770791984
0.0738629881040815,-0.0490509057749539,9.66074645514237,9.60861768535905,3.02441371535186,4.11879201874423,10.4887550037563,-3.78367711588565,0.768975747875649,1.99901754964463
0.0773828104410161,-0.0512507303103622,9.73578225036576,9.66809487318663,3.00195500314879,3.99697768512069,10.4433678515034,-3.96767481102078,0.82472117275281,1.94086472101446
0.0824845568601289,-0.0546618180110414,9.80920346922616,9.72038317834003,2.96507297648219,3.87824549390812,10.3817277838603,-4.15985585477315,0.893329442142689,1.86708330144651
0.089799348978129,-0.0597337627623671,9.8281563311458,9.75852003578184,2.91609045614858,3.76784332822698,10.3019570641939,-4.35842794449734,0.973540504175242,1.77625049528658
0.100208095488661,-0.0670306457303429,9.81965500564246,9.77804699212239,2.85602620874628,3.66382348908702,10.2046028913148,-4.56107317364326,1.06053411214098,1.66924803742653
0.113656114597777,-0.07633654784024,9.80149254945087,9.78292991751691,2.78284891883511,3.55872194134006,10.0965543650332,-4.76716455863856,1.14745746414551,1.5507351443158
0.12648927989505,-0.0849971944737151,9.76464689092247,9.78447106823124,2.69332032319006,3.44112220491773,9.99031097591556,-4.97697060017762,1.22619309550625,1.42905278866957
0.1369742010707,-0.0917190361033199,9.71595741457188,9.79241572789772,2.59091403168029,3.31161468900852,9.89783405894858,-5.18945605775025,1.29343259424224,1.31196643663179
0.145005504161621,-0.0964619031481874,9.65909105517222,9.80924694858631,2.48956066380224,3.19186474801688,9.82616733803795,-5.40223149316141,1.35414734883861,1.20235623792433
0.150819673516703,-0.0995555379205781,9.60013761670171,9.83317260460934,2.40606711423072,3.10493841014576,9.77997976431841,-5.61289036019242,1.41368872653669,1.10102162034808
0.156051079886398,-0.102307837825271,9.53290990983037,9.86275000037955,2.35092260806652,3.05621880822836,9.76435733476016,-5.81902331004847,1.47104969930948,1.01143472536034
0.16259175776465,-0.106097414927902,9.46505615032308,9.89757140744723,2.32607691375903,3.03534046548474,9.78294456051606,-6.01775691836198,1.5208887812668,0.939679119816366
0.166915192060921,-0.108584361811415,9.4001521127065,9.93710351466602,2.3276564589846,3.02807486235174,9.83494177533923,-6.20645103747922,1.55859732503022,0.891412309783464
0.16893382797009,-0.109588676831628,9.34002768764921,9.97886193133646,2.35008689708176,3.02898445571554,9.91270064704845,-6.38469757708839,1.58441719189986,0.868035291835852
0.168856282115517,-0.109224358665108,9.28243803531605,10.0181257491178,2.38796709859136,3.04315888771625,10.0019390227151,-6.55459338787774,1.6030032824088,0.865275708777107
0.16520515470156,-0.106596110254731,9.25107359873257,10.0509617008956,2.43479450694621,3.07474065039635,10.0869923382936,-6.71882044211673,1.61869819308895,0.876491556496724
0.162454500744813,-0.104644303604801,9.21936698741581,10.0764581144405,2.48248248718386,3.11758044097859,10.157414576669,-6.87844281552595,1.63198679318313,0.897423467479032
0.157820897755866,-0.101592125832586,9.18762388342345,10.0963975286654,2.52392560203053,3.15777425298384,10.2109749196171,-7.03262281492842,1.64025491680143,0.927776521952945
0.153319472200958,-0.0987297323558021,9.15639039086035,10.113178183225,2.55706187163687,3.18586915624767,10.2515147870319,-7.18086660653372,1.64171177625673,0.967880323865324
0.149458674350106,-0.0963537704976975,9.12434718788503,10.127175519476,2.58610639979312,3.20459250577123,10.2846759379326,-7.32498052245466,1.63758632714896,1.01506672839066
0.144062298952404,-0.0930203367502878,9.05369152086946,9.85907020914762,2.66554304034244,3.43408149067858,10.1419473299858,-7.47124291542876,1.64061166040736,1.01690192418353
0.14485628461963,-0.0937125111574023,9.11840653968113,10.4059142329827,2.60462971300657,3.02374037958154,10.5300471457087,-7.60100886805612,1.6090335246001,1.1610882231459
0.138090481603023,-0.0894636673654508,9.04981584913474,10.1456377293238,2.69703133432719,3.22788348144807,10.4087223239572,-7.73697029252128,1.60105283903023,1.17531281736172
0.130321746268655,-0.0844922367504933,9.02690097669072,10.1126246505213,2.74799896981893,3.23786523423161,10.4557059977413,-7.86165049113177,1.57979192630784,1.24146844317209
0.121200006642425,-0.0785289723324101,9.0023520748218,10.0879885401634,2.79515729754109,3.22519511377341,10.5219991075576,-7.97560558633562,1.55382524017383,1.3193110611876
0.110978149722381,-0.0717349782455373,8.97650758994505,10.0568012416028,2.83751407369543,3.19925200717983,10.593172893989,-8.07629978587501,1.52477922961307,1.40638534682904
0.0989089118362729,-0.0636643984498945,8.94808718724912,10.0177936213653,2.87216649398233,3.16688029194922,10.6603418388979,-8.16445711197432,1.49533418237201,1.49781912981605
0.0876935637670924,-0.0561249608716179,8.92220689594028,9.97384630625976,2.89666392947088,3.1351453502002,10.7166804021313,-8.24263177996492,1.46808466686187,1.58704173234995
0.0785873236323138,-0.049992616684236,8.905290115721,9.92767333013851,2.91196801090717,3.10842726745874,10.7587714686067,-8.31247363594682,1.44431386696916,1.66955183311833
0.0714629018276093,-0.045228468105988,8.89837786778831,9.87816174984801,2.9235309378131,3.09090732273805,10.7846269598197,-8.3745610680308,1.42452300813002,1.74285351050605
0.0643826649284929,-0.0405829303862152,8.89155313763805,9.82234256887186,2.9381587117197,3.08437432620943,10.7936526262704,-8.42763431949148,1.40859860750327,1.80669375478208
0.0568549113798651,-0.0357035140480585,8.88056754465766,9.75729076872923,2.96243453055114,3.08944219785352,10.7871705546976,-8.47026571953637,1.39651424305867,1.86217040154558
0.0492477399899264,-0.0307889588463032,8.86632971876305,9.68062649931225,3.00250593196752,3.11048538923087,10.7675884325328,-8.50455972898702,1.38933290049681,1.90917789151191
0.0418004187853522,-0.025981771376692,8.85388899360642,9.59394340206,3.06129778391213,3.14967038216744,10.7400389940322,-8.5339348166628,1.38816249713023,1.948291125553
0.0335410138209584,-0.0206652586409811,8.86511066030677,9.50546757591587,3.13796496075353,3.20047012309651,10.7137323309568,-8.55890147363569,1.39294772192496,1.98314100948419
0.0253061910796178,-0.0153987769299216,8.87863535013457,9.42680644692366,3.23202415358073,3.25350026641399,10.6989487022364,-8.57816983542739,1.40304279248892,2.01778064089945
0.0176451984671178,-0.0105513333137999,8.8595803144917,9.3687438646654,3.34544852477438,3.30206267566563,10.7041641145551,-8.59092528262497,1.41769811574108,2.05450554080808
0.0115877762549998,-0.006779779600873,8.81812428013627,9.13215597067127,3.47938798532555,3.40485577788227,10.6695958117359,-8.59695202450051,1.43538023451621,2.08625961004035
-0.00538346863500944,0.00408664659801489,8.85330380333321,9.00471528306162,3.58392930990474,3.46439431677355,10.6784921192801,-8.60217272537637,1.45488011111548,2.12023948874878
0.0110307402418136,-0.00639618082677745,8.84401036229354,8.38818157049874,3.52567466328494,3.6166170254217,10.5148621124646,-8.60286680913831,1.46763698087119,2.13977599823178
