-26.4457277826002,777.51717168619,144.670186828859,-572.794941989313,342.95364275129,115.952733030716,96.1213509704622,-413.167473366541,-104.327777032442,-70.1407965358976,-160.9093169691,53.6992422948492
-25.842580920314,773.119676070363,144.687550985755,-577.654130196942,349.212481409141,121.752791497046,95.4370703552447,-411.340360406455,-101.516153190267,-69.692899267784,-158.943333810196,54.0132068507707
-25.3075411195659,773.257070967403,145.33960292899,-579.814652614292,353.178479453233,127.863686211885,94.4713585944345,-403.60360201931,-97.8252229702537,-69.8627493285098,-157.511716002582,54.3832522656936
-24.9422311551433,772.109561809963,145.689753757628,-584.824363299036,358.548043462855,130.336248800028,93.6892167456719,-396.57239657659,-94.4785608553309,-69.6558223073268,-155.738974441821,54.8425703970151
-24.8668108604327,772.774726857711,146.023369830424,-587.316953867141,360.104871099107,130.601237717608,92.7079104016315,-392.881973720594,-91.7848758561157,-69.1059428847444,-153.592768125878,55.0894753012541
-24.7911887989761,773.006258931767,146.336493475829,-589.458319103526,361.699541171268,131.004487573015,91.5900617666717,-388.322262925844,-88.6819581546908,-68.5455261579301,-151.374908519447,55.3160060522782
-24.7452255023802,773.364684791126,146.681306488404,-590.840174788062,362.601020146031,131.458088416837,90.3024147897908,-383.465397821489,-85.5399991909823,-67.9334424469108,-149.041695405139,55.4780377607709
-24.7096048695067,773.936869121256,146.984295834078,-591.585557049434,362.618969261861,132.043834459294,88.8770954014404,-378.268098743036,-82.3882115071754,-67.293952404287,-146.640031784006,55.5743225797359
-24.6855753695216,774.671917047434,147.275942799117,-591.74854341288,361.979912968838,132.360306406824,87.2856468645716,-372.306630665866,-79.1675261743498,-66.627618109023,-144.19770936298,55.5994622815831
-24.6798580696965,775.615059706392,147.599106574685,-591.802128115098,361.250607342527,132.595051882817,85.6936140762297,-366.537472619043,-76.0700680813574,-65.9461757177647,-141.793968611829,55.5788540750256
-24.6948747335604,776.697151892929,147.9344528095,-591.823810883838,360.113724881382,133.125452842121,84.04046047017,-360.599249271414,-73.0334151445672,-65.1710199535159,-139.357752338813,55.4908275603544
-24.6951566941671,777.437920433004,148.191692559245,-592.027042222033,358.872127648957,133.935845553256,82.4972665801332,-355.515134611563,-70.2736745445813,-64.3415866185327,-137.017903639771,55.3620043961547
-24.6792675781338,777.674733561257,148.308333195072,-592.074838053934,357.315973230544,134.828412600993,80.9242265574186,-350.175577165768,-67.6121683897879,-63.4721743185756,-134.822213262283,55.1694997228375
-24.6647247967788,778.091355795203,148.275756626852,-591.573669636479,355.5733947694,135.568316091454,79.3126093068138,-344.285421175685,-65.0228831602046,-62.6519613489125,-132.940984408645,54.9297722444021
-24.6444027006143,778.491992543764,148.262209748738,-590.458029311412,353.093781358467,136.210060632479,77.5411472572091,-336.708443602277,-62.3613895493826,-61.9083809360599,-131.439904875029,54.6394798651026
-24.5867713523798,778.568324178579,148.247226706682,-588.058916734811,349.876803411161,138.339610407654,75.7240528167689,-327.776522488608,-59.81306133862,-61.2975343169086,-130.451983689475,54.3340506146727
-24.4724255434725,777.981676315826,148.097935584535,-584.495143844865,345.713275913005,141.763179039723,73.8830924349832,-317.538142542833,-57.4371316708611,-60.8102676683974,-129.993583793361,54.0205352911049
-24.3211778155258,776.630489571296,147.817362569428,-580.734983531701,341.113953815076,144.55910604573,71.9286148581375,-306.146961493546,-55.0738381582628,-60.4038286845354,-130.011877906861,53.6861891966854
-24.2696962360025,768.6984410545,145.857236120667,-572.225863745296,336.273211879913,146.134056917216,70.9513109975502,-303.569213135719,-53.7306703475768,-58.8434356784186,-128.962392833269,52.9226153968932
-24.0184396503711,778.612373692202,148.688270422323,-576.2409756399,329.246061828966,149.403528346264,66.5031294944318,-269.776651795981,-49.5618865074595,-60.9310136038379,-132.890566239589,53.4213540843056
-24.0249573300592,770.845444173299,146.58845401288,-567.585905938369,323.506054282214,150.080065400007,65.2942016633949,-264.958723120803,-48.3170297261737,-59.5735230761213,-132.737343433595,52.6267576187324
-24.0129410942279,769.136276021348,146.106562360328,-562.45092441559,316.864038619601,152.764612869558,63.0141447885351,-250.578521227476,-46.4070744084974,-59.4432315394867,-134.029514909166,52.0095070388239
-24.0476573029192,767.965980598779,145.715156881711,-556.422112746192,308.579546915607,154.423209477581,60.7047454289278,-235.407352542911,-44.7144590933205,-59.3623886812223,-135.422792763949,51.2942183702493
-24.0874057127989,767.347760515575,145.409752532963,-549.523510858797,298.35159568935,155.231930194211,58.3779588400307,-219.765194112434,-43.2963352324495,-59.2091588591808,-136.780374650674,50.5075131338088
-24.1367834819091,767.423030788382,145.26623325929,-540.931859464148,285.549929536873,155.401860185011,56.0469796506085,-203.654667925004,-42.1645513158048,-59.0316211022697,-137.983584806159,49.633545209105
-24.2114945415087,768.515711217867,145.339578905323,-530.446390874133,268.117114275597,153.117579041516,53.7986768697247,-187.085804185899,-41.4861940503662,-58.8577778999803,-138.948104318635,48.6849464519175
-24.3123772025705,771.03555033315,145.6342615148,-521.653524738254,254.068319321413,150.689170028755,51.2778273510394,-170.209610021957,-40.4544769990327,-58.6781193947148,-139.570330696709,47.6714121921124
-24.4616914294624,775.218308011229,146.244054749203,-520.143094640681,253.741111378756,150.56022118932,48.1010929092519,-153.220702984641,-38.1476857044817,-58.4692599047914,-139.782756083534,46.610375914723
-24.637439144227,781.00194034706,147.21084390025,-519.290337870268,253.72415077965,150.461777415084,44.8694876821727,-136.274406583806,-35.901520637695,-58.2426940501295,-139.615909278663,45.5437652332335
-24.8148863711429,788.075151660983,148.560904749912,-519.091444018358,254.051117541367,150.381017431621,41.8649873596601,-123.562125521992,-33.5364748462441,-57.9888885555969,-139.051465965097,44.4899373864834
-24.9795554713375,795.798492660061,150.252728448076,-518.940705296311,254.613472953752,150.21202712085,39.7080886190916,-124.671240651425,-30.5976193394895,-57.6677783625823,-137.999153510599,43.4354263543791
-25.1352484512297,804.674189253871,152.183272401308,-518.969316496008,255.333795640732,150.009087378326,37.5319332831465,-125.715961367608,-27.8093789906328,-57.2949735036396,-136.472049576294,42.3930853485537
-25.3104273069188,815.509217572035,154.093890125953,-520.00392203783,256.170214692376,150.017099623255,35.2504398144979,-126.724929436814,-26.621410416655,-57.8146344466841,-134.499854250193,40.8163425191848
-25.4602403762668,827.17038037273,156.172444079671,-520.84744620779,256.817904695912,149.95137171358,32.9031736253732,-127.667480929314,-27.0235820048944,-59.2476654850149,-132.015941790738,38.9004777055963
-25.5985315043517,839.612427492265,158.542936241384,-521.392954056568,257.259933253562,149.65367479083,30.7375300965221,-128.377753233461,-26.4194521704837,-59.8960181655777,-129.164975262879,37.3461292904242
-25.7018729723141,851.559178075149,160.872888761092,-522.092894010701,257.433800851562,149.32263712163,28.7104599403292,-128.664416924044,-25.4515590942158,-60.0222868246115,-125.938108536861,36.068676478469
-25.8031632710986,862.448292073956,162.911169313796,-522.8746694881,257.474705250756,148.805783321328,26.7997367802748,-128.514706652271,-24.556478813115,-59.8930430532411,-122.47820285155,35.1004088320111
-25.8901521423531,871.556137075809,164.485451132035,-523.525534083618,257.444049143528,148.081015750444,25.0377518283708,-128.302044234649,-23.340564824563,-59.3980622457183,-118.707856638354,34.1304148902578
-25.9663316733538,878.104742071841,165.445302435406,-523.794698691486,257.393015429007,147.192889060148,23.4396393142161,-128.252420607471,-21.9306849441781,-58.6926799459462,-114.713398626179,33.2097631855191
-26.0214831133118,881.577292594507,165.703915175974,-523.37818111505,257.343296478077,146.147571204237,22.0091839612897,-128.574374571972,-20.3440865316016,-57.8715707959373,-110.549873683506,32.3151920740823
-25.9122846523328,881.361662512382,165.289347775988,-522.27153356437,257.3575937565,144.993956439522,20.7300578405998,-129.334544991442,-18.5901438536394,-56.9638701761446,-106.22519454313,31.4153863383589
-25.6693466939835,878.204869434866,164.272215840187,-520.539603378176,257.536152283558,143.769815866172,19.5561542092207,-130.507258291604,-16.6787570997952,-55.9298658427996,-101.681502595356,30.4755053774125
-25.3639565147346,873.276817215614,162.771417582518,-518.276655611228,257.896804340766,142.368746662656,18.4337604799889,-132.065019916326,-14.6284842656737,-54.7726510843223,-96.9478399717757,29.4710377188233
-24.6900688756856,866.88728529578,161.476241121757,-516.336091589466,258.851578751743,141.204168907986,17.3706250382419,-133.905427596284,-12.4446427054736,-53.4946321985989,-92.0682330500269,28.4003111522698
-23.7098348207327,860.023898377273,160.307372427187,-514.849265143717,260.514723707141,140.41017043166,16.3233365993205,-135.945030263833,-10.1471989970211,-52.0657779611306,-87.0312786002219,27.2533745579077
-23.1913283368385,858.328344473774,159.616054740937,-513.208037270865,262.779540155558,139.871953059428,15.2099944358517,-138.070396908081,-7.75092815633153,-50.3689812999849,-81.6852577638118,25.9848565057204
-22.7869641117732,861.387285599878,159.949989248134,-511.704238782144,265.558502202712,139.652751056351,13.9497048446878,-140.07546323211,-5.25635895511164,-48.1928736140694,-75.735171567233,24.5169896760146
-22.2287063740075,868.783275627074,161.954530175127,-510.743871708902,268.747263745268,139.770781485543,13.5703407257079,-142.753708746155,-3.39926142638019,-48.7725719052728,-73.9774743517951,24.0606238614481
-21.8171122107344,880.247330092698,164.893916640982,-509.90412755122,272.134107527851,140.116420018149,13.189704388231,-145.210377361849,-1.61770911935699,-49.3929034708233,-72.3635843004566,23.5899601718531
-21.5314470331158,893.944809405714,168.278885818781,-508.64997617896,275.555231133837,140.479020032409,12.7931494585258,-147.381638855553,0.0868042160101421,-50.0326312985812,-70.900545943469,23.1222748849968
-21.5551206366249,912.148902085868,172.864872752644,-507.859900348326,279.121293913822,140.972875926706,12.3764958446093,-149.158599070303,1.71913452410216,-50.6389324578958,-69.5982637400145,22.6869958346722
-21.430951007941,927.588402286184,175.78300673345,-508.757037171111,283.102448502985,141.789066955866,11.9549963470385,-150.458525640784,3.29245136166946,-51.1545332908753,-68.4542699570609,22.3098410787591
-21.3237779685973,940.156561511468,178.650554675872,-509.251990070326,286.844100345296,142.364429123486,11.5091837469009,-151.355243145351,4.80653321226779,-51.5788944106955,-67.4380791887445,21.9868408758241
-21.0237801214285,949.237564567792,180.970584844929,-509.56475603242,290.187481679392,142.742207326286,11.0667199459146,-151.914092898163,6.2675866033653,-51.9159311365497,-66.5078757366054,21.710240443422
-20.7201088249297,956.670870058769,182.931554396429,-509.366355146796,292.977956040505,142.786595860827,10.6325143306547,-152.181177332429,7.68386054491869,-52.1780861915846,-65.6201741644327,21.4711730163049
-20.462368100048,962.354753262262,184.319177164427,-509.286575747695,295.282951929368,142.903646212853,9.80554602868076,-151.359450521626,8.60928625494994,-52.2184498044681,-64.7269665482939,21.3259790485554
-20.1675934341511,965.585228267874,184.968766452409,-509.022307718267,296.996795304221,142.63697002179,9.12593061742992,-150.443930723741,9.52818770435797,-52.1894655549135,-63.7999327552661,21.1981722520583
-19.8204891622421,966.707020860065,184.971158281292,-508.596225350412,298.031687422116,142.063439543952,8.54998308372262,-149.385531564123,10.3879265955418,-52.0865409740972,-62.8132332238372,21.0768082125354
-19.4267379784399,965.957310418145,184.49166698575,-507.479808892408,298.331424566558,141.174020416015,8.0492650629686,-148.279154155269,11.1739866562034,-51.952954440131,-61.7667571008259,20.937439530045
-19.0236272748268,964.083055754378,183.760120187717,-505.371874103638,298.026093963353,140.076611747751,7.61267126842144,-147.381564011753,11.9263781519119,-51.8816707891588,-60.6977377258266,20.7492665207515
-18.7590200322304,963.431701558229,183.699288928898,-501.659124482645,297.313408713444,138.80983524258,7.22937997633415,-147.050255315347,12.7214269098446,-51.9971830469509,-59.6732384829592,20.4858136750069
-18.5295363810872,963.677710744576,184.271307903913,-496.877001763629,296.551467972282,137.650537509033,6.92866111374219,-147.5395162782,13.6403340024899,-52.3799486144056,-58.7583845766086,20.144632985028
-18.229691093105,964.178893359625,184.353729014472,-492.257662045444,295.774375474276,136.871343477154,6.71118901195951,-148.736363122108,14.5886242598543,-52.9845327909171,-58.1103833290886,19.7757820160919
-17.913682125126,966.190773187098,184.895879693062,-487.621989135641,294.958170862599,136.332992109656,6.37688998419194,-149.853031306306,14.1272993962307,-53.6424004234456,-59.245218253814,19.6062678881523
-17.5707234804539,969.283025000428,185.759220356319,-483.056512287989,293.826339487982,135.901975417048,6.20599598193172,-151.126302075558,14.2329272408397,-54.284541153599,-59.9387833987359,19.422090993758
-17.1865652616395,972.33438970625,186.67282372306,-479.142217693082,292.644422092883,135.713527685403,5.64400181963346,-151.860351061751,13.4559607635321,-54.8904029455039,-61.3416536857554,19.4104670606683
-16.7551613888969,974.375032680297,187.450292489138,-474.993840198674,291.339067126443,135.109459904823,5.21468150488564,-152.570603649188,12.8725871869376,-55.5086051227486,-62.7718176361932,19.4130116579991
-16.8707542855011,978.052969484849,188.035452769422,-469.898844906868,290.104135641774,134.695709826012,4.93125793655741,-153.640847005224,13.9642592655528,-56.1779531842803,-63.7262988847911,19.304862851313
-16.7496225560425,982.040894363076,189.808099927217,-465.970870508095,289.407810134288,134.815216721968,4.76632656768994,-154.518990904828,14.0837475849321,-56.7872435261045,-64.7618171339559,19.2858590116061
-16.8426631906253,984.923861674264,191.008365512371,-462.939036384192,289.37781018251,135.105046787049,4.40663872178953,-154.916873883111,12.1731207251948,-57.3600318376492,-65.8171443397659,19.3524613038743
-16.4950622482866,984.98699528928,192.083008830945,-462.282401818716,290.229343099475,135.719380350864,4.04903821669894,-155.253187560092,10.8164804798772,-57.9495543542956,-66.8458299139356,19.4712213365798
-16.2841340835475,984.785246851499,192.915553808847,-462.812622631632,291.726249871156,136.312827027342,3.6545805274422,-155.508049345922,9.8751873866967,-58.5098111773158,-67.7560901138751,19.6282552829628
-16.0370141456548,983.498874821287,193.230839803767,-464.817531190243,293.953631889598,136.972943204704,3.28523534242329,-155.591347759024,9.5097038040502,-58.9592872201817,-68.4139128875162,19.8071903993307
-15.8133616839479,981.593549952957,193.215030281259,-467.609424213782,296.501793941369,137.532028442928,2.97285159039128,-155.404279842472,9.76851698859733,-59.2041250446021,-68.6713364150415,19.9854919289279
-15.6229320044117,978.845164511659,192.861489762384,-470.410202749383,298.889386115097,137.82502188162,2.75306454247021,-154.845959284059,10.632769187081,-59.173430706015,-68.4385039246378,20.128975238293
-15.4354379242362,974.868012386315,192.146363639491,-472.443907464497,300.727797111888,137.709646717738,2.64721251641334,-153.876062161758,12.0173227699893,-58.8482927716632,-67.7172631462414,20.2087974500489
-15.0076979254877,964.363801963113,189.935472607786,-477.601558852693,304.015074943182,136.487892492466,2.60609777482405,-151.146746072566,15.9139336152798,-58.2051026344541,-66.5897126359873,20.3553545207649
-15.6200433527122,971.471493983767,191.657768812898,-463.430517991154,296.186031855216,137.046618680059,2.84800972222342,-154.122617906682,11.7154450490188,-57.7539888474047,-65.359533769635,19.8555478668057
-14.404078229371,943.302578835084,185.422787884327,-482.009958025077,306.353909365302,135.389753971265,1.99044725974674,-146.686721866408,16.5758700136887,-56.6222162470871,-63.8245698556175,20.3723402911129
-14.887439285904,946.876104582795,186.378787609093,-467.214697921869,298.526868755962,135.491768250401,2.59113656272165,-150.302940260461,15.58816242026,-56.3603719351089,-62.9204938180146,19.8382930908674
-14.4255705165419,931.29810997189,183.114228029727,-469.051134468329,300.052180452059,134.559376772902,2.46837537122384,-148.732852128139,17.5378154877661,-55.9047918922705,-62.1443529630427,19.8681610143727
-14.1816718918713,919.842041089441,180.980148121284,-469.008524750322,300.797770997642,135.310045487911,2.16956403579285,-149.300796702296,16.5919656367322,-55.9701094772525,-62.1277725587155,19.8222906759014
-13.9435775783752,909.169499393637,179.100878469176,-469.521888280353,302.293723420814,136.833449599054,1.78095166386162,-150.944196593655,14.8599739304336,-56.4446077651925,-62.7314917772268,19.8139683562048
-12.4910481185559,868.159036342094,170.039200630696,-466.96107870257,308.311566466785,142.609410416711,1.08337626772537,-158.816747157417,8.76447857043325,-59.150090372652,-67.1001852446472,19.7952881100792
-14.5156574140085,917.21650491614,181.685648275952,-480.14071012485,307.609357523069,136.390287142362,1.55971976623343,-150.662075169545,17.8110220411408,-56.9141933295035,-63.0091433848199,20.3386540397161
-13.7268649337514,895.106534870196,177.684166009124,-475.568004473535,312.375585111511,144.731616162341,0.906379450850363,-161.716962159698,9.19503736446508,-59.9192344822148,-67.6201523731669,20.2175257301161
-13.3933826558679,890.779741641619,176.887230396615,-487.625292477434,321.112568332848,147.686969926801,0.66750441430035,-164.348328018544,9.84757889236411,-61.1711458598046,-68.9842862501299,20.8138578876671
-13.3833325273704,896.402516169794,178.433646580181,-496.358183272006,328.775328637503,151.423941824764,0.734279775688917,-169.037710709196,9.56033884163313,-62.8311191947373,-70.8199882218663,21.3178528104405
-13.3485202193674,903.241199882909,180.03239301577,-508.582098342125,338.063506500393,155.065397558795,0.921937464664872,-173.043207709072,10.6842796022335,-64.3214475963557,-72.0554697906289,21.9306240076352
-13.3442985892602,913.085784206467,182.19243723426,-521.489396233162,347.816226567897,158.715537805161,1.24960404953013,-177.013748013944,12.278376900737,-65.7955370633726,-73.1854614197308,22.5671918506477
-13.3059075390861,924.923583778535,184.700393448043,-535.007376291758,357.697855718536,162.195503531693,1.63768369376487,-180.563810908837,14.0917679252221,-67.2059191823819,-74.4182358853167,23.2818615784505
-15.5189984099439,1004.91960043623,204.202012845376,-534.470564193364,350.587222318147,159.700302497695,2.87756123871299,-178.423351668254,18.2702326040052,-65.2031095893225,-71.1302400372445,22.9647775105877
-10.0861145542485,893.121870115815,176.272373918689,-574.503170368719,390.195126890696,173.597682252822,2.00133798817912,-190.5256276567,16.8967971990127,-72.3876547009827,-80.248442092007,25.4236405347228
-13.3712192515889,969.061745203711,193.751004633701,-571.968668351376,384.436891007234,170.609724407525,3.09843270207153,-187.938269294082,21.0933697531656,-70.4777741447769,-77.2031213874421,25.1980536329891
-13.4666065389035,985.729367848672,197.393888280689,-582.021186185207,391.878360118702,172.745909700105,3.72236679495626,-188.601614755715,24.343133529189,-70.7247736208565,-77.111086656739,25.6190359588602
-10.4884419569084,937.834533896045,187.317455185999,-625.292564561902,428.130048731478,186.122113106369,3.89701649057085,-194.420612011681,28.2916811619486,-74.932559908789,-81.7863143673587,27.5666414220787
-17.5855911988694,1149.4846218265,237.990303839857,-546.36932444899,350.283871635558,159.332833133257,6.47566483505994,-174.695046634808,22.9788438783614,-60.8042325970053,-62.7076883246203,22.643627706661
-9.50285762218678,923.957505504784,188.515141864154,-682.744108095754,473.255647567205,205.215944694509,3.09841176652469,-196.986487985838,31.4942551962724,-77.7449602199096,-85.0002774692955,29.6234395209164
-15.252534689525,1103.08189430937,227.000826802997,-574.102120907331,380.184113479955,168.532117120967,6.26359763677119,-176.34578956155,27.4110795211125,-62.9938021380072,-65.8922137860923,23.9378203038223
-13.3757150799609,1042.25248517813,211.959535573528,-606.525961674878,409.391433385008,179.056842041839,5.74037927998262,-172.685630339225,27.8544410623027,-62.9682270907924,-67.9129931037551,25.4437226654446
-15.4696764057231,1115.88210828508,230.345793146243,-555.217679753904,359.42533067172,164.02260372046,6.13587909269514,-156.967377407084,21.7787905556885,-52.4026670982371,-57.1940236290575,22.5839644367563
-10.0752059866696,983.802733869898,199.782682418865,-651.673632662375,445.299674879572,195.957844144301,2.23208176125518,-172.051266294452,32.4363654524975,-65.412511456671,-72.5849535487795,26.7063006041688
-12.9202761492985,1049.08627583806,214.154558517048,-594.75700811577,399.21325009777,177.286204706173,4.57174695012939,-153.996247807429,24.7660929575098,-55.1759570861054,-62.8531463088351,24.2909035336933
-12.9412942721683,1049.88805297229,214.462109188752,-587.587354242917,392.429229418473,175.979271623748,4.01752262435018,-145.750680037241,23.209660035483,-51.6656791180923,-60.0142482091425,23.5895776312489
-12.858442527917,1048.78249419952,214.333762380065,-580.430143099586,385.67569990771,173.987620421045,3.38107884476766,-138.071196190055,21.8346188081751,-48.6578694691049,-57.4190636636095,22.7913619691952
-12.7417074569344,1046.45938525785,213.901539269887,-570.627500269433,377.501342376836,171.333720416138,2.95188712690502,-130.554404295287,21.6250292614303,-45.0470305902115,-55.4523982233666,22.3938115344224
-12.5977504265626,1042.28979446054,213.006763523404,-558.288045918972,368.046605890209,168.073913444952,2.91516822737903,-124.097743616607,20.4534646401845,-43.6490250878046,-54.8696084727426,21.9616342024436
-12.423508308444,1031.46272640236,210.644741669262,-547.853453831782,356.140293458473,164.386446835317,3.05238859043682,-113.553563834619,17.8231539287573,-41.2345251834892,-54.1347261371868,21.9869974920171
-12.2129923327758,1031.55156414957,210.219533632864,-527.780443313137,349.77409192632,161.196889541847,2.42017126567627,-116.074878752597,19.9830954014089,-40.7736175813541,-51.8684479821203,19.978654376398
-12.0256987128522,1017.69152727042,207.146358097776,-518.918690977623,339.368279184706,158.078700511985,2.58134479013518,-107.445346246451,17.807318265513,-38.7476522266639,-51.1039275918567,19.872899518123
-11.7836429426869,1006.06788366356,204.287183361447,-508.627841290122,331.78469947011,155.527054582557,2.46878225630618,-102.870407423237,17.0756504418868,-37.4187342212458,-50.0917039252128,19.286050125752
-11.5511236295501,993.962095222845,201.369578014583,-500.275627659826,325.481255657032,153.50232527619,2.34909810826838,-98.9637366164917,16.4537624577808,-36.281616394973,-49.2199889945588,18.7673315099745
-11.3339512275635,982.373075773785,198.662615197012,-493.373525228393,320.131746554172,151.848610139484,2.2714018427267,-95.743803992982,15.9565865098495,-35.2672908601213,-48.364992175371,18.2815627273279
-11.1420803603301,971.909225870196,196.308174021401,-487.797624984288,315.631245001955,150.501408938671,2.25819752599875,-93.1929314117376,15.5799604176427,-34.3468014966581,-47.4822450140636,17.8220968852013
-10.9981359648146,962.902026710021,194.346282594167,-483.485311556342,311.976306896886,149.471126674135,2.31353275816198,-91.2663899739209,15.3099286661135,-33.5162572394246,-46.5857639152821,17.3862260502432
-10.8921708847792,955.511224069673,192.701101654689,-480.415977943879,309.270583989739,148.841608315096,2.42470718308123,-89.9442419468707,15.1415784264629,-32.7886415481528,-45.7094483011446,16.9602382634213
-10.8279268805184,950.526568876294,191.605356873605,-478.666466974516,307.635180865131,148.691292858234,2.56702885208878,-89.2214215924272,15.0795792785213,-32.1551351738556,-44.8265037470248,16.5204527606918
-10.764179775373,947.947252479607,191.072493231558,-478.411633264927,307.121236389925,149.033696500473,2.7063758683413,-89.0565397078875,15.1270647067311,-31.5664464390094,-43.8311728595981,16.0449520672703
-10.6555235561402,947.257253052082,190.99772808848,-479.796413168998,307.728114333969,149.842383372828,2.82203352673825,-89.3701006822322,15.2776360410805,-30.9636748662097,-42.6286145057691,15.5307264680595
-10.5039086337148,948.103088441752,191.253629216598,-482.618851042816,309.363231758577,151.066951682631,2.93037691951269,-90.1139217911842,15.5287383133471,-30.2862149297962,-41.1474020581338,14.9736560869457
-10.3581527572451,950.518077283362,191.8708785293,-487.328001808804,312.31340106445,152.968389087063,3.15578709735378,-91.2378281397636,15.912629302661,-29.42678554908,-39.2990829230982,14.362894469587
-10.2272313223288,953.939511566354,192.738865862126,-492.699940946279,316.053891966869,155.193496236895,3.4968981594717,-92.9045159931282,15.8125505659428,-29.1536069933537,-37.3658766418547,13.5560918077741
-10.0985680688785,957.92776862706,193.729055861648,-498.760839257548,320.50507521354,157.723834451763,4.19758823618515,-95.2691583745377,15.597232524945,-29.9922579967353,-36.9052526821815,13.1425819162951
-9.97942541026539,962.522104217995,194.86637691116,-506.361480794733,326.101002529895,160.784613982076,4.96214735702906,-97.864696068227,15.9895981281983,-30.5086330711681,-36.8710824275008,13.0531138981779
-9.8816982216836,968.206950655143,196.25973242966,-516.340071768719,333.247478166355,164.613170063479,5.6851271859922,-100.598529235683,16.3197809461461,-31.1578800648143,-36.9451337207567,12.9843228399981
-9.80213203958839,975.198639590543,197.862497219896,-528.77317099201,341.985590661026,169.232275886797,6.36771819669859,-103.429329620537,16.6222898637342,-31.9259870337371,-37.1687225079913,12.9589525652641
-9.44742336204074,982.666510457159,199.312446767355,-543.152029196685,352.048131939411,174.520469171986,7.03854408918219,-106.357449470844,16.9200083098929,-32.7903502725749,-37.5194079801888,12.9724275701573
-9.2590464974585,991.877590307047,201.283751951334,-558.455483001871,362.866597853314,180.211195288641,7.76238290607006,-109.482458978089,17.311235316208,-33.6659109119956,-37.9079816648579,13.0104953566897
-8.55522329248101,999.844428051231,203.308024154029,-573.541332774978,373.789400392657,185.980938850823,8.68074272177316,-113.329894639553,18.3771310216383,-34.2166941125202,-38.179315564691,13.1205931712027
-8.23752438764424,1008.63492846941,205.375442331812,-589.072233721462,384.579395574438,192.117430488973,9.41638708301377,-117.895728484051,19.4436956255585,-34.8745694783666,-38.3170324008821,13.1389358843833
-8.05084521973624,1018.0095598846,207.814927786046,-605.188991458531,395.453813429361,198.586679088637,10.0327878697479,-123.024970920378,20.2841960076532,-35.6460940973484,-38.6124677792645,13.1117580752634
-7.85618388806698,1027.04796662557,210.093285704716,-621.747937397859,406.613022449912,205.33079346412,10.4732085777521,-127.843518681755,19.5033762458815,-36.5918064879462,-40.5993185375895,13.2415715104231
-7.62814131203239,1036.44775791124,212.356611473236,-639.108152389381,418.390883655652,212.448166367613,10.9212784451516,-132.879482970885,18.5329675802987,-37.6592901053966,-42.9923581241815,13.4185004692603
-7.37814047520305,1046.92249760544,214.80828500968,-659.104170304492,431.490850665945,220.584993929668,11.0462178191956,-137.790317054489,17.3606148433915,-38.7351711695677,-45.4449901563907,13.7009964680753
-7.17484253531867,1059.12071310307,217.676221637605,-681.81735771369,446.601229818693,229.410107157641,11.462016215883,-143.031791598901,16.5118629717131,-39.9875493749265,-48.2808596873511,14.1154300728975
-7.03912933233868,1072.51222791442,220.796634588453,-707.228385194628,463.429201938332,238.919067708238,12.0587276482783,-148.621911241766,16.0903058417275,-41.3205155463739,-51.3027564817736,14.6416938311132
-6.94409324530523,1085.56574520637,223.795718114575,-734.277094153954,481.135241292369,248.85043952446,12.9549289331493,-154.870550680963,16.618739609527,-42.5058353551474,-54.1315899644902,15.2413617471279
-6.91164102893954,1096.9849485867,226.39129043796,-762.420713654162,499.116150069907,259.188968812556,13.7849576997985,-160.169583740184,15.0956654543981,-43.1566158005269,-56.4420534546708,16.0286500892317
-7.22629271895332,1106.33543463339,228.243237308636,-790.613548204334,517.187114668198,269.433199487042,14.6666921934518,-165.159706832737,13.5777092866973,-44.4841755804629,-58.8996063786655,16.4364723915416
-7.13211523368764,1113.11507964841,230.115904849684,-818.490094541169,535.112867952562,279.422064817979,15.7198028959587,-170.015343367687,12.5868740966056,-45.7895816818353,-61.2516677140522,16.8109847386342
-6.91359229503873,1118.76176134713,231.854241745299,-845.744382013268,552.688884123915,288.971420556885,16.9684238671395,-174.794748460753,12.1940802124769,-47.0446668504562,-63.4749944316145,17.1494597405973
-6.6286093568154,1124.21699436896,233.510632668868,-872.603421578279,570.028385020307,297.977525413771,18.4920123246303,-179.554508556566,12.673707729035,-48.1783775931905,-65.4917957552193,17.4629081907039
-6.35424197864939,1129.78069046205,235.1551038822,-899.758746872492,587.553357828658,306.423160536924,20.456513732806,-184.492801870269,14.5351658832081,-49.092549622576,-67.2180464499074,17.7760623885679
-6.06453922039222,1135.59967087417,236.766590315842,-927.427607611541,605.537475055751,314.113959107469,23.1916961789925,-190.107075948144,18.5371222914262,-49.7075721057532,-68.7289600008554,18.1174125923761
-5.77448034863443,1142.1535225489,238.481748712887,-955.414760833141,623.951816123072,321.447051867342,26.2770191113222,-196.299303892492,23.4555765075697,-50.0835768564086,-70.1194733765705,18.4534030973642
-5.49128680409011,1149.89928094628,240.472537197421,-985.946641409276,643.331423195511,331.668652322711,26.4773950063197,-199.324200053851,21.2090400335859,-50.7093572142841,-70.8134067426494,18.6237108509714
-5.20036022225598,1158.92566412219,242.807603451048,-1014.34028808255,661.632367369586,341.194256506157,26.4967473161201,-201.964729289293,18.2736085821163,-51.4777009543294,-71.8190442233569,18.776374196074
-4.89356983260193,1168.83907079535,245.423027423221,-1042.23713763052,679.838893403769,350.586040182785,26.5574418089531,-204.689675339358,15.2276425682079,-52.2695226442105,-73.172370757858,18.8286700281305
-4.58709326751618,1178.85804804438,248.078769010254,-1068.6720894362,697.437781442626,359.21291107069,26.580972444434,-207.422822169613,11.9257061459614,-53.1612327455378,-74.7880861794423,18.8171274807339
-4.26575287803462,1187.93966783971,250.495980721113,-1094.66223504484,715.059409007011,366.792361823904,26.5984207382279,-210.238784706577,8.59103416248799,-54.1534435595676,-76.5385347496426,18.7576423282969
-3.99265131186821,1195.48793083181,252.443371334107,-1120.28107825598,732.25276142132,374.814957763239,26.4312766020304,-212.387165694381,4.87608354527416,-55.6280617162126,-78.5091706765892,18.5223817312067
-3.8575234258889,1201.78460428844,254.087027247655,-1143.8750309908,747.744476244461,382.124364645047,26.1705360066818,-214.083295886772,1.06972814436348,-57.5982763218715,-80.7168536152363,18.0470083690682
-3.80769650908259,1206.81022176168,255.513752476323,-1165.87265637565,762.20088394044,388.865841763078,26.1010973976467,-216.977931594513,-1.25407052888735,-58.4865444331358,-83.096910317329,16.4738451118785
-3.7338660347144,1210.65503268145,256.734769353745,-1183.68772954696,774.093377221418,393.87136877568,26.1177240048879,-220.541609356262,-2.79572635639223,-58.9468385981444,-85.7977933046535,14.1592143008497
-3.64940508261595,1213.11069553472,257.697858601168,-1201.7652725694,787.0628510204,399.95613264723,25.6550559923617,-225.584046246737,-3.09242112997216,-62.2027606417296,-95.0117315248415,13.9918132916154
-3.50837588702292,1214.16162442815,258.307082872416,-1214.60842775518,797.322659019167,404.167637999523,25.0402363355373,-230.694366808882,-3.45314515009903,-66.3323916942514,-105.746635237449,14.3956635178775
-3.08160748506274,1214.31860893747,258.485709388929,-1231.20851436116,810.553518357802,410.103717845651,24.5267121005555,-236.133727958224,-3.70790245376925,-70.2246949862072,-116.032151203721,15.1630403982432
-2.57611434088605,1213.53270395708,258.491904070827,-1251.08005471525,825.256386641217,417.890798046152,23.9115352535193,-240.97031227015,-4.44374348811596,-74.2197542550344,-125.813189029881,15.3936781921443
-2.01792932765575,1212.43962373081,258.491117519543,-1269.62902831463,839.384249268247,425.579942722221,22.9921909468152,-245.14339122079,-5.51892082559694,-78.5172171418449,-135.792885860563,15.541038338191
-1.42722663152236,1211.61713994527,258.586851557155,-1287.59868696764,853.273273831591,433.642492197991,21.8804213761125,-249.330510345732,-6.75458769237815,-83.0599833456978,-145.803244184878,15.7160655028901
-0.824192930533815,1211.33881577161,258.817014462528,-1304.2327500876,866.277515251459,442.127924549347,20.5060480382755,-253.443695360864,-8.19186983599715,-87.7905950591343,-155.744591501572,15.7143798345616
-0.287773894764792,1211.33994734061,259.135539845676,-1330.30211897855,888.633050510272,450.795732876365,19.4503533759665,-257.77654511316,-9.26361370688502,-92.3294638833662,-164.876052737019,15.4252189450615
0.172239083055118,1212.45070442571,259.638835432776,-1356.67477328941,911.840333186406,459.524557690427,18.179424775603,-261.905634959666,-10.3196939888648,-96.7758497485876,-173.533970930726,14.9803941455977
0.613511910672157,1214.25534919873,260.217766628172,-1382.45305862224,935.724537967089,467.981851293961,16.6397802941435,-265.634813093204,-11.2977459855456,-101.00465781939,-181.53946789595,14.4186431949321
1.19580078955455,1216.54006620278,261.194389170396,-1408.99837957694,960.041936152395,476.666260913283,14.8085634754784,-269.073691102121,-12.2227521304584,-104.962786252138,-188.863648894805,13.7706955254162
1.6734912219017,1215.36531832731,261.825748145837,-1412.74546761611,966.456107547362,478.542273957077,13.7309533562779,-271.592330020209,-12.7708689129516,-107.984972926715,-194.083644708103,12.9320410214978
2.40977080182901,1229.41001099496,264.620222441655,-1497.16273344925,1023.73587437077,505.127070204625,8.60771988824936,-275.741093736313,-14.5838353981837,-113.154048523741,-203.385501055677,13.1577878196597
2.80102358600722,1232.23925234059,266.588707285442,-1505.31826834876,1034.7399502239,508.536672424038,7.19498066216152,-277.948715810731,-15.1569361394269,-115.757672776782,-207.578748016456,12.2958830432719
3.44672226948745,1241.07242334709,269.408085979562,-1536.12715360597,1060.99562852042,518.619298614356,4.50459546695278,-279.906972681604,-16.2250621225261,-118.510980526543,-211.793984000082,11.6277288208572
3.84762188177781,1250.10225162892,271.7874625814,-1564.77320449152,1085.32390376706,528.0294412141,1.85394764045748,-281.886262980682,-17.2610422111939,-120.890862284155,-214.642255650421,11.1966468457358
4.47497378406468,1226.00858476701,265.058508964087,-1640.88210534125,1136.22570760543,545.490615872984,-5.23698399748409,-276.624000969018,-18.2570482303021,-117.474390117609,-207.157532156815,11.7756398870039
2.95886147569394,1315.05214755209,293.050582279579,-1539.19355628612,1078.35052115918,527.369494675243,2.24664155489026,-290.586717706332,-19.4556921370801,-129.737775090505,-231.450226678741,10.4067954957568
3.76691589118644,1276.76712543068,277.884308575151,-1658.26505751497,1160.34313390919,557.909322739288,-8.74148411006154,-285.632877697818,-21.5548441766189,-126.926994006596,-224.865528540738,12.2267029000921
3.63233223137094,1283.68785881337,280.507682005145,-1644.43347530439,1154.21245724369,555.061965477006,-8.10865757756565,-285.986427348395,-21.8238281410114,-128.112215757089,-226.709245100852,12.1718436640292
3.85824239342876,1289.80774915937,281.970540835486,-1653.74174361455,1162.02686772519,557.756982611971,-10.7505820334941,-284.768441343135,-22.5706328673988,-128.191879378168,-226.354933785727,12.3927273092991
3.89818728007424,1294.13594209336,283.466196690493,-1644.4923926275,1157.33841476694,555.269467245904,-11.0882758794013,-281.103435885752,-23.022744916716,-128.267193753881,-226.429978910452,12.4595839110059
4.19794063491488,1296.09997826456,284.579873699498,-1629.21334793016,1148.02846581703,550.836192382757,-11.3302127331524,-276.506890044909,-23.3617019205027,-127.892062540468,-225.794710338855,12.4817064547165
4.36682687295524,1295.96650784989,285.381876601916,-1612.21801257097,1137.21576691032,545.993509036368,-11.4144131513333,-272.391051946936,-23.5917687967196,-127.537719035833,-225.163583703381,12.5316782419441
4.50054461239317,1294.82875938617,285.992373211043,-1600.48948376387,1129.76224711143,542.923563208032,-11.4602167800598,-269.894539315513,-23.7532538286839,-127.64472088073,-225.241069784292,12.644199142145
4.5552280145733,1294.26767191813,286.711045703446,-1597.16514715747,1127.91766043115,542.646633604873,-11.4975011276719,-269.628002355088,-23.8925352230725,-128.495800507411,-226.482634892288,12.8228608180811
4.52439116813797,1295.79102921548,287.811659283858,-1603.61717969961,1132.68702174963,545.59957487116,-11.5509555411623,-271.650944797046,-24.0860155385379,-130.18895185697,-229.010708521669,13.1005686777112
4.48374276240414,1300.39353905798,289.505838108847,-1619.65823947041,1143.98078357338,551.742199296111,-11.5932041567029,-275.773903789298,-24.3281907342395,-132.64280689556,-232.716438643963,13.3859394597727
4.45496803456894,1307.94621866858,291.783749192437,-1643.28900602698,1160.40231119083,560.442598106096,-11.5543363924154,-281.48257884666,-24.5711087780974,-135.544974622996,-237.128468980217,13.5515223050678
4.471671296585,1317.19985440116,294.376247864006,-1670.47080221711,1179.0443332603,570.324145227953,-11.3377932667844,-287.888211481205,-24.7013940798009,-138.255804727575,-241.258137754223,13.4395947732823
4.54256273693895,1325.79407896914,296.73301558577,-1694.93472655768,1195.36919900621,579.185387574795,-10.8391967224057,-293.68879827223,-24.5495818242495,-139.822494020647,-243.614128898527,12.8935541059849
4.65093417368436,1331.15997450769,298.229590324879,-1709.83837610372,1204.8600955451,584.642509307642,-8.19387356034775,-295.393097982719,-23.9698148762889,-139.901001604938,-244.018427548431,11.9665492292061
4.76385944072257,1332.01064954748,298.518048469302,-1713.00833961454,1205.5306202261,585.803276813067,-5.51809531532066,-295.172873112028,-22.7361381351299,-137.593504526642,-240.766465840569,10.2965852166924
4.84263942008864,1328.75329218909,297.648721579629,-1707.23097979645,1199.483636374,583.561097408506,-2.96118649268696,-293.462561722801,-20.9375756176098,-133.582792556234,-235.300144309795,8.0016574605681
4.85420892582445,1322.47183865587,295.861227620347,-1696.53238036907,1189.74356562975,579.310995613891,-0.866687396530201,-290.595642363865,-19.0900218428676,-128.80312434992,-228.565268200768,5.91377989691656
4.78684061382186,1314.21012799486,293.415452290942,-1682.9814030387,1177.95803472479,573.840454362131,0.63253604122388,-287.133126136292,-17.378723261217,-123.889432914655,-220.89506458446,4.38468807153608
4.65674095839579,1305.12742959949,290.612381295896,-1667.58288060277,1164.98205935939,567.589739617357,1.62809835397813,-283.422264925123,-15.901760457055,-119.325280542893,-213.261354800617,3.38586788186131
4.49402772345862,1296.26375530457,287.746416804338,-1651.5232667116,1151.76430914476,561.051014935737,2.26753485686523,-279.872926840919,-14.6279854128212,-115.292996234611,-206.140968939757,2.72620500464729
4.32416562378162,1287.87306903066,284.972561171461,-1635.80068083119,1139.10875569249,554.631308943452,2.77231686829639,-276.917483946079,-13.5017739678719,-111.790123536664,-199.713654856466,2.19920917022839
4.16458428893051,1279.88432938802,282.302594891854,-1620.86490270033,1127.41862973926,548.533673574166,3.28082357657267,-275.073058951823,-12.3213478761338,-108.672774331352,-193.875779114002,1.4946914014915
4.03942429530194,1271.82610225308,279.759576061954,-1606.78569562384,1116.79415825563,542.832206440878,3.61843823496361,-273.151285576177,-11.6413159048751,-106.290846426182,-189.416866542737,1.12106906190776
3.97991013432743,1263.73731446756,277.426412052516,-1593.49289916878,1107.17996244979,537.548203283865,3.88745023207493,-271.631606163093,-11.1741907402329,-104.423118138867,-185.938508428616,0.755575860904151
3.92234642477951,1256.19256589757,275.401941023329,-1581.33471800491,1098.75687899564,532.820807616059,4.12398392282783,-270.623605278229,-10.7617668288807,-102.88201300128,-183.181282450075,0.220621920280922
3.90046448029461,1249.84773765904,273.790387373915,-1571.55795887549,1092.28764728027,529.060900202216,4.3406042445925,-270.024715347117,-10.4403868844489,-101.594795932084,-181.038812619931,-0.437465072885994
3.90651406825978,1245.33450530287,272.713282813508,-1565.53946074186,1088.63301460361,526.716975398626,4.51357197878398,-269.833918098041,-10.2048234489565,-100.494840574446,-179.460380204432,-1.24420433338987
3.90624645520962,1243.00313289031,272.232683746201,-1563.54794802027,1087.91774507025,525.889559305454,4.61642956297582,-270.109755033756,-10.0188275258847,-99.7040173318479,-178.529337755021,-1.99523630248305
3.87150261807384,1242.83750683402,272.34147405453,-1564.55142221078,1089.40012893443,526.260381167995,4.66261481281045,-270.583167613227,-9.93571800343372,-99.1731373461958,-178.135859033927,-2.66889342102027
3.81613037526882,1244.49554163667,272.989370441913,-1567.01054522194,1091.97987451859,527.321447452777,4.70948858453735,-271.18802006861,-9.8983999125008,-98.7601732054704,-178.083894348729,-3.35447296442875
3.75098267151639,1247.61817873357,274.079252180504,-1569.95656556537,1094.95318182334,528.708063751371,4.75701366361634,-271.754030635137,-9.9219103567924,-98.4186866997164,-178.223664767072,-3.99960973356155
3.68020753833612,1251.86689231006,275.454522861861,-1573.32522859198,1098.20804934507,530.31066653463,4.79988389737619,-272.269372267705,-9.98988692541826,-98.1030034151688,-178.395527807002,-4.55281510146425
3.61710710647023,1256.87447799963,276.96521105324,-1577.19512112836,1101.73259793048,532.063744983116,4.82584169279206,-272.643024540597,-10.1188212486313,-97.7665525619007,-178.443884383208,-4.94868115264509
3.57223382242095,1262.2168649025,278.472485274593,-1581.48133276223,1105.4328810538,533.884527155802,4.85078150676767,-272.928736682503,-10.2642381941796,-97.3628143434545,-178.270930971143,-5.20178717122577
3.54644682403612,1267.48312650725,279.872304931087,-1586.40803456928,1109.46617329343,535.833193890391,4.86629957586387,-273.170316496826,-10.4165094676244,-96.9064489038966,-177.89899021858,-5.3358164734663
3.5280434854638,1272.38803814905,281.11432473895,-1592.28284289025,1114.07232681215,538.021757329909,4.84706060911749,-273.433551723776,-10.5713739592429,-96.454060367995,-177.43330811975,-5.37339831730397
3.50395992165776,1276.78449012976,282.178207477057,-1598.79343725597,1119.07894325072,540.370048313745,4.77211463127501,-273.725527194985,-10.7259520975728,-96.0580791517521,-176.979674644513,-5.35032962504368
3.45645529979953,1280.42912851347,283.062576282115,-1604.83164149807,1123.77526208033,542.5418228531,4.63788303014307,-273.98311392734,-10.8759828768709,-95.7510127053363,-176.615629477338,-5.31901970423683
3.38843164718503,1282.86468789539,283.727792769015,-1608.83079319325,1127.13092665228,544.045380312711,4.45535289804541,-274.106551518923,-11.0123114878007,-95.5427352757694,-176.381647377505,-5.33802688526237
3.30908383203323,1283.68672871023,284.060745016516,-1609.53696466668,1128.30929775763,544.47514190177,4.23616568994728,-274.019972188092,-11.1234131836587,-95.4318003923084,-176.285667144896,-5.44882835034073
3.19189724255214,1282.5853990808,283.957033935448,-1606.64729293509,1127.09291220058,543.727569418495,3.98526307591375,-273.740332368148,-11.1968157686475,-95.4237817920656,-176.325254267614,-5.65880057115579
3.03553606715299,1279.21726282012,283.339007005481,-1600.77039203072,1123.8888103637,542.007693119757,3.71070281032359,-273.376361058969,-11.2204020260958,-95.5376013692067,-176.514608482372,-5.95233112521961
2.84561534821515,1273.51531246704,282.192936511098,-1593.37835509589,1119.68838460813,539.811838246699,3.40823163123244,-273.090997242668,-11.1903274503994,-95.8051270660299,-176.898565046996,-6.30445576095355
2.63304936687909,1265.89106188207,280.627732275252,-1586.75364416264,1116.03084523836,537.891727687041,3.07553000122793,-273.151644938997,-11.1007373817882,-96.2664579090603,-177.546024947657,-6.69225988602569
2.41117365923693,1257.29243265896,278.878839562521,-1583.38489680691,1114.59877920931,537.051933498763,2.6951427249403,-273.684496096921,-11.0406661256689,-97.0278377942518,-178.686603784386,-7.02488615250781
2.17319565085737,1249.00569976724,277.278227541436,-1585.43175395697,1116.862749334,537.979362235836,2.24538493450985,-274.845287993136,-11.0658559268273,-98.1697235247413,-180.485884923864,-7.2671389778471
1.98821958826689,1242.29804757246,275.960266218279,-1594.56943309148,1123.97511937224,541.194907327963,1.74160573258126,-276.951121399912,-11.1447680135005,-99.7149072686066,-182.95723455389,-7.44303213685595
1.86127502058523,1238.11310338851,275.191793586865,-1611.53319493741,1136.46072726376,546.914217049425,1.19145977604723,-280.094333127556,-11.3079853362362,-101.707944574103,-186.155507153105,-7.53153498744007
1.75970582639589,1236.97350858054,275.137078503593,-1635.79165870901,1153.9862884047,554.950355380927,0.615799652668799,-284.219157205323,-11.585793907893,-104.156532106847,-190.078236030526,-7.53611744460056
1.80214123696274,1239.19485761342,275.768026775308,-1666.3270017326,1175.88096275006,564.963286276285,0.0282717274820583,-289.181707812712,-12.0076156392146,-107.03930889953,-194.683542226404,-7.47364610125881
1.87697805680265,1244.84886162044,277.164201327929,-1702.17941007989,1201.50304601269,576.64260425007,-0.602630648629118,-294.54602435956,-12.7202506547562,-110.374830108131,-200.047567542225,-7.24686852571603
2.00908051918577,1253.86808840542,279.316172731016,-1741.36045900733,1229.48971192623,589.377835345813,-1.23275436583988,-300.163866977749,-13.6706241054391,-114.130743484527,-206.022421230802,-6.73330931290979
2.18681175418247,1265.77780895215,282.161677733843,-1780.31987362664,1257.38510812761,602.078060033321,-1.67624465815039,-305.811574155069,-14.7249011794996,-117.87585246654,-211.969162963464,-6.22979062641682
2.39700994900997,1279.71305805032,285.475672030363,-1815.61238093379,1282.75929338985,613.661305027838,-1.85629659562646,-310.898257652172,-15.8907507318697,-121.358995207106,-217.497165127768,-5.72582560759506
2.61243881108963,1294.60061218592,289.068534513339,-1845.48784011381,1304.29437820344,623.550236059516,-1.75402316831133,-315.303072639265,-17.0228192760868,-124.339920717774,-222.263560855303,-5.26579046794713
2.80578750400343,1309.43916581534,292.672518108611,-1869.17712327731,1321.33958392058,631.477998410852,-1.3866474768477,-318.733647812841,-18.1537196448925,-126.738957039795,-226.110500635982,-4.7608291661302
2.97766322158931,1323.62945838628,296.107032464762,-1885.70413437915,1333.12636461533,637.131862632652,-0.715407185766674,-321.212732504838,-19.1967167965177,-128.470636312846,-228.9398267046,-4.23454622782901
3.13843972697544,1336.90116927868,299.272657537085,-1894.46206955783,1339.15446110066,640.307070924682,0.254388754491585,-322.706049423267,-20.1139174433916,-129.516783252271,-230.715662212189,-3.67109225059492
3.36107697947786,1349.05700353687,302.092164095007,-1895.82504576882,1339.59965044974,641.07415498466,1.44588210466076,-323.100561059048,-20.94695634825,-129.921261672142,-231.428428318381,-2.99241200280725
4.74947020784383,1335.64869979288,294.967681907527,-1891.9162038738,1330.39725011719,633.718717502815,1.0217818353487,-314.391029932401,-21.3624037180172,-123.899252130427,-220.375147053148,-1.11182736940125
4.04300621804935,1393.89183732052,316.237663252783,-1872.64547486443,1324.60608421344,639.238622596583,5.386005521872,-324.771837272152,-24.0242424990386,-133.702013353945,-240.127319862442,-0.556255536655691
3.84264331603065,1378.64038855375,309.111151590064,-1856.89176537763,1308.50446225389,629.108694737432,5.1385178167076,-315.328273243806,-24.6639712157011,-128.249132890144,-230.250446543048,1.63889316238614
3.84510420797743,1383.40346409506,310.10015489365,-1827.84421496113,1285.56916518243,619.160488208735,6.52047577258195,-310.145035483597,-25.2671767220085,-126.220192680937,-226.672234987007,3.21985362309208
3.81930757382651,1384.67720890856,310.394162627811,-1790.40207797457,1256.57052539621,606.606300315114,7.91625486321415,-304.049730948961,-25.77776995632,-123.963352615506,-222.611283699637,4.6200883986509
3.6846287735778,1381.98779594576,309.608396054874,-1744.6488624859,1221.39097802677,591.221066976138,9.24238746496138,-296.672425609739,-26.2141364025804,-121.200233275079,-217.567326048201,5.78581322795854
3.54943871750077,1375.54396273575,307.839902004165,-1690.67173648368,1180.07328069862,573.071630312771,10.4915844282493,-288.262648282825,-26.4314650133084,-117.916905590625,-211.591503599096,6.77983937349821
3.44723892060626,1366.13268590764,305.270902623509,-1630.54541167056,1134.61559841355,552.849462779387,11.7634441125501,-279.307625320005,-26.408048189625,-114.162895825786,-204.77169486225,7.50010711755218
3.29167345220892,1354.90519806542,302.106927150157,-1570.75168322606,1092.08734140944,532.533996646202,13.0077226853692,-270.19168482832,-26.0868262924873,-109.989901026365,-197.255631287897,8.03711562550438
3.10948627555586,1342.79553587207,298.589493382909,-1506.69591605135,1045.93247797808,510.951918861477,14.1954954419694,-261.07511013185,-25.4764469151046,-105.48459200467,-189.157931942038,8.42913058193349
2.92708693023026,1330.52564264629,294.843829893933,-1440.35753000352,997.740828641602,488.739365591736,15.354072548573,-252.298032460117,-24.5533689638806,-100.724942566376,-180.56198386765,8.63669523651278
2.75757773417308,1318.23051212613,290.946053813604,-1373.9661249543,949.747811701673,466.578426002869,16.3726730052508,-243.755566706333,-23.4729460534015,-95.8300781401558,-171.658190937225,8.76067973069602
2.51179415093614,1306.00162835701,286.991802405548,-1314.33308599335,907.972568993166,445.021726464499,17.3217168622215,-235.139419791727,-22.1238657488731,-90.8237715059587,-162.340737975856,8.85741827037893
2.26420551688637,1293.42819585729,282.928400928002,-1269.42809547872,873.410280307067,426.488801359132,18.2025885979649,-227.022230418804,-20.5672949156852,-85.7882370076692,-152.730080510434,8.97226748090321
2.02389439158456,1280.54933190688,278.781325778007,-1220.73419766635,837.636424367837,408.234092077733,18.8001318084042,-219.287617382462,-19.0922923637223,-80.9011079757347,-143.20201285591,9.16204867264114
1.82465591632549,1267.64390113941,274.583582610697,-1174.39926183915,803.140183327133,391.360411806715,19.1780459323369,-212.020692329088,-17.7391592671392,-76.2331510567604,-133.924762848957,9.4394635124233
1.63501818033941,1255.11824958635,270.644118151375,-1131.51438494444,771.21640083857,376.004064895107,19.5460571617785,-205.278345550579,-16.4395319069473,-71.6730955473614,-124.520490485047,9.64521555496053
1.49000978729083,1243.16057670923,267.235115726607,-1097.10289217945,747.824249172899,365.197092108275,19.9653776310017,-199.078536887355,-15.1311061101864,-67.2861673836723,-115.122918749581,9.88826021676793
1.14866536951246,1235.65845636578,265.620439853598,-1041.68272231982,711.213799170884,348.097754167744,21.36724212636,-193.357830298684,-13.8700029176968,-62.6219669827103,-104.982279182577,9.28355171924481
1.54380617503443,1215.73161234326,258.447023466618,-1065.32222318084,719.792449338097,352.211135384961,19.4556851183186,-187.298237649425,-13.0851757912169,-59.3285578359589,-96.1775551210311,10.2138696368567
0.372350172752393,1220.51625716556,261.889117929941,-964.874478840001,658.165507256524,325.848547306428,23.5492705569925,-182.828737431415,-12.4214119893863,-53.9814903550873,-84.4972482377625,6.90835096085398
0.405865239277537,1203.51979138442,255.850322758038,-986.941450741308,668.276889590968,329.120051826094,21.362086312829,-176.88163989557,-11.6831027865184,-52.3387136796638,-80.3006591778371,9.29095344118248
-0.243876375899243,1201.36410819863,255.931726551096,-949.834463498054,641.173749145392,319.154815862399,22.1799284597969,-173.263226030541,-10.9834570890439,-50.8458970595256,-77.6422558499511,10.4834896338744
-0.589720429772274,1196.27328267409,254.435981803633,-930.72872986559,625.758719815268,313.004873273116,22.3690909116583,-170.095251437334,-9.74574925192608,-49.5417111559838,-74.2853731062322,11.8402118951437
-1.01344653285838,1191.99057275673,253.293803144899,-914.419853725151,612.666269107042,308.476954098684,22.6798329586583,-168.289465315381,-7.48089535190196,-48.0730535741392,-71.158014890772,13.5689401772823
-1.49865685880672,1187.89675656781,252.293921151497,-901.272754358207,601.768735441617,304.259736667644,23.0844747855265,-167.892616775645,-3.35415634136115,-46.7266549346631,-69.0626014840852,14.1762827402179
-1.95685042087127,1183.28721791421,251.142506625253,-892.285653722752,593.558790814815,301.054448175535,23.2024379848824,-167.436753429395,1.15756769208903,-45.5977740116873,-66.9775292715876,14.6506679486134
-2.36747741539875,1178.11704219745,249.849660136038,-885.950672364995,587.256813181338,298.459836430523,23.3329916544909,-167.365350156925,6.0088286673295,-44.6553944846545,-65.0061707711277,15.1215404096902
-2.63142572394706,1173.18655857611,248.607288495393,-879.163931770369,580.939270370128,295.57620866899,23.4542887825044,-167.363604545285,11.0052732973569,-43.8595782222975,-63.2081968894426,15.5338062289549
-2.80939295838229,1168.72181556604,247.430302313067,-870.235402216195,573.512702490702,292.030473815121,23.5200552326738,-167.146913317745,15.9598491057763,-43.1688400721037,-61.6372570345998,15.8480326428131
-2.91948400369781,1164.88589490565,246.171665558981,-858.864916996775,564.807355983568,287.47119062576,23.4404665764119,-166.501169512945,20.6690046029523,-42.5336277194984,-60.2448271743312,16.0723102505076
-2.92030953370435,1161.73207990194,244.755886166409,-847.7317171513,555.37714804875,282.893549815591,23.3315856449241,-162.524940441599,20.0385291639237,-41.379917210979,-58.0592797183356,16.4245432441977
-2.8720246490145,1159.72390571998,243.344490230565,-836.546313088191,546.119034134374,278.017793707126,23.489965093568,-159.433204083197,21.0151730952866,-40.2230347693771,-55.7758432170917,16.6773607174534
-2.93352436655685,1159.74711532211,242.782057109447,-825.299879063899,536.573127856483,273.078718136841,23.3303339442263,-155.980252947718,22.5555496655413,-38.5420186942347,-52.8048693868195,17.0393091067896
-2.18789332031336,1157.39807706796,241.540269895076,-812.34958352321,526.920311911052,268.628388034562,21.2517183042648,-152.569436189275,22.8342195471846,-37.584087928327,-49.8188387019064,16.7513046084244
-2.29959697908617,1156.89349094788,241.59251024776,-797.308187669595,516.133122394974,263.389577611911,19.5684846565154,-148.962545422195,23.7016820862855,-36.3243605996884,-46.6003293646882,16.5010454732668
-2.51130870264081,1153.94852249146,241.031393643235,-780.626086700827,504.588587663373,257.663800150551,18.1988808506216,-145.295418256382,24.9474596345082,-34.9547184699741,-43.2674926312448,16.2173955133807
-2.81936590189112,1148.09455894758,239.764376332145,-762.976395803099,492.746973504355,251.669434697774,17.0260222147102,-141.429645749209,26.1357929976996,-33.8290768128764,-40.4176666515103,15.9737475322385
-3.20512227091663,1139.11614311053,237.700094266985,-745.333985216138,481.109984279916,245.664255246947,16.0253975617413,-137.499879129607,27.3053690809924,-32.9021045689777,-37.9207881265843,15.791638216347
-4.46436370399041,1131.93511862853,237.413813172716,-728.680936766984,470.107819644557,239.872667983947,14.8476350841799,-132.438149199862,26.2931180119363,-32.2557057190237,-37.8999906310655,15.8760426533065
-4.82220283158008,1121.09237792764,234.883842662993,-713.734922854255,460.16218544562,234.41114366436,13.8003008685269,-127.608207026585,25.1601142401801,-31.8540488160653,-37.9899667676798,15.9667072406815
-5.19586744531666,1110.73450556438,232.693723830828,-700.860618016116,451.500803391694,229.403444782964,12.8808287207596,-123.102537027367,23.8874407591713,-31.7339844268902,-38.1863542434209,16.0820035590434
-5.51636633002601,1100.88140380323,230.5963528258,-690.102322315943,444.186775236809,224.923956763216,12.149708411676,-118.963451631613,22.6627117853659,-31.7464497299431,-38.5169497528746,16.4253262456645
-5.78116905391704,1090.7592571085,228.373742197386,-680.300810059127,437.769660675618,220.657807404276,11.7484239506143,-115.624438532369,22.4217963666195,-31.3315210501157,-38.8865938070939,16.8737309161064
-5.92939145168755,1080.09941346575,225.86085177363,-672.207794236451,431.48313210733,217.089209621163,10.9583963429353,-113.350038707971,22.2921225096425,-31.0569065785725,-39.1653480926847,17.2539764863856
-6.042065101396,1069.05851993327,223.189931304474,-664.683798370657,425.105906272082,213.892488357289,9.8170492743178,-111.487151178144,21.4983956737835,-31.3258198086673,-39.3743024830161,17.4407731102727
-6.1333038242698,1058.28988388978,220.483216375307,-656.816641105833,418.791802018182,210.653646316552,8.75063544945074,-110.029393240833,20.8161691615748,-31.6378577465567,-39.5351942801182,17.5945304481243
-6.23049305927346,1048.73154036635,218.04096013422,-648.840199427295,412.63637083414,207.415294457958,7.76313859782009,-108.958628526274,20.2670748359918,-31.9817302154562,-39.6554268135862,17.7328567396776
-6.37779872371962,1040.66580322919,216.041571374293,-640.429626262927,406.49782101679,204.123335716811,6.88435970749542,-108.273991803999,20.103864200716,-32.1729734764813,-39.8908785659223,17.9699367921311
-6.52860694025448,1033.12053469423,214.181713560963,-631.160675892565,400.19453337561,200.733167463996,6.0712299718473,-107.973908081109,19.8743171287519,-32.5843212752286,-40.0286213028285,18.0603912101797
-6.66218482634542,1025.50009635117,212.311749859724,-620.985167105371,393.683813200704,197.230672604887,5.31533237109444,-108.027696825709,19.4614425889817,-33.30672857436,-39.9623101060488,17.9466690695244
-6.76804609959097,1017.42446946398,210.309574400825,-610.226442454446,387.066393314743,193.601706665196,4.66077874943904,-108.263697258297,19.4551479950483,-33.7937789847729,-40.0251228010491,17.9494042075044
-6.85794626347912,1008.80118277657,208.030856158307,-599.929343137881,380.771030681104,190.112160317231,4.08650883444358,-108.559382949547,19.5543406290781,-34.2381876654316,-40.045635691261,17.9531439302957
-6.65780353913477,998.771275049115,205.311121422757,-590.496133968516,375.052485485146,186.915565805556,3.57656024791976,-108.921061051983,19.7454115736517,-34.6547141603461,-40.0479830685226,17.9643036241964
-6.3055786775013,988.909994573513,202.830133240673,-581.747072313266,369.875075609416,183.977598761177,3.1084904756162,-109.410740785749,20.0278579681773,-35.0730539886359,-40.0506998340327,17.9792493163367
-6.44970441009683,982.245495834414,201.265687827228,-573.729540558131,365.212793727419,181.296269008143,2.68116031166223,-110.01924472553,20.4012293800469,-35.4918993495571,-40.0514425888022,18.0023438030398
-6.89311144744975,977.412487353619,199.949837442898,-566.517035375962,361.080413048222,178.890945652936,2.29430692314222,-110.739346014801,20.8679290716993,-35.9180781551247,-40.0648923113633,18.0403715421158
-7.21807174449873,972.902027131372,198.910052775912,-560.417306406956,357.654014777727,176.881220672748,1.89451021397598,-111.49031891651,21.3349318389298,-36.3393175087654,-40.1365360371103,18.1200944771658
-7.2212735180387,967.247540886213,197.616939549503,-555.764415373611,355.099976533053,175.349165275369,1.44074013085609,-112.201640406469,21.689189624571,-36.7477112635244,-40.2909194379732,18.2619640987887
-7.21044345331621,961.688053006733,196.41686111731,-552.405718735829,353.307890582892,174.179670727087,1.05152729240991,-113.045458325661,22.1205073625789,-37.1983005778104,-40.5057143945044,18.441217140869
-7.201604384024,956.536467082575,195.279226059824,-549.980778881653,352.034175916751,173.264101495721,0.740134697620157,-113.990697314082,22.5418139768498,-37.6484947956522,-40.7328046414688,18.6518076300636
-7.24769280530716,952.751016630714,194.476682553113,-548.322469701324,351.175649066971,172.561789895788,0.522399084215435,-115.081648052877,22.8873314403229,-38.1052781345326,-40.9811993813952,18.8983537868042
-7.33889680606261,950.043167556377,193.87786784878,-547.338414765883,350.685428700962,172.044621201348,0.397768271322775,-116.381779175691,23.1478133074053,-38.6056313127465,-41.2936956393899,19.1913453570397
-7.41006189541602,947.792998866667,193.386438441724,-547.020974613835,350.666792134616,171.73684289171,0.381480289042273,-117.935420627776,23.359275461497,-39.183677872331,-41.7114906531206,19.5369381324169
-7.49167220238471,945.701546207428,192.941329796471,-547.574166416327,351.517462441489,171.787077889262,0.530969915919041,-119.767749478499,23.5479256806669,-39.8616678571186,-42.2664132387214,19.9320977013283
-7.53261713260746,943.79542778129,192.543578581101,-548.519798855552,352.869380023823,171.957272081196,0.762483367574491,-121.934991649097,23.8129156909125,-40.665957294353,-42.9641026176453,20.3564835494028
-7.5812097622205,942.344626977325,192.261041114148,-549.631695901917,354.541849273851,172.180554688446,1.05094157721382,-124.395816929465,24.1669797341319,-41.5860856381743,-43.7763925849615,20.7888166950083
-7.64372775341468,941.338362677939,192.069781535383,-550.673049789938,356.268504563258,172.418384477148,1.36507325841719,-127.115973853065,24.6246146824115,-42.6167183763592,-44.6889569550578,21.2138313360156
-7.71169435542458,940.564143200106,191.920006538793,-551.791314282781,358.202374881938,172.730471785475,1.67881643395412,-130.064248560483,25.1970223796797,-43.7645590584814,-45.7232568928687,21.6348215927951
-7.7741308402472,940.080076301268,191.834339533351,-553.334900990957,360.544215629423,173.216783977174,1.96130550725787,-133.162362186935,25.8790739916554,-45.0145436478107,-46.8742158927255,22.0604050273626
-7.82354640983363,940.207472659634,191.901792593964,-555.461185930061,363.301233237895,173.869642309598,2.18988851076701,-136.297555641432,26.6601857057631,-46.3071811856142,-48.0619535079524,22.4841626079828
-7.84372549624705,941.033565777784,192.160262176745,-558.07641948507,366.348168195878,174.616556370424,2.35619297010028,-139.385843375588,27.5539179222948,-47.5752236041966,-49.1793628237867,22.8839837968399
-7.80705912454365,942.28297700853,192.564865768196,-560.852144057366,369.536551786879,175.390265783432,2.46735946161294,-142.398831679,28.6333749668997,-48.7862350211476,-50.1671946660566,23.2291734497318
-7.69785693500649,943.772705685298,193.082826861054,-563.224573279962,372.632572492471,176.09593540113,2.57939902921286,-145.325608970999,30.1652980534893,-49.9102618520055,-50.999326940657,23.4881284594758
-7.53297947908223,945.759164542684,193.756996366108,-564.630841730445,375.290671205197,176.609544194665,2.79052439235293,-147.965873081433,31.2073726578571,-50.8079222481102,-51.5917783002346,23.6482722288858
-7.35331058466252,948.707529023372,194.654857463433,-564.725005650703,377.131047777445,176.729957422024,2.87101605132985,-150.058016737199,30.9158415714017,-51.4104918737949,-51.8813427895435,23.7032892519968
-7.18884552293235,952.852319901546,195.784566116144,-563.434477663018,377.954454429493,176.356635326271,2.91222981819168,-151.553261566841,30.5524998722321,-51.6781978902591,-51.863327198267,23.6739861285799
-7.04442181992904,958.068622899869,197.061536615433,-560.490920615318,377.526786333237,175.410712046563,2.93502631369883,-152.400882678767,30.1567037320354,-51.5819831174163,-51.5708234131946,23.5888151022633
-6.98880159370544,964.154106311966,198.461701848536,-555.460155013381,375.571327807388,173.792840103141,2.98835599826457,-152.61276376759,29.8363191696376,-51.0306592603134,-50.9956229966949,23.4880899268689
-6.55137947303481,966.862937832939,199.295166336827,-556.209624206527,374.683066412287,173.056166453776,2.42325345481565,-150.392275113823,30.0943658219451,-49.5563851107182,-49.6027340867671,23.365769104457
-6.45874168474847,974.94701739281,200.512995521983,-531.581228636876,364.651369320143,167.199452490994,3.84163478235178,-153.308481751341,28.2774702993978,-50.4864400783766,-50.3775495996143,22.8906142512052
-6.83090242897638,977.280327156209,201.144581512253,-530.388463460849,361.935845356546,165.842475456465,3.28549854516051,-150.227978523196,28.0793261361681,-49.4545450014911,-49.3662099887489,22.5682793602112
-7.86642230252104,1037.69668722731,217.350803058959,-475.482624271464,322.558738910232,152.607622018768,4.68917956881273,-146.552693174728,25.0603843905611,-45.4949156285902,-44.4859485873475,19.9653655765957
-4.36578605375814,909.783171941462,184.564193194639,-586.325550925874,391.698570525894,179.869151309961,-1.25276599218661,-149.728997264494,23.1906124048482,-53.0853754275294,-54.2863329481219,24.2592862991176
-7.36071154695917,976.306105294828,200.251034106722,-494.086650887722,339.92097145487,154.873475046115,3.85489532508561,-146.836481542707,24.5964747342671,-49.4852154415125,-50.3153348287395,21.5473272760715
-7.15187498511279,964.063004705728,197.51056303653,-497.248210946037,337.518756122939,153.5426577005,3.08454190099273,-143.189072328651,24.7330861767103,-48.7085480117027,-49.2669488225711,21.4216259830821
-7.13367022523782,957.479247564996,196.205908819452,-484.83553477751,329.429426160592,149.805028733075,3.45097749098696,-142.071278201748,23.6816954020326,-48.3789611379054,-49.5198389259084,21.1004259370447
-6.97668214296429,946.359582288499,193.794418777424,-477.155382683589,323.364022083546,146.926889615904,3.54382533663058,-140.730893948441,23.0669179912835,-47.9031471510335,-49.2871678275168,20.8840761666259
-6.85484543368154,935.148170067205,191.341698920122,-470.209287676694,317.95564340536,143.884338924822,3.76629456833914,-139.852341995309,22.9097419001381,-47.3161669466946,-48.8710847396413,20.7627696089409
-6.70231444740241,923.718252652828,188.706819775382,-464.514000793438,313.455917044527,141.274911498272,3.98052802628185,-139.190956752814,23.040496017415,-46.7602593200165,-48.3330295689834,20.6768759887249
-6.51360542207552,912.431602741879,186.007384333175,-459.230465456437,309.436258311043,138.870161496455,4.18111749525152,-138.765914626266,22.9875524549954,-46.5370680055129,-47.9252349747144,20.4827204240427
-6.29032651807763,901.588196970188,183.32626928096,-454.886527360399,305.998791250382,137.023260006665,4.23760101806536,-138.677433927718,22.5224322477205,-46.4091655216366,-47.6160947386648,20.2811289455216
-6.05287049322626,891.879862369644,180.838741742995,-451.603894157853,303.333021257648,135.691811701588,4.20466032669716,-138.920122226155,21.8222241129759,-46.3988832969544,-47.4388652557201,20.0991446078402
-5.81856847808073,883.995071755138,178.730613986697,-449.309286263004,301.486033396655,134.711460127483,4.18247543187995,-139.455601379318,21.1966087298546,-46.5094909242354,-47.386599855366,19.9610606710972
-5.61983876556572,878.290279120809,177.09166057566,-447.915144516393,300.471301091192,134.083954960554,4.18713035882827,-140.288627285899,20.6466891000597,-46.7356742607773,-47.4538546453957,19.861680149664
-5.49456275010802,875.19971800255,176.142590231506,-447.117055752938,300.05181779862,133.75166157166,4.18744241421685,-141.446319755669,20.0213135806232,-47.0782254957495,-47.6518360842111,19.7843881063434
-5.41733795745002,874.155059425923,175.642764877101,-446.992820510688,300.191807403793,133.699562569558,4.18475257560408,-142.915065599473,19.3225599155249,-47.5385571259785,-47.9831195942445,19.7317807151459
-5.33930354926999,874.496895774557,175.333777366916,-447.911877484603,300.996398930958,133.947523313535,4.18967792402789,-144.655402301872,18.7570961158179,-48.1209266218511,-48.4353161320177,19.715504271809
-5.28584286655634,875.875481544478,175.149587056685,-450.057555313384,302.582099863109,134.455295682637,4.20890897713432,-146.615868776317,18.5362323285001,-48.8198973780665,-48.9847134073055,19.7564602722705
-5.15006238278627,877.994486686798,175.165716765547,-453.549154123346,304.978474630927,135.17409558162,4.26192283317016,-148.712554516304,18.4420253795805,-49.5863546325649,-49.5920493576331,19.8998104936186
-4.33375876765352,878.500199764727,174.520101728581,-458.202783478803,308.035354690754,136.055339215556,4.33914384219916,-150.912035717973,18.4837642217675,-50.4001991741839,-50.2249689537644,20.1225664924655
-3.87624962402338,880.692476318602,174.337984349509,-463.632237904339,311.534326592027,137.051061139844,4.42342929274195,-153.183968839075,18.6227678567049,-51.2417009769078,-50.8655798115642,20.3835439375863
-3.62646686700544,885.815769090602,175.327470601747,-469.346208293066,315.251577642158,138.123307884058,4.49889238177319,-155.442570757453,18.8063558997184,-52.075251288649,-51.4942461262747,20.6398872832423
-3.43585330736883,892.170179091941,176.928913622665,-474.621198588495,318.823856712735,139.185923479336,4.55084372389554,-157.534788647244,18.9629395267516,-52.8411050899568,-52.073634901021,20.8422446539772
-3.32480004621337,899.197790409123,178.566554461804,-478.484646022417,321.678549398887,140.065044592041,4.5689755316103,-159.252799959045,19.0095929430606,-53.4529052114979,-52.5343218847604,20.9327125594827
-3.30263632328568,906.690558465369,180.293012417553,-480.052188833982,323.285299562049,140.586453569475,4.55623352182329,-160.377872687339,18.8909603139325,-53.8115781036609,-52.7753357438865,20.8671349363057
-3.29638046275438,913.608097338595,181.925523029593,-479.167802246953,323.595139523838,140.727967066409,4.54527472884175,-160.775457258736,18.6510538522512,-53.8465470730896,-52.696340439863,20.643525897495
-3.28968806370717,918.860902635815,183.146944289876,-475.760073982853,322.486423457774,140.414140922742,4.52336378931435,-160.49360677833,18.2817498783346,-53.5395549047503,-52.2176216335964,20.2715311426323
-3.32988233642463,921.708336127721,183.713606124883,-470.764908546389,320.085301555251,139.815346880842,4.51325962345054,-159.652579593985,17.8313804595231,-52.9112137494715,-51.3046439600916,19.7532938183467
-3.26838477976011,921.609799876303,183.802815277435,-464.445463787922,316.510988243564,138.867560344717,4.49831554988117,-158.345547368251,17.1727222050104,-52.040508100746,-50.130141772881,19.154799022911
-3.45971004461597,921.160067060648,184.096450725138,-457.067748293655,312.274843055663,137.524839104629,4.48055585923277,-156.744005897674,16.4385837829292,-51.0253091836584,-48.8221033606007,18.5616722363478
-3.70805428459393,919.694133940368,184.489284158216,-450.77588448474,308.205751112635,135.285544245645,4.47853825696943,-155.085386436183,15.204772001763,-49.9831709427293,-48.0129356855554,18.1372836608014
-3.96785554645361,918.105971127635,184.679345751153,-445.363054274284,304.784174114434,133.524749058042,4.49806591751342,-153.594156345447,14.4747271475654,-49.150515915821,-47.2182364487483,17.8057590782643
-4.0754422433472,916.612679554998,184.518871838716,-441.1638900985,302.180390148514,132.184187820248,4.5251177512171,-152.403167381665,14.1558386380338,-48.6290859895081,-46.6478649799708,17.5946576311191
-4.45665578497542,916.142159806089,184.585730888761,-438.198234015612,300.29405006473,131.167490609429,4.55820982141156,-151.603866767521,14.2024680471076,-48.431749266719,-46.3480855888843,17.4952920908347
-4.37614627968615,914.960803636835,184.435638613804,-437.458575387548,299.432877475749,130.775839386627,4.62892146156593,-151.306929439238,14.6418816578908,-48.5561973503105,-46.3004437124984,17.5177295495552
-4.28881826432302,914.15756590328,184.253268214511,-438.872197124492,299.913711675921,130.939783750765,4.75497005252227,-151.628077893484,15.5801093046985,-48.972985835536,-46.3763009312002,17.6711142172922
-4.24167648422262,913.965253160691,184.154298187065,-442.376606137358,301.795088015531,131.668164190745,4.92711440996482,-152.603271898423,16.5699729233353,-49.5663203551748,-46.7353681547627,17.9846189869885
-4.20487083513783,914.097912554464,184.069357519324,-447.342954442674,304.73295915902,132.848825271275,5.10274522439053,-154.091522238145,17.0208048041807,-50.2583207096321,-47.5870059947407,18.4628997087589
-4.11755111951694,913.885701793225,183.844627536658,-452.836770770343,308.016133211305,134.24178023217,5.27072564372211,-155.891371666251,17.4270666535472,-50.9612201427844,-48.3658920369019,18.9428473010351
-3.97522226226394,913.091352129548,183.538790594227,-458.2709030434,311.03858653355,135.315186857197,5.41343711783532,-157.561938597951,17.5698639045912,-51.5557079441401,-49.0662255436619,19.3540991780739
-3.82315924679769,912.048076112119,183.274685540122,-461.249530750617,312.650495644526,135.817507079777,5.47114483427677,-158.77232434118,17.7101157825761,-51.9558682953967,-49.4476969629365,19.5100439718497
-3.5602166842498,910.391966799097,182.74125904139,-460.585440227673,312.159071428074,135.487131861222,5.38908840786206,-159.26091278521,17.3561701914985,-52.163197002011,-49.7446739850636,19.384608923323
-3.27566341793678,908.661564378775,182.126995639296,-456.561762649484,309.749754427177,134.27929258919,5.18339172159182,-159.102169830979,16.5621099848805,-52.2293946393031,-50.0134603189931,19.0029049644122
-2.96770608538971,907.070925454525,181.488747451333,-450.572524819859,306.283735765054,132.388063095556,4.89650727010349,-158.538893673173,15.2240479174016,-52.2408087768813,-50.4283355885929,18.5024655415386
-2.44823285665485,904.854367974784,181.274831094087,-444.681498437364,302.873169417279,130.818074699915,4.58743070463057,-157.940247537683,13.6767691717904,-52.2963419158081,-50.9856033223755,17.9828727789725
-2.22319722954822,905.19073911005,181.405758063362,-439.96196123515,300.393180356414,129.683438121918,4.28433368848407,-157.595990389778,12.1735610594867,-52.4872536527807,-51.7084089820309,17.5322802599967
-2.0736185095271,907.176944162162,181.912371410154,-437.038007103208,299.331473824501,129.068286962949,3.99053530626729,-157.653065138243,10.834016314488,-52.8731111482983,-52.6385156227587,17.2055565452341
-1.99540383914318,910.868482718568,182.811772885636,-435.84647088502,299.629719594095,128.937733575638,3.69021841687028,-158.190026750781,9.59319201251023,-53.4931761676437,-53.8466535455274,16.9975801074502
-1.96678256669702,916.263202227329,184.123510893571,-435.743320613224,300.938821867753,129.211441603484,3.38545318059353,-159.253633532125,8.28812392179985,-54.3651005015732,-55.4182988020121,16.8533367705985
-1.97878506389949,923.232282439119,185.841730116339,-435.785718291361,302.6377973618,129.672850714741,3.07419022316472,-160.776798251139,6.80709357473369,-55.4580782540968,-57.3276679429035,16.7114837612536
-2.44051316639024,932.176918175408,188.032778297676,-434.922053825187,304.099546692992,129.972670075887,2.76604010961412,-162.538966729266,5.17140647360722,-56.6512873533245,-59.4158892758126,16.5393411677833
-2.50537807307864,940.04960273219,190.213180524485,-433.851738094161,304.972723924574,130.25177407517,2.51307203525177,-164.173395255549,3.5965859450475,-57.7363152131966,-61.3592213250344,16.3221508509759
-2.43211572953729,946.453353580402,191.996235425649,-431.869588711549,304.770184826177,130.161373188587,2.30867749133652,-165.162665125751,1.9326814128892,-58.5482066932465,-63.132817686407,16.1419680709971
-2.37029966165725,950.916193373989,193.132060888258,-429.132921950425,303.433233707579,129.666389031541,2.24206498575169,-165.395961428809,0.887628286082762,-58.7734190763589,-63.9105962460939,15.8818539289319
-2.35968328385561,953.620062846875,193.741688066936,-426.297503177099,301.405975246671,128.897444212451,2.29928671406499,-164.865519191776,0.508471694354149,-58.4279746733181,-63.702272545497,15.5962442649372
-2.39881269834621,955.185656684181,193.993085278498,-424.210490225222,299.370522724347,128.074378556582,2.44153606169452,-163.774988765311,0.769851265864941,-57.6883799311511,-62.7329769350177,15.3516459346114
-2.49121598459664,956.287399789593,194.064758025772,-423.289274535508,297.797755517901,127.348282035023,2.62987705230898,-162.40793892668,1.54757800210956,-56.7703883616785,-61.3149960461715,15.188823630335
-2.62305125485749,957.346938078708,194.056835716047,-423.200786595858,296.633717275849,126.661504194257,2.81374173386017,-161.025853726158,2.60760910462806,-55.8374633012681,-59.7248550979307,15.1041028499222
-2.79671534251824,958.561088896947,194.065448879731,-423.705711839338,295.913914656588,126.056747187245,2.98268990895347,-159.766177616705,3.77617978186572,-54.9728250262813,-58.1512095580828,15.0723434826
-2.99769484498048,959.835902138647,194.076306493082,-424.578046786883,295.600272519656,125.550895937607,3.13300675606167,-158.659765256569,4.93117133554331,-54.2030569910542,-56.6958009031943,15.0660862444938
-3.19562856400076,960.990846318737,194.091708914083,-425.757107654321,295.915319925037,125.434843227432,3.27332748106424,-157.716609057875,6.01138061788987,-53.5362158545813,-55.4131278811546,15.0673473193234
-3.36150411207396,961.909372931478,194.109212389151,-426.969573886252,296.435117650768,125.402736556239,3.38756891449116,-156.977251506087,6.93373676297526,-52.988704196111,-54.342136999435,15.0656810172877
-3.45948138304539,962.375311188929,193.921426507573,-428.181043712378,297.050983751991,125.426398823924,3.47417813968742,-156.478802372274,7.65338373328045,-52.5824422563644,-53.5236115511037,15.0598181646599
-3.51120977293578,962.155349890876,193.433363208489,-429.343191193638,297.661426434823,125.476906966436,3.5319008029847,-156.214763860523,8.16260310602341,-52.3253516991549,-52.9666923903641,15.0499392344143
-3.55456457792159,961.543320805774,192.723014828758,-430.258980646162,298.111908906665,125.475323986578,3.557722083294,-156.104815642909,8.47807932329967,-52.1935784272529,-52.6346097272387,15.0351736721413
-3.23407199457844,959.804308195914,192.086355539885,-431.708680303802,298.408200376345,125.674608646691,3.56567826097736,-156.027683275257,8.66223546300629,-52.1428310936301,-52.4695785393491,15.0159600445114
-3.17782955681382,958.302131451715,191.234252152323,-432.997015231689,298.424257868743,125.859088597919,3.55046677755022,-155.928522613312,8.73501823288757,-52.1443351360365,-52.4269183600849,14.9931095166248
-3.18864836015401,956.986327941216,190.389491800234,-433.777873953173,298.233433763996,125.93898757095,3.51218486128888,-155.851628713911,8.7179427234535,-52.1962610001266,-52.492656873451,14.9734258570297
-3.16924753163383,957.27278481875,190.72467245782,-434.56274696586,298.099186592003,126.075923073446,3.46356811956922,-155.850127560688,8.65807927066378,-52.2993707036911,-52.652976235341,14.9716445666361
-3.18532177263956,957.428214034752,190.979463025951,-435.570893406891,298.172428332588,126.313806556487,3.41321470879593,-155.931880913465,8.61638546624213,-52.4381405674337,-52.8633532299377,15.0024574688671
-3.35986212105134,957.978884663196,191.058081107682,-436.4253676492,298.403415269889,126.533849457219,3.36107906569923,-156.096538201348,8.59108726023135,-52.5986475753602,-53.1079096136792,15.065549859795
-3.54142812445522,958.076893761633,190.898592735092,-437.443718896367,298.790175447088,126.879213777577,3.31988366920653,-156.348878002147,8.53499342113249,-52.7784911598543,-53.4182447520767,15.1524265335648
-3.69502032702616,958.011218613502,190.733343102192,-438.649832403675,299.271871793114,127.346332565401,3.29815329934173,-156.668887974046,8.45455063764427,-52.962810624037,-53.7737655369743,15.2624715203741
-3.9248712160297,958.543226982252,190.626533104089,-439.773185801775,299.734532451135,127.779330955833,3.29960111702481,-156.992840241368,8.42347158257093,-53.1179604559939,-54.0887873555909,15.4030260807995
-4.22202153219652,959.557191571173,190.606517574902,-440.798727733457,300.089302155249,128.141042615119,3.33299307201575,-157.264295283392,8.50085807348348,-53.2154002798839,-54.3000260044906,15.5748883476734
-4.51770319100298,960.347850743217,190.566464313409,-441.650308642686,300.150856451633,128.428965395219,3.39926131185062,-157.467466584691,8.66416992678119,-53.2463079449613,-54.3993261927269,15.7596539735999
-4.83101106257302,960.501763961126,190.360272619968,-442.263018939871,300.013332786733,128.669857381561,3.51345453710034,-157.568358621818,8.89129841370975,-53.2190845597928,-54.4384238893479,15.9586475303276
-4.45580303124214,947.147863428199,187.524274267809,-436.99264438388,300.523065258637,130.337911160906,3.96704455885748,-161.238856537445,5.89719863612106,-54.2552717158644,-57.443445017568,15.9923290232493
-6.5126548769958,977.772857583742,194.775682345337,-447.656412375466,299.476346594536,129.131533636548,3.49131857711545,-154.633517869921,11.2418996322886,-52.6816988762456,-53.4897083022507,16.6150146668535
-5.8981198642373,955.658738379039,188.522382976625,-445.235438424615,299.146900732544,129.554513221789,3.92122507585357,-156.912228422076,10.1834794618834,-53.1770342208997,-54.7110961126093,16.6378408191452
-6.25255313697041,953.69178747984,187.926038589486,-446.198956929469,298.821756711671,130.090164766482,4.17160816787038,-157.039986701759,10.5219561975357,-53.1597728809115,-55.0600754240501,16.9337373062692
-6.53904741581311,947.798341611259,186.606619963173,-453.842312957875,302.171773472327,131.077430982176,4.21331101342988,-155.875538931721,12.2541642393836,-53.0688221682523,-55.4208660936757,17.4495531268357
-7.76480452040728,956.001011963939,189.362010069486,-443.63783274306,294.816878673444,129.529408870857,5.09727735481917,-158.053466623659,11.313025327981,-52.9943073867471,-55.3833100416687,17.5405226946713
-8.04091237908766,948.31786455392,187.247485399338,-451.480914285999,297.601052622251,128.84186251371,5.28542235580697,-156.878864228391,13.5473826111704,-52.8201568960073,-55.5796627359426,18.087809418436
-8.39317637333141,944.152613214478,185.984407907917,-454.810147850196,297.350756826081,128.196191999173,5.83106583871698,-157.026339016547,15.1153623410598,-52.8047784543131,-55.8957557231403,18.5010416190318
-8.71758727866114,939.756144017107,184.501253199929,-458.349625504406,297.075431206644,127.422955176608,6.46428708495106,-157.217196861095,17.1918000477452,-52.7842950959515,-56.1646537172821,18.9262075004565
-8.99829936291103,935.102547248641,182.976099133114,-461.780383424361,296.61651300068,126.489680887002,7.1708331912078,-157.648995401563,20.8875602307058,-52.7705565783695,-55.9576520279586,19.2207907650768
-8.65788091032135,928.300291583842,181.640999458261,-466.892898123061,296.071357477061,126.69621242472,7.76136065061847,-157.502674753926,20.1460750579554,-52.4921684377248,-54.9447846339292,19.4422877350532
-8.62960115934046,925.486764086988,181.098607260046,-470.314450716763,294.845818850598,126.574805253093,8.67069378951282,-157.641933673878,19.9156104617453,-52.2785501389072,-54.7273875814989,19.7511469966433
-8.79043334316398,923.263450942328,180.461783313309,-472.781955330521,292.959886631117,126.660243273491,9.38716312891345,-157.837636736183,19.9850619141907,-51.9380814159825,-53.8504577524438,19.9752731836618
-8.88375041389949,921.506721421008,179.947783873075,-474.710099979297,290.663027167285,127.052230813648,9.86019899229104,-157.582519587334,18.526901472233,-51.5148041249383,-54.388659562183,20.3058806915431
-8.91793973120213,920.21726893733,179.568614363626,-475.959631610759,287.973297434774,127.35108382535,10.4301205854155,-157.283491682112,16.9681373627802,-50.997808826782,-55.0131410452679,20.6407880589609
-8.89030347088037,919.19080882995,179.160845878035,-477.104528560137,284.901989750535,127.015813278055,11.1496086757182,-156.956896280463,15.4754204968535,-50.3785070384706,-55.5629416247476,20.9790119660879
-8.79424625633595,918.665094536118,178.974430829452,-477.528294608701,281.553412992775,126.448773137295,12.0321146293638,-156.712551474439,14.1628873177895,-49.6909744621388,-56.0746470827129,21.3298585461568
-8.80834656133023,919.833304585539,179.530960480728,-477.518486223118,278.152245084658,125.664282369648,13.1527436907336,-156.737212666707,13.1034663494942,-48.9721991337914,-56.5953552787757,21.7087358394922
-8.78544122019828,921.279409186051,180.317289324283,-478.437069675132,275.001209841129,125.428014419386,13.7495423842889,-155.53589433981,11.7217408606796,-47.926046711626,-57.1237120688724,22.2544207431637
-8.74376328773918,922.240044568461,181.041073235669,-479.67487544796,272.132185389166,125.328347904972,14.4921773513772,-154.477574606855,11.0283123292156,-46.5548515906802,-57.7436397869092,23.0612871513408
-8.69843406601363,922.295293259257,181.483901129902,-480.848374068699,269.503139558606,125.336153096731,15.2809106161956,-153.558082561851,10.2295013769826,-45.3435240966648,-58.3818266842408,23.5949589291755
-8.65474881938618,920.931073761952,181.539111620437,-481.65296753912,267.019942577099,125.429960244981,16.4023255365884,-153.144424017864,7.98222926161094,-46.264266882328,-60.7375685581024,24.2963259162433
-8.63265718682805,917.421318154993,181.135154166511,-482.065880159432,264.588345552928,125.545948704543,18.252414086328,-153.500514130446,5.65249463179487,-48.8984911378147,-65.5616075591954,25.8388702494087
-8.64409989967959,911.817340349844,180.256288427154,-482.217206623754,262.097232271115,125.697982614777,20.02433369716,-153.602410268078,3.20069779992016,-50.9788514299295,-69.529905994405,27.1491961341804
-8.70586689434796,904.35826117975,178.955229960239,-482.065953806352,259.390514728955,125.847050311644,21.8451484561842,-153.380331130964,0.574600379471827,-52.7599760530325,-73.0879397647919,28.3799875608612
-8.75762776276447,895.506024054317,177.278427629984,-481.595096991574,256.494601976463,126.003448952281,23.7982728272515,-152.751419825508,-2.20831536703274,-54.2737199818611,-76.2921708159801,29.5463842331096
-8.81755967327575,885.792762574078,175.248463336616,-480.85247866094,253.479001988099,126.175333622747,25.8520371262485,-151.719186760358,-5.17664069465196,-55.5294219702647,-79.1512875169217,30.6490966430345
-8.89704128793532,875.429061082429,173.098191884788,-479.964737908418,250.371491650342,126.322825570211,27.9853972087551,-150.187718760521,-8.3305032410184,-56.5021026822027,-81.643993688721,31.6893745013894
-8.92605300598911,864.826121577507,170.935146732082,-479.52447386625,247.343406427288,126.562856693984,30.1610967005882,-148.142763800468,-11.6104223903419,-57.1461252678684,-83.7145982868101,32.6556029419233
-8.93347674461259,855.081873310686,168.980610033351,-479.356424328165,244.416960340844,126.846130621642,32.4022484697075,-145.51009175609,-15.1169643965298,-57.4924864316954,-85.3762563578467,33.5464929684964
-8.92037804524259,846.775662247919,167.354517054801,-479.11409165715,241.601656055455,127.105546449878,34.658550925341,-142.490184024135,-18.701308577837,-57.5083309186253,-86.5327761986286,34.3186167137602
-8.87158788455335,839.887660015811,166.027027860064,-479.015979509753,239.000573967163,127.385944109613,36.8984151104693,-139.097767531895,-22.3349998897742,-57.1765336752406,-87.1519945815822,34.9601425961613
-8.85225302647275,833.536576359915,164.831356054731,-479.507219461681,236.75188399629,127.724579308482,39.0856547088444,-135.113182191369,-25.9894100819025,-57.0708185480332,-87.7981873859361,35.2705396604238
-8.83867426579567,827.983656893109,163.744375422537,-480.94176792067,234.944313780061,128.131962923695,41.4384884563807,-131.043009050281,-29.5657535587324,-57.7990735313916,-89.8150800975265,35.6756206472994
-8.85117984568171,822.929237616524,162.771152272666,-483.256541447839,233.590272768951,128.632829817639,45.0054804623011,-139.750204708024,-32.6480986331611,-59.1758018785555,-93.4015121521504,36.5778271904834
-9.02639324807276,817.567155308925,161.967541216129,-485.974083276023,232.605475098184,129.178495952663,49.5901562495491,-161.497369915104,-35.2313422112381,-60.4606619923869,-97.107871562724,37.645340316501
-9.35093891421299,812.706676289748,161.29500890119,-488.818496824858,231.833177756411,129.760338466142,54.0261697208537,-183.228375903306,-38.3233746019479,-61.8761778844667,-100.413664209264,38.2487112654424
-9.65207613873714,807.635654005184,160.481288356398,-492.069742726516,231.146824739108,129.774769125897,58.0997952773731,-204.79759698976,-42.2781599689612,-63.6157229533876,-102.975698889724,37.9322089302379
-9.89652477930832,802.028039047172,159.506738923731,-495.206317920148,230.339004374872,129.718490629138,62.2250742328945,-226.072633425324,-46.1740228181937,-65.1660521306459,-105.33948835513,37.7034915239732
-10.0862589018265,795.874793416438,158.342602066634,-505.980283594811,246.460197241943,131.945131323465,65.7956037651312,-247.145550823314,-48.2519888629901,-66.5294909477175,-107.449712596177,37.5035565152781
-10.3428839593409,790.440165996098,157.31762703316,-515.309233708023,260.994129767979,133.525930603758,69.3370794807331,-267.788402402214,-50.4174903642228,-67.7078719466273,-109.257386953886,37.3327581104443
-11.5156007948466,792.96359107023,157.702239248434,-521.555100182916,273.329589765355,133.8452798019,72.8622095047377,-287.739834548136,-52.7193168995192,-68.6671724324626,-110.672095564223,37.1823418759497
-11.726014348026,790.730911386327,157.706990666019,-527.891422098632,283.00066379459,133.6402172064,76.332641962822,-306.963888827579,-55.1866516568955,-69.3723604667754,-111.628926740983,37.0573638551369
-11.9594157685831,789.994009759653,157.973742352992,-533.423919558194,291.090802140831,132.407837466703,79.6455432433918,-325.441424025987,-57.6631836492462,-69.8049877765554,-112.12101589612,36.9630789185444
-12.2113315515305,790.657197732475,158.364368180379,-538.137493866364,298.036859371396,130.684010876602,82.7603334069049,-343.26656260228,-60.1281002362256,-69.9990371462264,-112.244180891255,36.9010825822213
-12.4729467131973,792.490642798186,158.863305304661,-542.460781682909,304.220512901362,128.480135774433,85.6851605662268,-360.541306062365,-62.5957197496932,-70.0199917245381,-112.148028921617,36.8780830672928
-12.761861997928,794.711076414756,159.347202281004,-545.415531397584,309.495881095922,128.383856369097,88.5014356380182,-377.255195490123,-65.2423995000673,-69.9257599093573,-111.960233561383,36.9120744638135
-13.2172786796004,797.810136009833,160.173559854128,-548.100440078684,314.492040076215,127.953295012648,91.1624288109319,-393.331656906157,-67.8640095292079,-69.7575990492099,-111.764416334398,37.01268560028
-13.5096838834595,797.918402833451,160.387721284422,-550.637602781707,318.997841292849,127.504301003996,93.6740849095033,-408.54512735564,-70.4486150070074,-69.536682753763,-111.595124694428,37.1834284729226
-13.8276466075841,796.628969185934,160.137224822042,-552.560714724687,322.971062353785,126.994439801458,96.0270059457794,-422.460157502638,-72.6994790726978,-69.2562521515097,-111.448725434074,37.4318664770359
-14.2243059799136,794.765949034777,160.263157391228,-553.952945418814,326.827306254753,126.203462859475,98.1478193337621,-434.684329255382,-74.8050694218721,-68.9130651384228,-111.34746949777,37.7770928498754
-14.7619688651298,793.596402649012,160.946663305492,-554.752067160986,330.232355453504,125.408882790867,100.036880608898,-445.187986120114,-76.7131590308144,-68.512476761467,-111.343518704702,38.2438365777839
-14.9795059757214,789.965308801012,160.923132929608,-555.590810642214,332.914860044439,124.567107409955,101.680205407561,-453.784502144426,-78.9438356977238,-68.3994050409469,-112.415346031895,38.9885720806135
-15.7594876104922,784.162040713693,160.571801575321,-557.24526069733,337.595602446033,123.318504641418,103.727311898708,-468.428359861442,-83.501830364834,-68.8853346380561,-116.066427098019,40.0516892064297
-15.4217336987549,791.355828752681,161.701842327918,-555.235940878348,335.094192130073,122.779852125315,103.87004442808,-458.873859352497,-82.9346996280401,-68.9573011392136,-118.403067791982,42.3740208395121
-16.1291740107316,787.913709583128,161.757788278566,-556.795362704495,339.412696799287,121.394318090878,105.699074097898,-471.177679028103,-85.965728306435,-68.8476035784416,-120.801167448307,43.4043126355194
-16.6523327606214,789.476999133044,161.987681401711,-557.693432130598,341.398670275158,120.52111565153,106.611959069476,-475.976995757243,-87.9766616936105,-69.11407715391,-123.258287444559,44.3827078540563
-17.1528921872786,790.973978866737,162.093921211889,-558.359735717018,342.792394176651,119.806968305032,107.228023799198,-479.23923824757,-89.865211526232,-69.4871808297488,-125.676272266508,45.1845643472846
-17.634173960002,791.700364625617,162.197251991688,-559.06914075854,343.494615867169,119.528240947985,107.573320693643,-481.525415889419,-91.7536506050395,-69.9636386659027,-128.008925066539,45.7749305145032
-18.1210054792983,791.549999303851,162.115652613776,-559.740320468433,344.125490443082,119.284512533141,107.682589472497,-482.807815063651,-93.6360030208428,-70.5187536908137,-130.235449083295,46.19312428164
-18.6247235125616,790.824748197615,161.94687742053,-560.250361515446,344.255209875024,119.469940796651,107.580989336805,-482.853149224248,-95.3992291372648,-71.0733847779709,-132.294846450122,46.5315157965937
-19.1857793925058,789.403431559286,161.646651591273,-560.82494808465,343.960100991892,120.290368699951,107.330843506272,-481.701076116263,-96.9961390683017,-71.5796166633564,-134.130990154901,46.8625779444383
-19.8452759839012,787.098539213905,161.208020744662,-561.86399757208,343.25122962982,121.411047109637,107.030561042174,-479.617344079524,-98.5203455864262,-72.059970158001,-135.74590325136,47.2162353730088
-20.7149366478533,786.315164986123,160.163318532012,-560.58629586888,339.555968439591,121.491838203485,106.645114885885,-478.29823533189,-100.15909864993,-72.3412209704501,-137.038720415676,47.547198850772
-21.3603266362424,784.032408025393,159.292373122633,-559.328859503774,336.315084888524,119.616986036314,106.334113490528,-475.475723334593,-101.62367278075,-72.5695431890307,-138.176482537847,47.9602415439813
-22.0159423205697,795.350736905772,159.256395102584,-549.6351453903,329.896263612842,107.632275008125,106.370099862535,-480.885931324691,-104.032380028954,-72.1455552470944,-138.59219046619,47.8287363886726
