-23.0368593135909,825.701512713134,160.319553932651,-525.840361832403,312.580420031245,86.0904397671691,87.4767296970725,-433.615930497416,-106.965777206317,-72.4344905598144,-131.751348090035,55.7520410742686
-22.4194191826273,822.369121800986,160.528973185568,-529.516630414984,317.454216289005,94.2071994828733,87.0825555787666,-433.081459744774,-102.472152018513,-70.6576521053336,-127.491530897859,55.4987172219968
-22.555585795588,829.217317701931,162.914313929061,-529.447808449242,315.935449026208,102.380834869854,85.9079643810523,-422.389201292612,-96.4196949333093,-69.1304328266635,-123.123562212847,55.3586420152643
-22.1417332442026,830.44393488866,164.594498586791,-531.461200869491,319.308290634974,112.426602886343,84.9089178048597,-412.105314210821,-91.272749803129,-67.5509554137841,-120.220464866574,55.5263191865358
-22.2153602187839,832.901104234705,165.75505817039,-532.603243133398,320.515079282524,116.863726410973,83.9744572410032,-405.000302885595,-86.8945290436876,-66.3058902360059,-118.342635105612,55.6136656109805
-22.1727734045395,834.118623629522,166.637471011351,-534.28600253947,320.821347641037,118.451181295949,83.0970963996437,-397.113647689705,-82.4976510170937,-65.4436304030586,-116.89651153985,55.5584310305101
-22.112875609225,834.419548312826,167.275173454738,-535.761274116268,320.215389845385,119.854119511206,82.1373097712388,-388.793939925478,-77.9102995568843,-64.8376093373211,-115.727811401627,55.3668778374619
-21.9442692496234,834.169100394595,167.821390416307,-536.985117978693,319.468813502289,120.984086847512,81.0679066312936,-379.821327328734,-73.0063685827846,-64.2504350643791,-114.609406682065,55.1115493280666
-21.7689399382347,833.374904366123,168.039307021033,-538.106864991355,318.596190988385,121.893621734528,79.9018154863087,-370.053078400977,-67.5944018912261,-63.6351451303069,-113.196651272357,54.7184492906992
-21.5904182361307,832.091380174014,167.978634214212,-539.190858185862,317.838400102111,122.093680012082,78.65635208968,-359.103755879558,-60.9316035868606,-62.7846968743963,-110.437945593221,53.9499255382335
-21.4344400600638,826.281539879554,166.224678763986,-537.758040284349,319.127918943454,119.730232540637,78.0758562130806,-354.112850064375,-57.1028564142859,-61.9788620968669,-110.114326960288,53.6216737348057
-21.232840867154,833.268859861566,168.762894499768,-543.009282639924,312.631330608886,124.534259116806,73.8556285743911,-324.964089436249,-52.9922902776838,-63.8968806162896,-113.840245453102,54.1724733882146
-21.1416529606708,828.045993546077,166.855843201569,-541.878441810036,314.037087947553,122.538222863429,72.7501513515655,-318.313886215597,-50.6179893810306,-63.5053959378376,-115.629548872846,54.0573957183061
-21.0640487267739,827.284647567153,166.365056925792,-543.147085398188,312.281684071624,123.126415039923,70.4935572080906,-304.17330936112,-47.9237533320804,-63.7483565558686,-117.891243930848,54.030959322043
-21.0664095528402,826.931687015023,165.976013411772,-544.099788813707,310.336911502035,123.607299627251,68.0725054048572,-288.832449827616,-45.2809773933354,-63.9638408741506,-119.842677712962,53.9285062232609
-21.1054753136033,827.274725161867,165.685165242051,-544.607376848707,307.739013842484,124.17347754155,65.5176985829346,-272.697016630996,-42.7490950463236,-64.1214380843897,-121.519872239181,53.7452120088137
-21.1806701618182,828.39827134178,165.494628252413,-544.512629008491,304.547533702977,125.264202330017,62.9334017460066,-256.214189722251,-40.3719369791492,-64.2060836157298,-122.945111250425,53.5037869932664
-21.3053097761762,830.202540549264,165.429453770207,-541.755230838902,299.683790396895,129.864147751309,60.4764501511791,-239.425716654415,-38.4024690006481,-64.2443834155914,-124.160124400813,53.2159383447177
-21.4544647543528,832.2779068882,165.565923820035,-538.690987130829,294.748246706012,132.265095576355,57.9328369820531,-222.013292938365,-36.3356178881367,-64.3473373663784,-125.150343077815,52.82685648549
-21.594404500363,834.100065700076,165.663272796378,-534.174740906954,288.883169808028,134.001838981362,55.3654113293855,-204.106302354205,-34.2972643118122,-64.5705853949459,-125.88072900052,52.3051496950213
-21.6665282145144,835.327451776261,165.60260608724,-528.756080514943,281.902980723136,135.043087400434,53.1865753335397,-191.510028372155,-32.1939861909632,-64.5798077845251,-126.317686399978,51.7736154321093
-21.7526956191555,836.290674235081,165.559521394276,-522.155991386793,272.943213546663,135.390565308309,51.4067552921243,-183.912103658219,-30.2364158203288,-64.4047149758367,-126.451763980165,51.2227422459208
-21.8332279868655,837.225105169831,165.583326170894,-514.587960597778,262.941074793886,136.627121481203,49.5445302353003,-174.390132748974,-28.6869869540011,-64.0769294766836,-126.305687797797,50.6527225027242
-21.9047570329143,838.26408381653,165.679106419927,-506.517815355234,249.630613817666,134.530146856685,47.5150476945336,-161.614386713284,-27.6935327788021,-63.6538738547952,-125.904336218349,50.0503478516156
-21.922876500591,839.609684139609,165.873555864508,-495.252252734333,230.918896731537,131.049548987018,45.2426286788524,-143.301009027561,-27.3087560910648,-63.1963192729701,-125.266958333704,49.3948706061293
-21.9358577039092,841.154117879905,166.043730243624,-489.57965846309,224.562151219138,129.541126960775,43.2598961200887,-138.456069722093,-25.0782085200793,-62.6967907278995,-124.342841034733,48.6438757901181
-21.8782819849626,842.519105854039,166.165170541188,-486.651751214928,223.834821423954,128.919349732109,41.2903084686324,-138.975673238677,-22.0918606975125,-62.1468562039989,-123.147637300317,47.8016679171305
-21.6761853178343,843.352537530069,166.236391991738,-483.806560510145,223.441648555994,128.221559669408,39.2866564713685,-139.436992304071,-19.1738409402642,-61.5175670306472,-121.717837048287,46.8989447366302
-21.5433810593903,844.639903874246,166.161102358189,-481.816929970403,223.431677244304,127.590335346587,37.2860945666569,-139.691144435073,-16.4047542547471,-60.7792156729693,-120.080690067138,45.9663456948722
-21.6697476570716,847.505011602306,165.983650662449,-480.703592044614,223.747854039465,127.048979389667,35.3163140313403,-139.745513816675,-13.7921723674383,-59.9300296095683,-118.242537246933,45.0148447910066
-21.5707159711894,850.385080810248,166.336816844331,-480.273571873514,224.322892928386,126.596031419323,33.3980858690218,-139.753515422648,-11.274195763138,-58.9798329102092,-116.164410641614,44.0249322884221
-21.3007207721348,851.726855538074,166.277615183533,-480.42263550276,225.127781679709,126.32017944024,31.3297737817602,-139.811955321492,-11.1353532662379,-59.4518284330564,-114.046079852549,42.2186758568423
-21.0614844555741,852.001454835234,165.635993963052,-481.041880510401,226.206528625129,126.165018322657,29.2886966493863,-139.741366917223,-11.8182442103505,-60.3021061628172,-111.674313365014,40.6157176149735
-21.3341835713175,855.776928603657,165.924062631325,-481.338970309621,227.510435305003,125.886530012012,27.4608014725588,-139.516070326546,-11.7693306599102,-60.4507229998286,-109.168242202883,39.3036053749104
-21.5392214238474,857.979423530515,165.919206237968,-482.249034905939,229.132121716328,125.746478890929,25.8627916455701,-139.282218060258,-11.2327182452701,-60.1328573145321,-106.578975551429,38.148044609357
-21.6867933153013,859.121865679015,165.74036574094,-483.545755524575,231.142949278601,125.692556317608,24.3938719093067,-139.328082373186,-10.3690349511675,-59.5477510478477,-103.767330412556,37.0514770100189
-21.7788826497884,860.146099889983,165.592182318519,-484.771689397538,233.308325113487,125.518059966668,23.0198785988061,-139.713330980935,-9.22506612810512,-58.7494480237889,-100.663157941951,35.9684730243528
-21.8142797533495,862.459273751054,165.76085807705,-485.64102192314,235.522470831526,125.096060468734,21.6865146203219,-140.477892969481,-7.81763476029249,-57.7613682584928,-97.1859952025814,34.8489672183943
-21.7909070751184,867.077136339546,166.457159968727,-486.61387563557,238.092225443317,124.793983619881,20.3725902366206,-141.559529460363,-6.16980176984357,-56.578517399203,-93.2999100102729,33.6676969092485
-21.7166921291598,874.337022668218,167.705830221045,-487.743117013842,241.08191821353,124.673375881172,19.0277116966609,-142.857495659989,-4.32253677579166,-55.1400699112819,-88.8918450207665,32.370749036509
-21.5832343568771,883.462120838873,169.247473912087,-488.867626823056,244.464995279915,124.770263004001,17.5261515364527,-144.217521244962,-2.30640223895462,-53.1574647715798,-83.4421379060812,30.7670191183956
-21.3527685397856,894.231741921656,171.404831098805,-489.662509007426,248.097105035502,125.039706563241,16.3084531466768,-146.014685457306,-0.0434344960970323,-51.6997921537844,-79.0454456248393,29.5183481963744
-21.0619094596696,905.955685812932,173.807396718096,-490.359000618173,251.848887391215,125.592768494748,15.2064877828042,-148.016721735807,2.37830491985723,-50.364197229762,-74.897370503852,28.332426557282
-20.7700764137594,917.734997946561,176.421070752152,-490.06811058965,255.450283879238,126.129159839681,14.5058429767532,-150.413107617919,4.34133213874068,-50.4590097146072,-72.275930402108,27.4684022292706
-20.4618874044399,928.631635657334,178.966043665418,-488.950999208145,258.809350345464,126.583710456463,14.1246491570206,-152.797129414058,6.53188577239378,-51.0279708410248,-71.0509529962217,27.0921348988247
-20.0353694811491,937.511343642333,181.128024744073,-487.770932158452,262.109698678289,127.336938776009,13.417779188431,-154.167422677872,8.28845184548216,-51.4659119269863,-69.7652966414171,26.7108548618273
-19.7954311045825,947.819457570285,183.69730768772,-486.426875357453,265.601786591343,128.147626816988,12.6075472316868,-155.030297075042,9.81742585277749,-51.8495039985619,-68.4676652086082,26.3095462241235
-19.4673755497524,957.006085069738,186.17842752481,-485.066775130312,269.110747610528,128.909367533565,11.9308024171324,-155.954162641517,11.3964875161325,-52.2840812554984,-67.2185843754943,25.8709244971816
-18.9712812530617,963.393209924148,187.554325490509,-484.081024946415,272.669138993487,129.743236418263,11.2946510864785,-156.754639444334,12.9720171772395,-52.7482792157344,-66.0365423320031,25.4166813735364
-18.4424956826973,967.887143837574,188.507420655827,-483.438619829789,276.348660514999,130.584706536135,10.6902952314452,-157.299699789258,14.5275088842561,-53.1845258896453,-64.901725016308,24.9652939303403
-17.9912864820858,971.489358064018,189.467241124986,-483.074342796646,279.960009581172,131.310496315447,10.1206917279035,-157.478011007853,16.0265433240699,-53.5101515468906,-63.7756872372397,24.5379811600845
-17.5190261749965,974.540143804369,190.177101146717,-483.437192283182,283.425316705851,131.945983369807,9.61138295436626,-157.187641869834,17.3928932968176,-53.637490156085,-62.6292890255954,24.1638714796048
-17.0245278929212,977.776234875144,190.742584809778,-484.904576816917,286.771232762366,132.506650187805,9.18459291659241,-156.309043217551,18.4790408715115,-53.4856147713815,-61.4379804493628,23.8739987997402
-16.561034619886,981.476701270112,191.371905450869,-487.273382042362,289.76094886614,132.888110548814,8.76173110510067,-154.732825357201,19.0748257077123,-52.9994508556895,-60.17371553893,23.6876853649373
-16.0010488564437,984.807799393189,192.123936401265,-490.546290442287,292.289667653229,132.934257364142,8.54156009787012,-152.588537942706,19.3352491996232,-52.2119114244381,-58.825449604634,23.5922828948423
-15.6659776448579,990.223573939429,193.194599182833,-493.678283308569,294.169873646206,132.575258749242,8.34404104316109,-149.924484960864,19.1877339084742,-51.1331567529467,-57.3726791578002,23.5797132057859
-15.3629137817633,995.860807526027,194.420218784143,-496.946811207984,295.296007909042,132.11868310549,8.05308376038134,-147.228330598612,18.9248341310654,-49.9295246751067,-55.8307564016615,23.5929616089431
-15.0627223875461,1001.97837242027,195.791155516469,-501.083699836555,296.092152574079,132.158564506298,7.39323645649964,-145.117706478025,18.6756536188743,-48.8582778713807,-54.2665253435444,23.5509768793662
-14.7121495181196,1008.49339811143,197.337676332643,-503.131662263903,295.764135551963,131.63341285957,7.01540266826441,-143.546309315341,18.5099957019573,-47.9506426578673,-52.8293240493496,23.4682695900463
-14.0776529914604,1013.68630055113,199.349644719455,-508.87328799668,297.233333751433,131.576869046315,6.22854869095347,-142.291916832188,18.5240300724857,-47.599892480381,-51.9028358845867,23.3878568577596
-13.3368481150408,997.002933556071,195.94188904193,-477.307651356085,290.297293791205,131.359774039023,8.31666320943679,-153.757394123326,22.4310485954778,-50.4847594976137,-53.0225962360237,22.6816349330534
-14.7408649033545,1052.94606044909,208.11619862963,-511.968986335206,288.350877029943,126.541453736416,4.60381487701001,-137.35473948203,17.9650839394374,-46.3409475543699,-49.2017679197755,22.5090059371427
-13.6475947053933,1035.57657925554,204.764747420162,-467.112364124332,279.153544629091,126.710218460654,7.70728432170931,-153.423177478327,21.0476795922619,-51.1819943930974,-52.3356115042517,21.5334615866389
-12.9866241336489,1035.5501687449,205.620783948146,-467.331970889688,280.23579102194,127.481799652027,6.74129335971202,-154.344829600844,15.5854594115065,-52.7392555098241,-55.4058748735574,21.5169454771939
-12.5292732024531,1036.28623369762,205.945526617589,-458.417267477565,277.826493548007,128.488538308532,6.06153710599279,-158.611339715775,10.361541709526,-55.0727607200025,-58.855161477576,21.0449273558132
-12.0337808150804,1032.07608941805,205.146660366875,-453.306914306345,277.204326894515,129.419932329954,5.39259877333942,-160.680444977654,6.14687241478372,-56.9405613554173,-62.6341448498897,20.9559036350332
-11.5473744202324,1024.88564929334,203.644055820965,-449.535338083572,277.401181248605,130.395570071064,4.86704374069213,-161.997943120572,3.46897045607201,-58.3141249389801,-65.3334962895215,20.8749876721695
-11.2727644063792,1016.46742638708,201.924965551228,-448.323837173258,278.855653291711,131.401117264779,4.41718686727468,-162.136794784557,2.34815361114064,-59.0373011906702,-66.8437821064828,20.8798386168608
-11.2432671892883,1006.01378162312,199.521422377709,-448.933469093601,281.088216964696,132.343494386965,4.04988792231462,-161.302660859604,2.49513267115714,-59.1584128626345,-67.2696335198449,20.9642933739778
-10.6889744732897,999.468710561061,200.006399848657,-460.533757221191,285.865106531444,131.283357826104,3.8570751119035,-155.06954679953,7.95353838249875,-57.1515318014045,-63.6839757460846,21.4464603192079
-11.709457771102,984.519982607115,195.310477993036,-442.895607697264,284.506984335654,135.105183180276,3.83203591918261,-162.123002161635,1.95116763750644,-59.4221088815215,-68.2187915968434,21.1015766487269
-11.356563589097,980.658120112806,195.915747247903,-454.524272771977,289.90498683547,134.735922412765,3.55497891005203,-156.744095574074,6.79348266517298,-57.5516919649669,-64.8331410809678,21.5877640559384
-11.2826392716327,970.402678058532,194.559077310854,-458.199237919909,292.844442310949,135.270725716837,3.48838869125951,-154.767894591533,9.1278796550466,-56.7595006143528,-63.4530445147095,21.7869622579471
-11.3935676439748,962.367852943104,193.445626722281,-461.176599704268,295.471675729218,135.935396482327,3.43637869650096,-153.407564863635,10.9950278020111,-56.2078695200679,-62.522015382833,21.948954902554
-11.3622661530622,955.016240616975,192.35635294029,-463.407813202038,297.293744859015,136.449541161331,3.34862088593609,-152.331417087751,12.4907200004332,-55.7597628662971,-61.8265444706512,22.0824403785032
-11.374933149386,948.794438205106,191.590632087932,-464.827321906217,298.492326714361,136.775728745913,3.27093607470912,-151.419332011082,13.7414224039644,-55.3435760766685,-61.291227093978,22.1997983970991
-11.4286118534455,943.311161114561,190.892861440792,-465.37746279797,298.954305207459,136.909550653082,3.18344557467639,-150.639332567691,14.7181576354038,-54.9108818548414,-60.8473612877552,22.3042884052963
-11.5070664686529,938.215254516895,190.208846856555,-465.073699430092,298.714124055324,136.910164273198,3.08628278983536,-150.039262741746,15.4472493068874,-54.3769739644088,-60.4422228027649,22.4267458192833
-11.2425553025524,917.668480127778,185.951921793164,-465.998300307559,302.628899602179,140.105566763431,2.56716621036865,-153.055671321665,13.96720676194,-54.7970762090434,-62.1237462228242,22.8278332116112
-11.7563831300189,938.705688844082,190.857126844704,-462.597021949162,293.676235800268,133.27904898611,3.35778092117737,-145.86571771556,19.1235308426838,-52.4270891392901,-58.054521587946,22.5019160815133
-11.7622495394802,923.927008122789,188.128738235018,-459.287510883716,294.446276809268,137.155435913932,2.53831559254524,-150.22841885634,14.5283457459975,-53.8076139772625,-60.2066078696983,22.2269950387343
-11.7668505291669,918.246453384673,187.092297914915,-459.899705213469,294.348202403064,137.034562742479,2.32554293734622,-150.042897070228,14.4498709663606,-54.0138182526311,-60.3233248968426,22.1672270686027
-11.798133556482,915.869161775502,186.849401965847,-458.819074416172,293.67137227806,137.451396084398,2.07766265815321,-151.157487240577,13.3859459734631,-54.4712099164511,-60.8494651805136,22.0444552801955
-11.7949623716232,914.888225591087,186.896851218026,-459.310681032036,294.022241955291,137.994026212375,1.8344995374993,-152.417358303787,12.5617179892184,-55.0318096214883,-61.4902628656265,21.9951168867142
-11.7996250490806,916.470302495177,187.487131163624,-460.817984599487,295.301499460018,138.889718565528,1.58879073447611,-154.192136968515,11.6567036290303,-55.7982683073974,-62.4566064941646,21.998990735786
-11.8143990733603,920.494383780006,188.57512357279,-463.452773219884,297.307651753631,140.015311702637,1.30137900589596,-156.332430283812,10.7297313319748,-56.7409261874892,-63.7022413772719,22.070233687634
-11.879646655582,926.992191909234,190.104290595991,-467.523251458629,300.231966172657,141.429445690951,1.04009506452757,-158.690630919807,9.95792968689931,-57.7938835160924,-65.1290600047131,22.2134128645861
-12.0443716222799,935.929054905624,192.010265478755,-472.899189946298,303.813840618683,142.965509052621,0.820148282415689,-161.086976451048,9.47689455447453,-58.855604220902,-66.5451564297024,22.4350880934213
-12.2967742306377,947.162570917301,194.175566405945,-479.774152567965,308.033071109169,144.590752281966,0.699927607670299,-163.349620724068,9.49867554029621,-59.8145594144031,-67.7294046420838,22.7471273426585
-12.4847844742506,958.906075551473,195.935309437672,-488.065754641694,312.563500599041,146.228030108266,0.701725485776521,-165.365001787849,10.1421793709369,-60.5733598734657,-68.4808359692145,23.154450297664
-12.2304722618487,970.004429695874,197.414944657008,-498.003357481511,317.375340036072,148.087366973035,0.881280369479676,-167.043727142934,11.5305290071274,-61.0563667565952,-68.6617788229221,23.6488385323706
-11.7469587942709,981.492131524175,199.356634606414,-508.923766609293,322.209435422779,150.020373249933,1.253015425463,-168.329002568924,13.6720155384793,-61.2148010534164,-68.2040938637369,24.20152411158
-11.8293611763093,997.864372379775,203.424933705647,-519.06396197153,326.724232303667,150.662139696,1.80222028544199,-169.212048902691,16.5193207461555,-61.0325542049984,-67.0995911014448,24.7752717330514
-12.0298682636714,1013.7709554427,207.162538153524,-528.650732966067,331.198288132459,151.125704610662,2.53365015897131,-169.757042172443,20.0991551923645,-60.5470060237626,-65.4052980653843,25.3496196551076
-12.2992620931491,1028.50978177505,210.55021100993,-538.009620758214,336.209803968465,151.713593387014,3.48808936054352,-170.096727747143,24.7214218212451,-59.8406845319484,-63.1386636992675,25.9214311099876
-12.5088302456737,1040.78364560846,213.335228112183,-547.736085681662,342.325536841331,152.806810063001,4.44901851681135,-170.095090495982,28.7657086355583,-59.123877153531,-61.5933302949876,26.7653445951882
-12.8332122316201,1051.3412764779,215.576858534836,-560.667078857318,350.602812940727,156.495893033037,4.63995454350954,-170.484265568286,33.7521878343225,-58.5390604840685,-59.5369976320827,27.4301206013689
-12.8799351586442,1057.95515524198,217.122879120493,-574.190698498766,359.688061231745,161.052330592528,4.33741129039945,-169.803664980231,32.8966360296526,-58.8746191114163,-59.5723559043645,27.9149264941307
-12.7985025139835,1060.81459758638,217.825649315298,-586.373311810221,368.576738287232,165.782943804235,4.48182343579612,-168.804306216491,31.045460091814,-58.6586129136156,-59.9826681312765,28.5766828350993
-14.1826046726496,1108.835613747,228.413318499981,-560.984820894537,347.354421768878,161.296816170853,6.52887296635302,-163.724362738818,26.7218978334112,-53.5118380350812,-54.9771861128346,27.3650007599649
-11.1668798597337,1017.52468765172,210.258954558486,-645.268615055772,410.582663646035,186.211000785653,0.783301328454364,-169.316162883799,31.8626970456549,-61.8431447823479,-64.6146038441542,31.1030556611476
-12.386647249115,1049.42385790495,214.611756069014,-613.441146714916,389.369906577792,177.97128524369,3.52577896270406,-162.446945205355,27.5127242531488,-56.6199244487619,-59.4028155480164,29.9543593340533
-13.0050718928004,1050.36566107451,215.616785928707,-628.447142175182,396.655298384522,182.957304017149,2.50893086428692,-156.934006998056,25.8612556513816,-54.2406637018581,-57.225467902526,30.2269567784376
-13.0366952128498,1052.81601965209,216.130805488681,-614.567834435677,392.018412280124,181.494352108882,3.33870880436477,-157.868130548571,26.5770634555206,-54.1845437965493,-56.8334854803647,29.9146509805329
-12.8981447277536,1049.24900644999,216.685194103391,-627.885833432772,396.177754565478,185.047984498447,2.60000019130668,-151.42517502976,25.3469923150219,-52.6086269439117,-57.253752720467,30.9083680919306
-12.9062461529013,1046.65284956712,216.312856754634,-628.558329015327,394.527812582385,185.555426966686,2.51887198086505,-147.078098334876,24.4897179511511,-52.1610682893994,-57.7164272545594,31.3289339734874
-12.7526064315166,1042.42087615841,215.331365010278,-626.309976748885,390.870975740534,184.983478312116,2.39297376948264,-142.212221179026,23.5965486721726,-51.242947049685,-57.5528384126019,31.4093348698688
-12.6103160443502,1037.53702644139,214.115641040363,-620.900447162385,385.419596430859,183.391848062881,2.27500921797433,-137.095395792185,22.7282192797083,-49.9183317308009,-56.8108958682939,31.1560692152329
-12.4567197202566,1031.76415584204,212.652912446316,-612.596945077606,378.560476215045,180.969380513311,2.18841958211749,-131.960188390853,21.9311916582998,-48.2756561836659,-55.5651601639901,30.5948181988877
-12.2893769049453,1024.82364930086,210.886407561875,-602.22777248197,370.880993827013,178.03664614016,2.14920285484191,-126.967124091197,21.2094828918015,-46.4612550515118,-54.0101911689778,29.817356606972
-12.1155101851884,1016.71623415311,208.80192925466,-591.100939267698,363.149202858916,175.027147729247,2.16945597770216,-122.237762644474,20.5377646923418,-44.6711570719181,-52.4363635889762,28.9598372009305
-11.9437630091577,1007.85326684982,206.48074959119,-580.254317226078,355.948350856331,172.321051220632,2.16442725105697,-117.514262884015,19.870232099528,-42.861614690324,-50.9876825776049,28.1815262390998
-11.7650888672186,998.690857491813,203.980463410472,-570.020813107805,349.425254621871,169.982699515528,2.17280794720935,-113.129914101097,19.2808547263394,-41.1585671723763,-49.6743968793463,27.4397697641615
-11.6182679012678,990.496740986429,201.732242274574,-560.627958686959,343.614855609843,168.032177850494,2.18819990882721,-109.181069364695,18.7475541324383,-39.623272816151,-48.478847353705,26.7062997744659
-11.5233416375007,983.713557581447,199.867675550342,-552.248572992782,338.505289007764,166.464114647983,2.1965566301422,-105.660244145382,18.2533265425917,-38.2578722862546,-47.378750644176,25.9788029570306
-11.4655439639236,978.130992067389,198.284955252762,-544.98619153601,334.252807665853,165.301571303443,2.22317265196486,-102.550970788706,17.8272517092965,-37.0089753183305,-46.3171574513256,25.2539004340993
-11.4305179220535,973.87039273374,197.034607943751,-539.369653894464,331.053006061941,164.769457669792,2.33610652561345,-99.8499496149164,17.5195003294172,-35.801449723616,-45.2223901122609,24.5189852959221
-11.4031060226563,970.956731969182,196.149644359818,-534.436373199378,328.413808441232,164.446709933549,2.4312019952243,-97.6878971199114,17.2630140551763,-34.7256068543354,-44.0796128005069,23.7126900854186
-11.3929780437866,969.208309293756,195.62073429252,-530.141697372789,326.30509621414,164.362240253119,2.44891335778605,-95.8125292208814,17.064952172283,-33.6236262094183,-42.8476243747656,22.885094854586
-11.392565176868,968.135852944894,195.346022781699,-526.514045206863,324.745934846919,164.501934660483,2.47907158465351,-94.5211629363848,16.9434957266996,-32.6321580289049,-41.531268527247,21.9748227192223
-11.3937336347642,967.23067192703,195.193181053452,-523.869345941962,323.937899631528,164.927652257993,2.54124718509461,-93.7426396184229,16.9113300211286,-31.7182382792192,-40.1508155289035,21.0258523871183
-11.3923436291154,966.129197684087,195.042593891608,-522.712149968688,324.278831654156,165.7327372817,2.67273976023993,-93.3742132354795,16.9799553672971,-30.8436118085407,-38.7439898481514,20.0975548472386
-11.3816870079845,964.660065030981,194.832275860644,-522.864781206998,325.421803222621,166.876094543228,2.86099009619555,-93.4013889250214,17.1391258875883,-29.9813650667303,-37.2783760658712,19.1898605983479
-11.3440856334949,962.887331093024,194.585776795005,-524.069246421787,327.279731362342,168.323984598988,3.10352289905396,-93.8927251618086,17.4022426180944,-29.0906706378372,-35.6630379949358,18.2578385649776
-11.257262389137,961.155105156898,194.390573104118,-526.409833020446,329.919477406499,170.115889165463,3.37643287006063,-94.8448553633983,17.7579642583807,-28.1797932684804,-33.9070340901028,17.2912765581555
-11.1197110783198,959.972679257978,194.334617401897,-530.48073662239,333.602937184011,172.38420864292,3.64457155736671,-96.0837897251679,18.1702042991526,-27.3054486542641,-32.1633861681558,16.351281348379
-10.9602164175461,959.768093199474,194.470033389959,-536.82374224014,338.581461649185,175.263019332063,3.91124096032067,-97.486229306509,17.9696460417066,-27.3849024865209,-30.8643635235724,15.3437570000894
-10.8122697766414,960.872080002605,194.89018801009,-545.287535924051,344.88705779633,178.753796356367,4.47742908529542,-99.2478525519819,18.0534394897791,-28.2714108131099,-31.3202348025716,15.0041835137389
-10.7192319605064,963.7092157693,195.732670323751,-555.116435614536,352.236482655807,182.737627305308,5.17176010382233,-101.669558571677,18.9914609146496,-28.7862459249751,-31.9381812467414,14.8766342608654
-10.637121797409,967.863757621598,196.889327436007,-565.46166046316,360.149130351098,186.982678414823,6.0044255366717,-104.819471105005,20.4297773494265,-29.2064268516344,-32.4994574513589,14.7696041870895
-10.6150390777788,973.290482600216,198.35142796335,-575.584129461509,368.125767006734,191.244601213966,6.98037614285978,-108.541569526684,22.1196573609994,-29.6105984682588,-32.9468459897614,14.6388152961337
-10.6554893121595,979.722885370915,200.045385543798,-584.906603455947,375.858572293551,195.397450846357,8.14339556740632,-112.958113099239,24.0784606967224,-29.9758259434893,-33.2417330984785,14.462292257391
-10.698433535616,986.600739781758,201.825205891069,-593.658663057774,383.525843577403,199.643881348194,9.0963665907185,-116.465802963508,23.2008227667124,-30.9553264778522,-36.1234223625113,14.4195470947042
-10.6922400132714,993.332040473901,203.628992609875,-602.953879303584,391.77126530588,204.328008279952,10.0446688708024,-120.053182851227,21.7878409237487,-32.0778858822617,-39.6086892717032,14.514396509138
-10.6490011829628,999.336071127488,205.286324742592,-616.811814033521,401.241866915732,210.798056168366,10.2274363378207,-124.357173343409,19.6206071045582,-33.7535441568612,-43.6193845511584,14.7545226810004
-10.6036347716405,1004.09267967129,206.630728966986,-635.548029124685,413.019419601543,218.726558077464,10.6153513816185,-130.122520957932,18.4184272202536,-35.5173678716242,-47.2853934346224,14.9095815345095
-10.5431702269237,1007.65552545663,207.612162823097,-659.82177770888,427.857550463043,228.256335040656,11.5402673668641,-136.329487012575,16.6735578888964,-36.9058115338484,-49.9471152869622,15.0117170611443
-10.4690222812491,1010.19436896406,208.261612410762,-689.157606646952,446.023429164581,238.949685008979,12.8245367293589,-143.155084075284,15.1768061147388,-38.1532330315544,-52.3027918966978,15.1208318903158
-10.4069669718587,1011.80794397267,208.660135171848,-722.812580344399,467.195717333321,250.573883285415,14.6667054752092,-151.400533400992,15.0928673559497,-39.2803855432092,-54.5867173894421,15.2061405364779
-10.3388780157429,1013.03180372163,208.980165100346,-759.804981799967,490.820497540312,262.823832674496,17.0937588436319,-160.858289542352,16.0516596999488,-40.4662324542037,-57.0241313705406,15.4608730939458
-10.2388958456899,1014.92867233265,209.495777190947,-799.055341042848,516.504433364565,275.04544230146,20.3665241547147,-171.51446087114,18.6354255329615,-42.6120764199491,-60.3343376060353,15.360253475659
-10.1527978820249,1019.38141042435,210.686860742051,-840.522290824277,543.034955698825,287.165604156523,24.0147232105696,-179.74638900694,19.1700814011491,-45.5123260385594,-63.9119254443481,14.8823740956543
-10.0614648256699,1027.25338512464,212.797531113699,-886.075296978497,572.908696626227,302.546145825269,25.3171311913555,-189.54691294472,17.8913464927618,-49.3700901621171,-67.4021214798306,13.5833481583991
-9.92328183357305,1038.24315257433,215.80270736764,-932.646535279717,603.64519313683,317.576710445852,26.5626990005005,-197.310820331894,13.9869664991558,-52.7781006524103,-70.7747072288884,12.4676083448991
-9.7323745970208,1051.84747642257,219.554183331709,-981.345745044931,636.148326828551,332.990568136035,27.7252705744701,-204.810287597001,10.0297186760982,-56.3058224916422,-74.3277402978508,11.2438240953894
-9.46440273352229,1067.00966662488,223.913991383224,-1032.13717146499,670.001962197069,348.944808393457,28.7296947739132,-211.935959117034,6.03664703900335,-59.8544595080139,-77.9368203845693,9.95815670002995
-9.18269285236201,1083.27058278842,228.808307544435,-1082.1670223338,702.74330675969,364.36970827304,29.6341979375214,-219.036924611528,2.28300925321685,-63.2617828801057,-81.6821620000106,8.44530346444302
-8.79095543470732,1100.66225671829,233.965707668058,-1129.87711386316,734.714819312108,379.550284079637,30.7045173414978,-228.014922216599,0.586568882254824,-65.18172503042,-85.7565117515275,5.50010520107634
-8.35200408485548,1119.21707491007,239.483727878206,-1175.1025387457,766.167559627744,394.384434312785,31.580744481435,-235.639942903594,-1.77364723454413,-67.7508429549813,-89.8048013014074,2.95201010198831
-7.96253386478585,1138.90799273688,245.27845305906,-1220.00112980939,800.064074013781,410.659513913644,32.5356408628197,-244.267973788394,-2.73154575651433,-69.1919036602816,-93.769337201761,-0.185173338672505
-7.64268843407409,1159.20040462865,251.176684076486,-1265.42346825838,831.448699364867,427.069203382419,33.0919049771401,-252.129809214998,-3.73238501292559,-69.9558266380979,-97.0796178188356,-3.38441878228214
-7.22173125704192,1178.89875011309,256.444429649815,-1305.65270259399,858.649594705605,442.409155367422,32.0799058154637,-259.83839264419,-3.94981385776678,-74.7942583009068,-109.823717050599,-3.15118509714553
-6.78843978330233,1197.17562422669,261.626612188528,-1339.95002777092,881.786291320659,456.156289280595,30.6529757619203,-266.651192541812,-4.03663610966821,-79.5631675634109,-122.344117930903,-2.29399261855999
-6.28486036864733,1212.82811751862,266.249302952152,-1377.91971749284,909.854863304759,468.109985907092,29.4972795091626,-272.115515350428,-4.03723601720478,-82.9928900933977,-131.917584866427,-2.00243094445608
-4.26375535661664,1223.54405044416,271.463462825393,-1411.52213997793,935.297774520021,478.480258204433,28.0547644666753,-276.023342735129,-4.25122576320745,-85.5185289296229,-139.836477171061,-1.9669959179624
-4.01818866140002,1232.03188700815,276.584809341001,-1417.93660900269,944.207879031659,480.719681325633,27.2020824778403,-278.838151407068,-4.44706291238679,-87.5116415979978,-146.642672401356,-2.23016040612183
-3.01864563772551,1249.21482470934,280.530890731358,-1484.53379565872,990.401470732569,500.035891003311,23.391957753123,-278.87633850846,-5.31022806053021,-88.0683046666637,-151.633837811141,-1.72426959148495
-2.65453316799026,1251.40595080709,283.020708229089,-1479.63273165738,992.570191954715,498.509777507322,22.0067033781803,-278.506540982139,-5.90841943089739,-88.7653608778373,-156.369478412588,-2.22157951442626
-2.32146255851314,1255.06910711751,284.781580964458,-1486.49155373366,1002.32667188511,500.082213356026,19.5868025723453,-276.178037142347,-6.90088846322816,-88.6656581154136,-160.062073910847,-2.6358828509488
-2.024569791631,1257.8247799303,285.989654649053,-1490.20929882393,1009.60657884237,500.630114011964,16.9906201190629,-273.667538449594,-7.636081052236,-89.3404515558957,-162.801105205029,-3.35180321131591
-1.85499952263758,1258.86580713301,286.271341371631,-1499.07042049915,1021.89696174341,502.69128943265,14.0822320042615,-270.418632242651,-8.55198882772181,-89.786130464091,-165.05102732626,-4.15837746050466
-1.771257666903,1258.56728318831,285.878716822219,-1503.26274397593,1030.63819735533,503.337199227752,11.0189568243074,-266.846335924309,-9.563166986108,-90.0317090856085,-166.844090380472,-5.02286417912012
-2.11042628842892,1256.91003621194,284.652641911326,-1504.13084777558,1037.1432740948,503.068308128145,7.94820459179846,-263.43328749598,-10.5359968326281,-90.1341052126821,-168.108030288927,-5.92134254700659
-2.94648125864631,1255.18351719829,284.222423191603,-1502.97346305158,1042.23076027422,502.303924600701,4.92388887182129,-260.644014398219,-11.3655586205344,-90.0167610693775,-168.421731989609,-6.77669029928927
-2.94896419588639,1253.01977363127,284.359654084189,-1500.99841843633,1046.61694095194,501.426121487004,1.8980411474377,-258.121916403571,-12.1991848422563,-90.0039811550616,-169.471098054264,-7.70840061132865
-3.02799980575303,1249.75800507338,284.237790256877,-1499.46310141715,1051.03768788871,500.822380960537,-1.18124352447501,-256.420355742029,-12.8610412165484,-89.8436315899181,-170.042343064268,-8.62719212818875
-3.16803969568445,1247.39630593976,284.250002815162,-1499.515723694,1056.18943181934,500.848675919924,-4.47220365603248,-254.823009414807,-13.8170023555354,-90.0309799303127,-170.965150213574,-8.94937893176382
-1.67834457682961,1191.67852313996,269.093254402592,-1502.27299076466,1057.52225129219,496.980220920372,-10.9460699439923,-244.736845542015,-14.8709451395568,-85.2631988685574,-161.375271264365,-7.88647587239788
-5.69895345409163,1322.52660661328,304.754923417115,-1480.44254448804,1057.26655378874,500.013135432458,-7.52630110865809,-261.822239028685,-15.3870813188266,-94.9784417959696,-181.267930628318,-10.456843413043
-3.57452580418196,1246.08502716879,284.837108802015,-1536.36536322042,1094.16288656209,512.742664900578,-13.9682704076989,-252.850224813134,-16.9940213576887,-92.6928885750001,-176.238960878244,-9.05471976761461
-3.82002799022732,1244.69246665689,284.498692903919,-1531.78099759614,1095.43056224591,512.720738527137,-13.6876307059525,-254.629950838771,-16.9859143825718,-93.6047447304527,-177.860877345279,-9.23394511433416
-3.83878519902557,1239.93767636,283.288891038017,-1563.54783467526,1119.54656729985,522.869579651927,-15.355656838369,-256.277003699626,-17.6304284002171,-94.802080838808,-179.840982277325,-8.94822781833953
-3.93369522812716,1237.03017828824,282.59087150916,-1598.35049195663,1145.77164383841,534.478725068799,-16.442598553772,-260.326234303539,-17.9639555391206,-96.1800898795406,-182.159970897574,-8.90358426184199
-4.00625021220495,1234.37693383248,281.958972033818,-1646.02343698278,1180.30103928772,550.06153219702,-17.6429464610311,-266.210185988744,-18.2251365838954,-97.7002974617103,-184.707850472394,-8.98992406135309
-4.05663144471545,1233.57212623924,281.789671528772,-1702.9684337437,1220.85555074889,568.576821119612,-18.7122935462522,-273.988889707226,-18.3572260346554,-99.3206372870451,-187.427442016621,-9.23503888000142
-4.03034959220192,1235.42339789938,282.251123287531,-1768.37174967417,1266.81572224724,589.652670385974,-19.8690114275446,-282.014588847936,-18.9146089131331,-101.538711728429,-190.970883504435,-9.12992349277549
-3.90509637983847,1240.49248131966,283.46464492854,-1839.89488722492,1316.57503341417,612.5205078622,-21.0427325380184,-289.967905300444,-19.7549106421303,-104.801851356708,-195.29062754171,-8.86322180035241
-3.7222783141497,1248.98475974088,285.437166307615,-1915.17822935374,1368.47118734812,636.423080095807,-22.1072249059386,-298.292045172567,-20.6997208729382,-108.296269187908,-199.693330896987,-8.38959873139233
-3.49006888445144,1259.88355365725,287.919807822983,-1989.94842257911,1419.56158397696,660.030014511631,-22.9629756009017,-306.593369050546,-21.6790778736737,-111.682881794249,-203.832839337301,-7.85710430971179
-3.22098353378818,1271.51815957588,290.548865318205,-2055.76480799331,1464.0390639757,680.733002907843,-23.4394068612138,-313.888821561623,-22.5841375600344,-114.604193217551,-207.062561181076,-7.17799336616407
-2.93676973065936,1281.99023458928,292.947033865057,-2099.72454676654,1493.06252484106,694.527100723354,-23.4617096292246,-317.347114508201,-23.76189182243,-117.264622527208,-208.610364557144,-5.27089612217115
-2.63434105273927,1289.59076323847,294.78826581288,-2108.85681703127,1497.72100559691,697.366585986324,-22.4849325534316,-317.719667224863,-24.1303103268741,-118.820746380079,-205.764974808113,-2.19682720469982
-2.356968053956,1292.77834723038,295.679118848011,-2077.50297749005,1474.18593248777,687.472525922923,-20.6637041902354,-313.467689185721,-23.9384168759217,-117.403250113318,-200.990318816577,-0.92471879970658
-2.07332589983446,1291.52915658146,295.736818732913,-2011.68567432405,1426.71486992116,666.718668357397,-18.1469606463231,-305.895408980542,-23.0704763720572,-113.983718872965,-194.260549139301,-0.853836480472348
-1.75201473996272,1286.9781421449,295.096870415306,-1925.43856959548,1365.08479533066,639.502860573096,-15.3169837230401,-296.769831088622,-21.7198176621747,-109.534720721018,-186.684270154299,-1.58874455045336
-1.47169340591972,1280.22999614877,294.042113452808,-1833.86064321268,1299.79633089647,610.576045675462,-12.5823552536649,-287.603792978658,-20.1925024806399,-104.915626345633,-179.356705400542,-2.7075818152969
-1.28121619489833,1272.34918648699,292.776062233069,-1749.07046146168,1239.30764098436,583.765202315022,-10.3334874196166,-278.761160552766,-19.0272353599643,-100.949129273601,-173.414153137604,-3.60117595166094
-1.1583950699062,1264.23645978109,291.470818467568,-1679.18113485217,1189.39868666076,561.655000421145,-8.12123188935136,-271.550993424089,-17.93406978489,-97.6635681082915,-169.071600950012,-4.61244609192739
-1.10161727398566,1259.7156830431,290.528195584617,-1628.93615006935,1153.42985659931,545.763776516297,-6.01584981561973,-266.113177148952,-17.123514076577,-94.9055507195081,-167.032502334795,-6.04443277684276
-1.01570184360782,1256.49591771802,289.79076268516,-1600.89882049267,1133.11622507052,536.897010490564,-4.76808583871282,-264.213256122968,-16.421351537921,-93.9195922328853,-165.26370191792,-6.10250609732107
-0.880372992152022,1253.17885534274,289.105938811863,-1595.97388884865,1129.15985841302,535.338378718189,-4.12867133655782,-265.408612801767,-15.9879657189735,-93.8743967338092,-165.030143051998,-6.11650572640136
-0.756314386083773,1250.66360227915,288.724451749219,-1613.75911995779,1141.28131383562,540.947194389212,-3.93895892800218,-269.631958468553,-15.8086192071453,-94.7823331902588,-166.291907835156,-6.01700069846997
-0.502119026855326,1249.51190934623,288.640664431865,-1652.18420559643,1167.99741571134,553.061666078376,-4.14803178887887,-276.562502338701,-15.8606025768412,-96.5514961245511,-168.876737644625,-5.85905004457681
-0.00818301555709411,1250.40821560707,288.850152885603,-1706.43144677149,1205.94552202242,570.148257871012,-4.91668817903071,-284.843162722724,-16.3624942890971,-99.1472837719297,-172.782291623042,-5.43612650121813
0.227357119619661,1252.7254006553,289.591971285072,-1767.65295548318,1248.98118957737,589.361833991337,-6.32568690074488,-293.492117421987,-17.0880741414596,-102.019824812693,-177.126647847693,-5.00716174140258
0.430056527694809,1256.07426843335,290.569758365385,-1823.65850752603,1288.62876700986,606.790888255205,-8.60185782463319,-300.847016566857,-17.9562476426908,-104.532115138852,-181.041872284555,-4.68428799629282
0.571466455881797,1260.10505089456,291.682982212341,-1863.55669296157,1317.44431969235,619.04204916304,-11.332369715176,-305.279580753134,-18.8495623364123,-106.353681091057,-184.133444348365,-4.59784335954365
0.618281379069401,1265.02302440821,292.9827008004,-1881.81482120581,1331.90641158404,624.554938858719,-12.9156507132542,-305.403632322853,-19.5965119041715,-107.623118666087,-187.007818632255,-4.8759100243878
0.563128999045157,1271.05779177506,294.511467232602,-1877.3137423678,1331.02701067534,623.108340778464,-14.171498909276,-302.932824370437,-20.1408756928855,-108.056198053628,-189.005101379696,-5.6009755597754
0.4198254901964,1277.83508864086,296.174435071813,-1851.1614515476,1315.42552358794,615.105561224882,-14.8966241335732,-298.530420563059,-20.4285824012087,-107.73742944999,-190.067461670013,-6.66912569629443
0.21948808143275,1284.3630341142,297.75834154751,-1807.7864246519,1287.85345987169,601.885284557336,-15.0437046174045,-292.765638691736,-20.4738419853588,-106.766851643492,-190.109207644105,-7.87862769398839
0.0738631369063683,1289.27462847317,298.948014174701,-1754.62694430385,1253.07073650466,585.672236691592,-14.6831233971171,-286.229171511261,-20.3328514872562,-105.235996662802,-189.077627516063,-9.02521803995945
0.0440547130457247,1292.14548026247,299.581558880771,-1699.88776548045,1216.46066836749,568.941871034718,-13.9080860305623,-279.642931540393,-20.0435550255982,-103.351630533611,-186.99003238933,-9.91604256046838
-0.0695058111152562,1293.56675086961,299.779450269388,-1650.8889492722,1182.93686285296,553.920831262322,-12.8411231263528,-273.686758377277,-19.6744145097252,-101.320161353673,-184.086039327912,-10.5026510580262
-0.199792753747143,1293.60367406003,299.67477837527,-1613.18337551973,1156.45684892856,542.288741951465,-11.6324594544636,-269.023104523505,-19.2623533756283,-99.3261860704144,-180.672076705837,-10.7962220548097
-0.385711147480929,1292.80538484062,299.099556136109,-1589.91367261782,1139.35387995436,534.970912579263,-10.4776318060244,-265.971958386121,-18.863614780757,-97.5476410183441,-177.089283906025,-10.8238690795165
-0.398886993809263,1289.81105164934,297.984913882044,-1581.7986843399,1132.34208496966,532.161445492706,-9.61708132055893,-264.258174721301,-18.65770613977,-96.2195024222434,-173.868733841612,-10.4676739818604
-0.281411343350051,1284.58471770374,296.32265781528,-1587.00569467835,1134.37064069007,533.295199723467,-9.13222860351771,-264.003689838209,-18.5310251024025,-95.2894163849184,-171.102843610762,-9.91173570080725
-0.135631425505476,1277.00179345231,294.338060479354,-1601.29541801995,1142.69398665438,537.081799235306,-9.02916862671139,-264.844721267672,-18.4484712234881,-94.7122878243222,-168.90550503467,-9.27190732572453
0.185860573715207,1266.9904901546,292.312415597849,-1619.51958823126,1153.87977863721,541.950774221411,-9.23532224198971,-266.165027280921,-18.4002813223388,-94.4127771105152,-167.230293712998,-8.62447860281773
0.459913868805067,1256.96221791361,289.986661565706,-1637.49050394759,1165.11629259441,546.640141210503,-9.68567525583421,-267.14213533116,-18.497325324628,-94.3114801070386,-166.07353373689,-7.94020529064357
0.645217211190083,1247.29031514102,287.635468665988,-1652.66670393189,1174.72818058158,550.434112797774,-10.2692983742744,-267.533411936716,-18.7183684822712,-94.345063272749,-165.29185872805,-7.25601062312803
1.01427369641317,1236.67837089181,285.179946499317,-1663.89108364691,1181.97529631792,553.069981721745,-10.8674717489708,-267.500333692282,-18.9776915403524,-94.4255520538182,-164.735855604156,-6.68463473829548
1.31104597631109,1228.40935677247,283.156086264686,-1671.19542518571,1186.94116385716,554.640729420823,-11.4179724486679,-267.184435379215,-19.2623755946409,-94.5497236771969,-164.40742233744,-6.25212025445774
1.60253504580886,1224.01859161917,281.760629356109,-1675.31717089467,1190.14137041293,555.421944772559,-11.8961197930469,-266.747864392397,-19.5667177396769,-94.7174352163541,-164.310592962559,-5.96850234263886
1.75101174913921,1221.12505328545,280.858187984669,-1676.83214533261,1191.94404385319,555.60898132323,-12.2947596888514,-266.272085856129,-19.8837248113123,-94.9075352987584,-164.408015410056,-5.84001371630888
1.73612162180616,1219.8485209852,280.461207042417,-1676.05086507097,1192.50910887255,555.286301374817,-12.617239768946,-265.757194976859,-20.2040261310763,-95.077572914517,-164.624382078639,-5.86782562564647
1.57659858472768,1220.21305534234,280.552450557519,-1673.55806590412,1192.1637446788,554.598936992991,-12.8934468085085,-265.176760735186,-20.5261503014994,-95.1954123664017,-164.901930597331,-6.0340521616549
1.27339469546191,1222.0726648667,281.100873918237,-1670.27996344282,1191.46273339378,553.787409599421,-13.1632194355074,-264.544419198874,-20.8534437134198,-95.2560334634257,-165.219188908922,-6.31698660590444
1.02905378613592,1226.03562653366,282.101472069601,-1667.2598916355,1191.04286773954,553.13071454992,-13.461135269342,-263.891802174271,-21.2024264011856,-95.2983587526473,-165.591273912329,-6.657792973475
0.788289689043879,1231.30186608951,283.456684621512,-1665.59549414892,1191.56659007104,552.921075415736,-13.7973228827874,-263.431833748651,-21.5382975774557,-95.295907748527,-166.005967910221,-7.08904921929798
0.575342963883514,1237.29056501334,285.028521816993,-1666.16698179908,1193.53677330759,553.38284269375,-14.2051815323319,-263.131229957415,-21.8966713394762,-95.3284081554444,-166.480531989846,-7.48712742955054
0.421066852324515,1243.68365167506,286.704705666651,-1669.11947100425,1196.96855951466,554.529642853272,-14.6759105337726,-263.04841510107,-22.2481981643902,-95.3731281548245,-166.960194492742,-7.85923498999013
0.346429585894789,1250.73966875381,288.449745239739,-1673.61357822672,1201.24121375931,556.096282303278,-15.1747156032332,-263.109338626212,-22.5688477101897,-95.4140863068207,-167.388417082874,-8.17426803445083
0.32776788292578,1257.3363972506,290.128469971766,-1678.19060212972,1205.33708952586,557.640520567325,-15.6311066642743,-263.180404058048,-22.8340305813025,-95.416981052354,-167.668124084991,-8.43203135562258
0.3260465679421,1263.38178862619,291.688520620799,-1681.64348680303,1208.43492921425,558.805648033681,-15.9932809517959,-263.209459020608,-23.0106767545216,-95.3634720630091,-167.761647658975,-8.63614691327309
0.331434203786046,1268.55659477097,293.043213713743,-1683.77516024176,1210.41908021184,559.554343595691,-16.2456364150473,-263.179573063059,-23.1051739761211,-95.3008724192503,-167.708559246333,-8.76301437619632
0.338988741705926,1272.59044027926,294.120133345094,-1685.17490405984,1211.71959376435,560.092873107937,-16.2261598819516,-263.018207335033,-23.3180560404125,-95.639872677394,-168.393322575206,-8.64820868792058
0.347724496766059,1275.15170641369,294.83230381043,-1686.42697768753,1212.76022817542,560.613888993381,-15.9639630909823,-262.808126297592,-23.6494549557883,-96.3977665701855,-169.846739443424,-8.28912553879218
0.361838499689409,1275.83855466542,295.07555463376,-1687.89014983633,1213.79874315218,561.225306359479,-15.7714580762457,-262.913262417535,-23.7623234558371,-96.9408609371315,-170.721086750284,-7.97037145841013
0.388175701835195,1274.4165068149,294.789640890614,-1689.92664639456,1215.09261156499,562.034381420923,-15.6013355232653,-263.270403818233,-23.7605195239657,-97.4583198313222,-171.434494920305,-7.62260576269088
0.42614752090838,1271.02114519655,294.009539885982,-1692.82412626625,1216.86885784746,563.135713538968,-15.4057331927663,-263.954828009682,-23.6934705630576,-98.0534383716774,-172.279313400719,-7.24452599503585
0.464628038322914,1266.08130325416,292.844125573773,-1696.68951285511,1219.2553873297,564.57597880905,-15.1895220032342,-265.046737728766,-23.5694692582853,-98.7540651468914,-173.317472721327,-6.86448597621798
0.489875124821104,1260.12454505245,291.427193485367,-1701.83535999907,1222.52418941545,566.462763346945,-14.94348664248,-266.665218747288,-23.4092795111067,-99.6154214492643,-174.6833934625,-6.52070887471525
0.489659379861312,1253.64727790762,289.887619404491,-1709.15089038597,1227.32496689103,569.074359358618,-14.6847342358753,-268.973360892571,-23.239981034091,-100.695794632423,-176.505752649363,-6.23001250051607
0.453014393572953,1247.0896060274,288.344547973811,-1719.8293960533,1234.48731533125,572.771326182809,-14.4462947673479,-272.155023001185,-23.0866315755543,-102.034871218095,-178.891849851218,-6.01722475682986
0.37486852608227,1240.98025743422,286.898770352576,-1734.41101692963,1244.36537000468,577.698997297132,-14.2483454334181,-276.282175884266,-22.9701191671076,-103.641728542595,-181.890294314309,-5.89380133190775
0.264976366889954,1235.96893967933,285.623174751084,-1751.72673444279,1256.13729657932,583.475831655677,-14.0499272217641,-281.238483191143,-22.8855417170319,-105.455992972127,-185.411981126605,-5.90385585375402
0.16046183502641,1231.97891447134,284.602846120932,-1769.22067223988,1268.02661683281,589.295603316517,-13.76302603954,-286.749891657515,-22.8011066225104,-107.334868689478,-189.203711730774,-6.09740511421096
0.105176304074757,1228.96738113182,283.853621531109,-1784.75419761086,1278.48541966095,594.459062204155,-13.3336219293535,-292.57573901072,-22.6435009698349,-109.042580947483,-192.789028554449,-6.54693351297572
0.136535942093122,1226.69602196833,283.342371469969,-1797.77060998892,1286.98464153533,598.737075805242,-12.8338180737176,-298.638387752207,-22.2820162159116,-110.247046523258,-195.443264697057,-7.32152321164405
0.279755032132897,1225.12464249979,283.076577702389,-1808.88844941902,1293.78932708859,602.282586389506,-12.6520163422538,-305.039332224872,-21.3572865359817,-110.080549113974,-195.182271787019,-8.61569119508939
0.436059469707972,1225.54844691474,283.375349191789,-1818.85828449774,1299.29861847364,605.347143008181,-11.7231652585925,-311.009424579955,-20.8476770912916,-110.607349366054,-196.527861640095,-9.69717386053347
0.67943789896896,1228.23267113245,284.397434157928,-1827.30657612971,1303.22516069588,607.882290690224,-10.248477215269,-315.494574840193,-21.067937989083,-111.955090894542,-199.627376933172,-10.1731417180003
0.986114998746428,1236.40809335023,286.143335009101,-1831.84644626359,1304.45727869476,609.269415687778,-5.40596078904525,-316.806188973865,-20.9344271431101,-113.27469774015,-203.170090604632,-10.838620976788
0.662114766979855,1249.8635844328,287.949058286279,-1856.6659710739,1312.40170125213,612.124694316801,-4.51797546652022,-314.684792490323,-20.9979387531978,-110.968642398696,-199.103480011285,-9.98479508872689
2.13271614887482,1256.77967908004,292.212102100948,-1797.20989778865,1279.47447971781,602.606106183254,4.97276240733195,-320.394329056041,-20.9097231840987,-115.727780898264,-211.509120288338,-12.7772393730977
1.7237890620824,1276.04731470928,295.469739707482,-1798.47783919965,1271.94124866706,599.050600396884,5.99269974518383,-316.181857571033,-20.9880795971675,-112.799803216867,-206.283022961967,-11.6745918685638
1.81250931552007,1289.91046297505,299.066219108642,-1772.22632672521,1249.14406072864,590.646859086653,8.83287190675655,-313.075455997078,-20.829029772815,-111.388503056017,-204.21273235875,-11.4290560517029
1.8133454202645,1302.42628028184,302.604280470627,-1738.10518662164,1220.74213256238,580.041071168207,11.3989608079882,-308.903104236068,-20.7477256620965,-109.925588423868,-203.114597735219,-11.2418509363453
1.81251719062916,1313.47138639242,305.630446249954,-1700.01820949094,1189.33774117385,568.264755730583,13.6332898547665,-304.713869129895,-20.5317925867681,-108.035410111487,-200.552341918718,-10.6728915716806
1.82225191349124,1322.99751786923,308.090451750072,-1659.7419111951,1156.16639085118,555.792664474447,15.4706769918646,-300.344545734527,-20.3010660925275,-105.961350433113,-197.360641362014,-9.7544390622531
1.82169830703056,1330.62848656097,309.929134735998,-1617.68622966878,1121.51266965383,542.650222752433,17.012861344712,-296.45402248594,-19.6928391119083,-104.620126954895,-193.385605330507,-8.63897052480825
1.75191403003821,1335.59570133059,311.520988582722,-1574.981543453,1086.96528139121,529.072374759458,18.1177694015364,-291.69660339382,-19.2161585836413,-103.008219763485,-188.989959500249,-7.36015434057458
1.61288816250369,1337.70983433666,312.24080196489,-1535.10972698601,1057.84721822433,516.060449720032,18.9368882738379,-286.141790964435,-18.8381867214406,-101.031675240506,-183.911944451846,-5.99666024651587
1.1908277204053,1339.48987237406,312.205284139707,-1471.18855045285,1015.07162087807,495.097331934152,21.0147307435975,-279.564010507421,-17.9456541521621,-98.5589340058543,-177.102286420049,-5.26997325515418
1.50659448476992,1330.95746324464,309.146532507522,-1482.03465478093,1012.04821816323,492.500481786889,19.3543927553515,-272.665632064598,-17.9466159318424,-95.6466634838661,-171.047554207536,-2.96737994220146
1.08574354405562,1327.25761318709,308.126735125423,-1415.4342175497,967.546053911767,468.256068706969,21.3461986782459,-264.199980681281,-16.8566449333675,-91.9833774400289,-161.715367486564,-2.52973110692753
0.707015769616952,1321.42559837277,306.073667951783,-1360.93759380477,927.799283266397,447.938759500382,21.8711129327741,-254.782064112424,-16.1836777652294,-87.7608762287263,-151.863178235188,-1.70031528468066
0.312059960395512,1314.57123815203,303.663157286939,-1299.97292395172,883.90289499727,425.859176852551,22.0259080803969,-243.867477861188,-15.6688170346624,-83.1297085932624,-141.467757254397,-1.05264183696653
0.0256789951610799,1306.25020693267,300.827246483775,-1233.77485364635,836.71407801993,402.344098375417,22.2576214545952,-232.551709210042,-15.1503686085811,-78.1215641879627,-130.18713590463,-0.807359121448002
-0.537308647181522,1296.22980843463,297.472764057416,-1163.66420164265,787.242552127455,377.84616333356,22.5813291055528,-221.186678613462,-14.6047765100918,-72.9204732738682,-118.445424585772,-0.867990221820381
-0.761394113875308,1283.39947815138,293.619181971833,-1091.47877728206,736.36087029184,352.968843207767,23.0280084375516,-209.874304072145,-14.1673435827702,-67.4405868893164,-105.975192008275,-1.50866461401493
-0.966468220227327,1268.66493944695,289.422119285255,-1019.60523308648,685.722441553393,328.45292941147,23.6485959770426,-198.779516588375,-13.9686380385997,-61.4581241698576,-92.0914664790921,-3.07846231449847
-1.35909939321239,1253.7948803599,284.987815200178,-956.778299116446,642.025314391863,307.571231315265,23.7049684999635,-188.662055681436,-13.5020388821335,-57.8350223284764,-85.1158632895635,-2.43132166375766
-1.81593139634599,1238.95989078998,280.434007401028,-900.684636340668,600.509599226727,288.868134319645,23.3978569918741,-179.89885811362,-12.642610019611,-54.7937298641045,-81.3958481102746,-0.441987317919695
-2.28268131555951,1224.07021201242,275.753344676324,-848.41311096195,562.325939273419,271.467474129802,22.9612591932579,-172.468802686815,-11.1219739915326,-52.4323347909474,-77.5527131492963,1.36363100653832
-2.77856618653038,1208.29335098261,270.933505827316,-804.435845183333,530.806878679208,256.941375937135,22.3178069504198,-165.379781006705,-9.979787963175,-50.4755463499241,-73.8656197298494,3.16883213719164
-3.24300268833722,1191.70759125484,266.131048438129,-771.974155458202,507.840639315019,246.327246796576,21.6338916161249,-159.223116340349,-8.77175833230917,-48.4388126909053,-69.9487884761939,4.92053107893579
-3.82166921142585,1176.23861081634,261.688062595114,-749.519301633485,490.685534272786,238.881179268145,20.9885594842651,-155.083500546013,-5.92695793068928,-46.3958366612568,-66.6773871406007,6.7950663367595
-4.48773453612908,1162.43702914713,257.507780400795,-735.352838681875,479.010746036796,233.979935331562,20.2591518216019,-151.45563260496,-3.02185586927135,-44.6483330889192,-63.4102272290677,8.95070531080772
-4.86763741176641,1149.27053882549,253.553099582149,-726.447837454098,470.703259795461,230.647155516927,19.3834882831638,-148.281601684026,0.94480551511502,-42.5220175085365,-60.2089216517797,10.5546530863881
-5.01299548601179,1136.94777181011,249.838189944482,-717.112539993692,462.290770174351,227.163199691254,18.6638035216249,-146.131201561371,6.09176816611855,-40.3924008437465,-57.5639288781944,11.3586268075798
-5.18882940504708,1125.60107468607,246.293642731431,-706.73515286102,452.917907190825,223.406639166268,17.9230351941913,-141.741894271285,7.74014998150588,-38.9954461408572,-55.1529826501932,11.8207830197029
-5.14551957913817,1115.82245366083,243.499087647965,-694.104620729849,442.012057251153,218.626131038355,17.7306172718355,-137.845152650992,9.07131953932053,-37.1625406884606,-52.1697675587737,12.3842109662326
-5.15522855749418,1106.39998686372,240.762116852673,-680.789694079249,430.623835238571,213.290947617168,17.5850353988244,-134.469258075803,10.8934210734371,-35.1279810039015,-48.5649154942742,12.8826641116471
-5.17588214173708,1097.3543252451,237.974714011976,-669.229489453571,420.529722922017,208.887382055423,15.7447784264423,-131.564674450466,12.0034810999419,-33.4959543607465,-44.5877929697379,12.9753691357229
-5.20222124619537,1088.51806566751,235.201947798231,-657.777339140721,410.706696759558,204.258627437223,14.046867621009,-128.764034055204,13.3713445585778,-31.8653248151341,-40.4279524080387,13.0447482949059
-5.26200944143462,1079.8688484356,232.568462756176,-646.369089340468,401.193548974144,199.50939365608,12.6659921671576,-126.014939265525,14.9460260261493,-30.3543732465289,-36.3031392169428,13.0917491110717
-5.40642313971323,1071.56031169234,230.185221232164,-634.967388695214,392.118653537711,194.76149915014,11.5395629601069,-123.522356498538,16.7395757624691,-29.0870370165277,-32.529009131379,13.1364101210897
-5.66756670531185,1063.86691820629,228.11577055457,-624.156788099155,383.849161262295,190.236500915759,10.6335861648874,-121.500856572494,18.7754910433864,-28.125047099873,-29.1982254967336,13.2009161498542
-5.96736558468373,1057.04758887942,226.38126903521,-615.028130069861,377.017519328922,186.21438449718,9.93108558373978,-120.063230854895,21.1829087701055,-27.4386837181602,-26.2066905002247,13.2747701198892
-5.96856523772441,1050.72812643666,224.681272933888,-608.577130490416,372.102195384179,182.999766750468,8.95892046096552,-117.647045456557,21.1821103118729,-27.5125698629627,-26.6526275421861,13.8206053767579
-5.98100041789145,1044.96016794227,223.301153008428,-605.129932780182,369.346191476185,180.602017287716,8.08577214733745,-115.716551633304,21.2378628561678,-27.9417543693298,-27.7886700376704,14.5483137343573
-6.00826193244307,1039.49544001013,221.984191003789,-604.40392410129,368.57149640082,178.930442511195,7.2869275487246,-114.303865430354,21.1451005876595,-28.9424503204027,-29.3080314025235,15.2366831160787
-5.89259562028647,1034.4800091205,220.940757493358,-605.858158768065,369.438511400923,177.874542594683,6.56295835702742,-113.352252938798,20.6871284639668,-30.5242792595085,-31.1570541722443,15.8510754160962
-5.18280408188395,1029.02197496375,220.055095938416,-608.861331223246,371.589749043099,177.282989975413,6.12926661104329,-113.278801347683,20.9905765211939,-31.8028101712607,-33.1221843965359,16.7920492991163
-5.36031722884193,1027.28617561266,220.104458258153,-612.807287638858,374.389068388842,177.105250423509,5.82879879654748,-114.006187350051,21.7211517226413,-32.9305121097186,-35.0343370319424,17.8288787773644
-5.55087078851824,1026.56670755839,220.302833191757,-618.00105301403,376.986774983182,177.863851895343,4.89178557818631,-115.254590152687,21.6449941980438,-34.4523551770217,-36.7931504313584,18.8449857092226
-5.70620229571813,1026.78349319887,220.668553662058,-621.416832436291,378.841072547525,178.19814909145,4.13457278978644,-116.808063889675,21.7706163838672,-35.7362203340448,-38.2877137390305,19.7326527390091
-5.76184252828279,1027.91261311867,221.123845531456,-622.947997977458,379.8319415765,178.051785052764,3.53286252643064,-118.508665954222,21.973543093893,-36.8199136832593,-39.4486504699435,20.5111924775749
-5.72306490178591,1029.56462908831,221.623535674445,-623.120767967945,380.237019129148,177.587174862783,3.06211660629517,-120.244558998613,22.2240081287126,-37.7070206149637,-40.2892934572565,21.1892094125854
-5.62033758510186,1031.41730485571,222.080848760705,-622.468342588686,380.381274058373,176.988120643602,2.70102945990971,-122.009043255504,22.5145428110955,-38.4426117240175,-40.8767154822671,21.7757727458179
-5.48024546292543,1033.15203824722,222.392321635958,-621.254415562308,380.435328145874,176.344482097241,2.43033636615143,-123.837143866838,22.8566982073765,-39.0783063452404,-41.2810500463019,22.270011424906
-5.34812568534729,1035.23762909572,223.297355904052,-619.515137498001,380.416262177589,175.65837622267,2.22576220760733,-125.72828271306,23.2656506314727,-39.6481972885506,-41.5565634562887,22.6652886886774
-5.29968285817171,1038.17654329553,225.084994525648,-617.002812574017,380.173998884911,174.821089151669,2.03548748702922,-127.623142253952,23.5868543743979,-40.323885712162,-41.7928600802592,22.8992288244645
-5.19837318715526,1039.85368168234,226.043445714412,-613.667982516133,379.620084128127,173.776088466111,1.85026364256056,-129.461631694295,23.9853165629393,-40.9737413713025,-41.9929798300043,23.0534223631998
-5.07448383160041,1040.72654644928,226.339093089638,-609.742891747035,378.752407724519,172.539712102373,1.65371976724284,-131.118521181377,24.4586134229126,-41.5729672886001,-42.1728855530642,23.1659224358719
-4.95746977103654,1040.72051103852,226.175290141689,-605.001206956907,377.345528713253,171.01878632134,1.4388970195464,-132.504806334874,24.9553937387685,-42.1458781656944,-42.3598206071321,23.2369354694761
-5.83249374217115,1042.70175680286,226.146774758141,-598.941295148331,375.131766991261,169.11835105271,1.21898165332658,-133.622726256796,25.4797382669445,-42.7208064060561,-42.5988308868072,23.2475778206834
-6.37570327271807,1043.10670666281,226.730655560512,-591.298668884597,371.990898703457,166.811843133398,1.00517761287533,-134.506662456635,26.0665392751421,-43.3261979570219,-42.943962690775,23.1858632212819
-6.98377113702958,1042.8914465388,226.904605557819,-582.533366039421,368.319562525163,164.304251596039,0.841790093806958,-135.159272634654,26.7567776220011,-43.9500443704498,-43.423616109377,23.0737345614028
-6.93175225226643,1040.80967764202,226.65251907128,-573.312068638093,364.491106453691,161.798954445236,0.752555627719582,-135.612712394282,27.5953051313834,-44.5806208016603,-44.0283753051965,22.9361800267433
-6.74380792458603,1038.84624830686,226.162153567484,-563.782664085088,360.300252522195,159.21976223324,0.545627459621489,-135.677063057418,28.3118412990325,-45.0820674463085,-44.6651812589799,22.8135865363224
-6.54110362185902,1036.68614878749,225.594031063861,-554.179966042916,355.847560336176,156.576847622332,0.339025987002666,-135.626065399358,29.1383013291942,-45.5669630603333,-45.3157626763835,22.6806110262151
-6.35569064071726,1034.0490981339,224.925385251152,-544.583623279834,351.191580627226,153.887360796628,0.393328792959494,-135.679378468299,31.0444113467228,-46.0589758435002,-45.9327722489283,22.5249900021131
-6.2305645771407,1030.81658495525,224.073958080475,-535.070063476135,346.478830900556,151.291443004775,0.56487558774163,-135.686479574992,29.9165045611278,-46.3338965614695,-46.4011458578043,22.38609994201
-6.13674507257109,1026.57550585087,222.910681562804,-525.539726883007,341.73469726579,148.750070467409,0.719643935117677,-135.765329676481,28.674189855618,-46.5940210504046,-46.7952213566652,22.2145570956845
-6.13831051226931,1020.79022149506,221.39851844667,-516.340061377119,337.215459849604,146.382993699985,0.888363499547639,-135.899358166162,27.5936600112664,-46.8428557240678,-47.1532071905711,22.0330491618653
-6.14336938700493,1013.62866443841,219.490750631154,-508.160859582937,333.274799881381,144.334082145707,1.04723231782379,-136.068691113271,26.6755746988901,-47.0994116035872,-47.5360740587571,21.8911142202587
-6.13234055683451,1005.50431052939,217.327272576603,-501.630526312863,330.199971712957,142.710263474486,1.17138469405019,-136.278687936971,25.9046473575097,-47.3861177344105,-47.9964010177345,21.8350123263784
-6.03730177385971,996.536937930268,215.044692552569,-497.252520111497,328.08324790112,141.63022026895,1.25730993369996,-136.545859183389,25.2654737944097,-47.6980392532626,-48.5343191884247,21.875542955187
-5.85595635036674,986.801010823534,212.652608105009,-494.050102966042,326.527734000155,140.827442485491,1.34360393194328,-136.888117338182,24.7783613370092,-47.9831176505995,-49.0666813820105,21.9782630781866
-5.62795545875333,976.480320536298,210.16213212089,-491.200053330125,325.057009119414,139.675724577583,1.48868951221391,-137.32550521609,24.5011806879413,-48.1539163373444,-49.4668024661306,22.1011974053505
-5.39131333269127,965.890866816616,207.746163119167,-488.457864382614,323.448804556509,138.008538460132,1.7209288190661,-137.845047133675,24.543820416877,-48.0418178741955,-49.6109389440038,22.276505873549
-5.29216152061846,958.854798580276,206.173676810015,-493.058424752949,324.789980361861,138.579302044519,1.31384059436524,-136.593808862404,25.26480298363,-47.3243774695419,-49.0383024467457,22.4940408457053
-4.96213309441426,946.353394801027,202.818248096186,-479.21471654202,317.724040384623,135.306407926532,2.12845753334135,-141.263760122902,22.7811387629477,-48.5377408375095,-49.9817858755291,22.3471681568536
-7.44875765189575,1039.08807872621,224.564108839927,-436.999041815384,281.075067930799,125.426676030252,3.74204481917335,-136.008776325316,22.3131501175166,-43.4753480639984,-43.3719677413217,19.6831572471343
-1.98428553028859,844.274114800789,176.055720971766,-558.363270573196,364.210571028248,154.820018838519,-2.35813427250277,-143.922792296559,22.4548628217572,-52.7775217130363,-55.1351185248164,25.3410142920593
-4.67841430435261,926.865916834946,198.234255441185,-472.424432050373,312.192424878006,132.784345319384,2.63576586582704,-143.383975384552,22.6617445692002,-48.7167174662104,-49.2719475270686,22.0324816892884
-4.59114583549069,916.835443997426,195.899775963344,-477.552900864345,314.419004519509,131.855357445813,2.87074319833663,-141.672633970269,25.158217244468,-48.2459162579842,-48.4769442479542,22.1223024079041
-4.51209223272784,914.316565374274,195.322870048244,-473.00536396231,311.262759393005,131.740853803527,3.02415734404549,-143.608798473093,23.9857606915834,-48.2817509770738,-47.9024760306303,21.7478530080648
-4.3723543911171,909.096381269013,194.008216144052,-469.977850341594,308.990824599708,131.092506856988,3.19358512544812,-144.601393877625,23.592828156772,-48.2899679424826,-47.4176747305147,21.4881402499404
-4.24658400651407,905.704978295461,193.138215740443,-465.87421400064,306.064011803242,130.338008511183,3.38188863068589,-145.726731218507,22.9613387191136,-48.354509961184,-47.01890795918,21.1967756536242
-4.12636780015973,903.522312793678,192.514977274701,-461.436027037018,302.812652905958,129.351246334542,3.47970429506029,-146.533327214078,21.7485299510453,-48.4656186625036,-47.3087592647228,20.9608567300209
-4.02751865503482,902.856979242522,192.250905947708,-456.452731294513,299.196147196375,128.160779657543,3.55006586077913,-147.157099677456,20.3748324109484,-48.5948804536047,-47.7415049057394,20.7184908760687
-3.95188553799228,903.349339616867,192.268054545002,-451.075906159426,295.330454968285,126.783964533327,3.60217376477159,-147.585693336476,19.0062132393395,-48.7106799185281,-48.1283065540943,20.4574135878657
-3.88801124674594,904.71633810017,192.487453643592,-445.698137562375,291.492788557683,125.368303613907,3.61984560716262,-147.841512057798,18.3780778387532,-48.8573767094614,-48.4042982345967,20.1183175645876
-3.80069042065718,906.650233851141,192.785900085773,-440.820231409867,288.134246620203,124.015469298036,3.61182817587633,-147.986632164114,17.7079294886812,-49.001680740056,-48.6907609359689,19.8263997607572
-3.72629562576673,908.721086606235,193.107365336802,-436.843772433315,285.586143683666,122.858629976151,3.5764315305544,-148.123438057065,17.0338439611256,-49.1811151362352,-49.0176603318311,19.5997116229898
-3.63274698241669,910.38401348826,193.34025301429,-434.14255866321,283.941386930232,122.049146273962,3.51699317612823,-148.349273775258,16.3804885468892,-49.4264208017914,-49.4183769166096,19.4224046570756
-3.4715215946923,911.003438629972,193.279533477069,-432.133574254405,283.075756353245,121.461800241869,3.42918855087708,-148.75852939581,15.7281646621287,-49.7596132814176,-49.9200099378107,19.2780841317514
-3.27041078541726,911.052937045658,193.042361431918,-430.901685222498,282.954921606173,121.111865155142,3.33111750118308,-149.41581187556,15.108749908565,-50.186616786437,-50.5187971276659,19.1657844256641
-3.06090154072299,910.958638115963,192.721453987036,-430.747938757877,283.496115959425,120.554664372219,3.25255618211584,-150.358102142883,14.5914246285536,-50.6950702544853,-51.1768788783949,19.0915933583982
-2.85312089056993,910.926704029499,192.359468559987,-431.567599356046,284.835624663435,120.356374484234,3.18371316394593,-151.608807471637,13.9526212614759,-51.3032607756035,-52.0838968211108,19.1069387670102
-2.52153611904196,910.815407898913,191.785742525145,-433.917451688537,287.16356932406,120.665311765593,3.15185747161121,-153.251958531334,13.4682540136918,-52.0075332698072,-53.0515296273464,19.1827473179997
-2.31133422036489,911.754861699562,191.683462658255,-437.578270992347,290.505839885629,121.377569184069,3.14696555175387,-155.31065520128,13.1636167666678,-52.8232303188939,-54.0581573250629,19.3097271558556
-2.23250994602833,913.814451134204,191.99002575068,-442.255203657689,294.718951830424,122.398664432126,3.13144480339635,-157.68243279346,12.9198613378417,-53.7476920352408,-55.1507816265481,19.4712155695556
-2.2066653305873,916.111074245387,192.341484134079,-447.69401448032,299.531752593035,123.166796560174,3.06597198759911,-160.144118825585,12.5862400803888,-54.7622121979729,-56.3878121474207,19.6345277292455
-2.20394233328843,918.396580235653,192.653800376733,-452.741699942312,304.275830733112,124.101073532421,2.87769797115057,-162.470945964686,11.9509245914744,-55.8627029826385,-57.8575442502857,19.7664490769717
-2.20773005259457,920.850353781537,192.960151173333,-456.919586621624,308.605964164788,124.938631099901,2.55094536875542,-164.535706232056,10.9144482541814,-57.0542089588447,-59.6397537990653,19.8489011863006
-2.20605546371953,923.640676454363,193.30220248194,-460.017865213722,312.3711475487,125.629989408172,2.11192625146137,-166.36736037558,9.48910644963717,-58.3350063334675,-61.7518733482594,19.8749922752971
-2.1864804580617,926.623181259498,193.642732415666,-462.041253583442,315.536595162227,126.189279428834,1.61149186881515,-168.032462204042,7.77748315430165,-59.6811978971821,-64.1404975514926,19.847397641639
-2.24409017555435,930.359083635831,194.405739771755,-462.647443896517,317.861023229844,126.487318664165,1.10157364607949,-169.469432616362,5.92324037297122,-61.0070860514147,-66.6474756265416,19.7650598352651
-2.29972751652338,933.715597734476,195.089893657553,-461.653511867301,318.90121434869,126.417536260546,0.640065251698925,-170.463656506556,4.09521339194107,-62.1473495892179,-68.9855617381756,19.6123628756698
-2.34785484883095,936.356723494209,195.63864175802,-458.933513360078,318.27473785,125.895056245953,0.279350022057422,-170.806172486664,2.44756295994868,-62.9231389618135,-70.8290672762708,19.3686315054246
-2.39809549204135,938.153481936082,196.084328054717,-454.546128555508,315.916943253627,124.903446573869,0.0336827670062458,-170.395336540726,0.901938408888473,-63.2473353510971,-72.1122375292527,19.0538647598981
-2.40578152492442,938.856492028762,196.339177647313,-448.5506146164,311.973379786163,123.508844241578,-0.100018739042969,-169.253366663402,-0.619857219890692,-63.0888506698974,-72.8111845163555,18.6695210567022
-2.22236419757413,939.005062147466,195.94696473062,-440.453308865422,306.636184668918,121.583682419133,-0.0908718954106256,-167.541228510146,-1.58743662404612,-62.3712150896325,-72.5391499403134,18.1573281575492
-2.01669025798129,937.309032914951,195.202335978622,-431.508536815252,300.549509280878,119.465115458292,0.053628008228122,-165.371795356765,-1.99665648426284,-61.1694769818253,-71.4098674555029,17.5391947309267
-1.80205494047057,933.862912047755,194.111667478765,-422.59797528471,294.397977712791,117.312768227678,0.307037971265768,-162.890451007676,-2.35681358296539,-59.7220324744476,-69.3730566822824,16.8939336512919
-1.54921317934576,929.081634030624,192.8127519816,-414.569817730968,288.816147072577,115.375563415768,0.641656279667369,-160.369469344005,-2.22943847403959,-58.1263173320765,-66.8772967483327,16.2567172495276
-1.28443191734599,923.603218860978,191.413385526064,-407.933430677416,284.212514032443,113.788559902359,0.992168071714834,-158.099233511175,-1.71098880576418,-56.5514922990515,-64.4425031605081,15.7675124791356
-1.05668457798141,918.18567314345,190.011451925643,-403.271689164931,281.039786086387,112.698098121292,1.31065491972898,-156.310894155184,-1.2607273310288,-55.141677798443,-62.4509534646548,15.44667300555
-0.872017224049244,913.575175420639,188.773385741508,-400.962137822841,279.585929071789,112.172232721715,1.59110221137473,-154.990107667357,-0.585299023086472,-54.0592646925215,-60.7255812059304,15.2771880473013
-0.738439846193158,910.353283845017,187.886537527793,-400.925101799542,279.777173242104,112.173472071285,1.82101889035103,-154.192018814992,0.237883532953664,-53.3522949843012,-59.3710660213956,15.2550256695143
-0.623030611535595,908.723243864243,187.287747859979,-402.700445369781,281.250035139036,112.568540251699,2.0008509301923,-153.907377277534,1.13340903354972,-53.0143002022644,-58.4231809078451,15.3534968139785
-0.528255758946496,908.676618281354,186.991084987824,-405.718909561901,283.538472148279,113.202706970696,2.13680969217572,-154.099794656196,2.03974874760809,-53.0117491267687,-57.8700228583725,15.5365890927081
-0.476023613945435,909.925877553493,187.070343258792,-409.412119139618,286.201329637334,113.943073299468,2.24490653239151,-154.758401582828,2.92597454277742,-53.2988494133283,-57.6616936174979,15.7588862855848
-0.451365947394843,911.864072792808,187.335762661734,-413.171708150557,288.843092430182,114.674797388399,2.30598852529953,-155.809220168258,3.4731770296752,-53.8958184633332,-58.0235922190589,16.035403773164
-0.438440142989031,913.854953083275,187.633356643038,-416.350960690679,291.088252932557,115.305402846962,2.31783617193257,-157.22947501378,3.46912368315627,-54.7350964469443,-59.0381338890368,16.3312145777452
-0.420549056829439,915.376101212133,187.855318169078,-418.350453829404,292.592261572619,115.742445396264,2.30205686157576,-158.9244174776,2.99292196052428,-55.6608083556019,-60.4643017430785,16.5581904365815
-0.397009374928256,915.999066464357,187.926325980448,-418.905515360533,293.167067682042,115.894372506294,2.26392672003329,-160.48444804717,2.28897995509699,-56.5469230696537,-61.9022181316959,16.6812429692392
-0.35648975018586,915.663058152072,187.822016929263,-418.447306566796,292.92587861889,115.803880320341,2.17911586066969,-161.477433987041,1.27710641315891,-57.2384839885136,-63.3158457935596,16.779156272926
-0.319102230637643,915.043156706474,187.586051988258,-417.322905909072,292.16979807414,115.499382195605,2.10965033945707,-161.791964694104,0.611397600906289,-57.537666335742,-64.0271560265469,16.783956644426
-0.327742918768746,914.834785408239,187.444830513657,-416.093984922355,291.333217354843,115.141834903675,2.06540846187532,-161.544690759584,0.308884617750276,-57.493198290055,-64.1205009568759,16.7414249221616
-0.190160407740059,915.325555605612,187.203616722894,-415.092930567849,290.718987149089,114.857222995163,2.04720076522728,-161.010189498493,0.271728721035212,-57.2516380576812,-63.8422598885549,16.6877335227436
-0.134522227336995,917.400046918376,187.356188986694,-414.330298527518,290.362556847493,114.671768870094,2.04527787287805,-160.419408119534,0.353159244080221,-56.9528839967295,-63.4427204268211,16.6404488964874
0.335096206979409,919.750991152049,188.184160190303,-414.359214615113,290.256730476638,114.765820426042,2.05475150527972,-159.878788710414,0.452075462910679,-56.6754620110371,-63.0735882476391,16.6031768453614
0.321405852527518,923.008350139567,188.96390598273,-414.360237247483,290.212773754948,114.868780209626,2.06303091848031,-159.414084160836,0.534103037895828,-56.4394506965136,-62.7671025346546,16.5774069590182
0.29492568108186,925.842642270001,189.651027742765,-414.418798222378,290.286264370526,114.978626976182,2.07156631615853,-159.012939210229,0.647586465603629,-56.2329881743425,-62.4829604646305,16.5678314171127
0.267919739517122,927.671999228411,190.106084820183,-414.718798822106,290.581606921724,115.132376815593,2.08401717722173,-158.666793208508,0.845914723112541,-56.0419834945029,-62.1750275916905,16.5791054695975
0.239701657208809,928.279090679101,190.27111259924,-415.301657071624,291.138087353658,115.34266308792,2.10014111937673,-158.376914910024,1.13738410724739,-55.8652758492076,-61.8364459380366,16.6097734050305
0.209623105324922,927.671994386336,190.133176271639,-416.105965853359,291.922297313704,115.589667586307,2.1180821393944,-158.142271197399,1.50211441838963,-55.7060639217719,-61.4794425970049,16.653095909691
-0.15956447797149,926.713203689236,189.364365640686,-416.621798151723,292.781809912231,115.755447441223,2.13363743168833,-157.966479957426,1.8994607524855,-55.5658208243323,-61.1166128535066,16.6944622552053
-0.0825762803518915,924.317279880393,188.92231675889,-417.978235554214,293.788032500754,116.222912976887,2.15345073871983,-157.843444188039,2.20535348261957,-55.4635423138828,-60.8625629277753,16.7327689494039
0.00473431171432015,921.904297092463,188.488622576372,-419.017918979982,294.668006835034,116.654805536398,2.16414334846414,-157.794046982305,2.33071770119928,-55.4086330916785,-60.7614180079289,16.758669502259
0.0584206125613886,919.950064095815,188.102508981253,-419.830185283984,295.439346718506,117.049148954875,2.17086674207315,-157.821730553903,2.37259205405274,-55.3816046342059,-60.715183665587,16.7610229395413
0.0854210606603512,918.960920073023,187.889552074964,-420.62129297694,296.182005384777,117.425224445739,2.16934979000292,-157.890648760761,2.36797131480529,-55.3715087599093,-60.7026826408932,16.7578303937973
0.0661378166217492,919.12243197604,187.93426332336,-421.447307372523,296.917052588727,117.787984611851,2.16025665547444,-157.968784456825,2.33738058113792,-55.3682519780697,-60.7109291351668,16.7584117272207
0.017687627250111,920.307809100439,188.181488520176,-422.229770572959,297.606822401368,118.124101230649,2.14982666487212,-158.044616225116,2.28473702864475,-55.365208978451,-60.7337899184804,16.7645903929687
-0.0463219093955702,922.13029473738,188.513187142538,-422.874049928859,298.199578095338,118.413589514715,2.14626175763103,-158.128351873112,2.20995916929901,-55.3604316073946,-60.7675599655909,16.7773742716263
-0.123354930414566,924.26724268225,188.871991191847,-423.323833283822,298.648553052869,118.637173544976,2.15420001851731,-158.236674679659,2.11083880277821,-55.3561972337729,-60.8117548240836,16.7979370140892
-0.202086854897246,926.489077404857,189.174584245288,-423.611158860091,298.949902799249,118.796046051603,2.17126562036179,-158.391691868811,1.96266164223046,-55.3471043261482,-60.8926979416804,16.8296616149112
-0.293248222264137,928.695142053518,189.365086744186,-423.869367902697,299.181275327103,118.921828067335,2.19184434453935,-158.577742330921,1.79022649450939,-55.3494036045528,-61.0028974123435,16.8769331263765
-0.424293042105209,930.942113647241,189.52995579899,-424.294722181396,299.479393202519,119.078237783365,2.20901575731196,-158.796218895319,1.60054671521416,-55.3717977576096,-61.1569798933611,16.9438356633936
-0.372576040416713,932.744636074165,189.797387161381,-425.094285660956,299.978160185247,119.325175023568,2.22267072021342,-159.054210858563,1.4567496081584,-55.4045718284302,-61.3097713408863,17.0236281826242
-0.295333686874168,934.055684132775,189.965005108329,-426.43659291268,300.756590149231,119.689083141694,2.23104519399994,-159.3256602998,1.40040829596216,-55.4354657247577,-61.4297295738538,17.12196693074
-0.395375170824056,935.05889503729,189.852850504916,-428.347848230444,301.812805386019,120.162995985861,2.23601869881108,-159.592481052601,1.44281454188107,-55.4560113048723,-61.505856226624,17.2449313371918
-0.4876687871186,935.210139758212,189.558266518674,-430.689407251432,303.081025996858,120.722786670217,2.23486029650415,-159.851231088044,1.48006624344393,-55.4861557034827,-61.6357762727984,17.4081214694545
-0.567702173081991,934.304162240038,189.030454412544,-433.323674761023,304.493663154566,121.346074953034,2.2430567324409,-160.132319828258,1.5439774110357,-55.5129291035344,-61.7803826674654,17.5970710797781
-0.632778439466867,932.207511123703,188.211033454446,-436.245294113726,306.035499875908,122.034192412129,2.27159996252618,-160.415426017211,1.66283952278143,-55.5242343027213,-61.9171831929787,17.8184982401684
-0.686030894515747,929.056567339739,187.101534917235,-439.540134551392,307.733989706118,122.759063566472,2.33223858227684,-160.67363110975,1.88639084146741,-55.5082665300562,-62.0166569998374,18.0816875044561
-0.266376055485192,912.635933022293,183.072532918382,-437.441819425807,310.204161170137,124.307511553636,2.81086931083284,-163.803394613025,0.138328275209384,-56.178680627368,-64.1480923084953,18.2113176317772
-1.70115990962983,943.403567317846,191.474505291019,-450.41352708078,310.787856232137,123.787070510011,2.23397761937968,-159.402777643959,3.38127269976946,-55.0985226930666,-61.6659211741289,18.7721968518151
-0.91878739477766,917.352854879556,183.610521848923,-451.773357868715,313.601333312672,125.286066227237,2.61519996398212,-161.203829683408,2.7025518779879,-55.7622397989025,-62.7169003474293,18.7754369535905
-0.729259125531853,911.307408656388,182.474253044781,-462.066412595324,318.606458270509,127.238556447349,2.40454216941425,-160.252162520217,2.71786310466478,-56.9378282428614,-63.3412788651949,18.598755742153
-1.28744973531906,913.023208775775,182.576636336562,-455.275757411852,314.535155818244,126.246225545922,3.25525178741919,-162.39599054227,1.82275835096105,-57.4773451964711,-63.3088171673428,18.3540222697605
-1.2492747019742,907.437718092308,181.417030936107,-463.908669232063,317.893457967372,127.75259295457,3.40165355404861,-161.630563016188,3.09522508166864,-57.3783895315143,-63.0151613320154,18.54657580507
-1.41515787497768,904.928623623642,180.86902387571,-466.941755452008,318.312489998628,128.433885288286,3.91366202902316,-162.061094182726,3.94323467802314,-57.3147925783284,-62.7952017150318,18.6311376746045
-1.56156032780134,902.678021758133,180.424943725128,-469.507555607773,318.243442761714,129.209779905479,4.52812296290094,-162.537941120517,5.07451133260376,-57.1455203843531,-62.5166702716923,18.7125772382687
-1.69616275581493,900.927151140651,180.061956756133,-471.687369490053,317.779302794766,129.932307268775,5.23573549006738,-163.099903963013,6.43340058954304,-56.9480342013151,-62.295908169902,18.7759660968147
-1.82647565826789,900.035965586242,179.803420944729,-474.310581544404,317.24588287888,129.590314020609,6.05260082141822,-163.690095070336,8.05077766239829,-56.7639219724025,-62.2226665111408,18.8157614037289
-1.95983376309159,900.287725029135,179.674345438298,-477.258476695446,316.86245728492,129.434337844993,6.94859840728506,-164.152077151156,9.775455046846,-56.5882643065174,-62.4028391966321,18.8415447788786
-2.12670501316436,901.571082577608,179.802616348703,-480.148548380656,316.57120351626,129.310784770847,7.94030244799522,-164.710080827871,13.4686995337478,-56.4243585219596,-62.0675113394395,18.7102871288862
-2.3392292709333,903.707477513936,180.010507015308,-482.521155696239,316.194036605183,129.051297354321,8.8640037746874,-164.956486421332,17.7754526213039,-56.3620935883789,-62.641080046914,18.6432472323391
-2.59165761347569,905.925319210547,180.12932730721,-485.077665334984,315.585446627951,129.263216804698,9.53361397690608,-164.373406194945,18.0163098128787,-56.1318514926398,-62.8635231536438,18.5551472097501
-2.87206720180031,907.74675812658,180.338637746614,-487.456598474265,314.548186168267,129.718739327118,10.5955221958904,-163.598046570143,17.1119921744529,-55.7512308399384,-63.0652056026124,18.4803324546754
-3.17876923889808,908.300990554556,180.366851973901,-490.079461534726,313.030606559612,130.684738348538,11.0149753656998,-161.717973818876,14.7774029785744,-55.0956474022152,-64.4661678225833,18.5968386555846
-3.50242329461811,907.214393294005,180.083074549648,-492.048490671813,310.98175540233,131.518857293376,11.564165203813,-159.720265582858,12.7226801048053,-54.3661007959292,-65.8121123117718,18.71406428225
-3.79823640115541,904.452393371614,179.48866231865,-493.830796086061,308.591513523331,132.394156306464,12.3089198041799,-157.903078348852,10.8944804278442,-53.6286552869133,-67.1234427588669,18.8217336761627
-4.08403717197273,900.0283019398,178.556671584971,-494.768074333411,305.922368464567,133.12577160719,13.3799280275602,-156.713620354119,9.36445787666558,-52.9639765119449,-68.4270939170551,18.9065000601983
-4.35020688023994,893.974183515915,177.304097492978,-495.853881040885,303.161576457329,134.745947564144,13.9237277970231,-154.25344074305,7.42182124641574,-52.0529122451664,-69.7690994017862,19.1480181803648
-4.59803038892196,886.662980697593,175.812698857531,-497.419787957004,300.368541545176,135.40917402437,14.6378079171099,-151.839594264585,5.7383413928367,-51.0326107821311,-71.1600904406544,19.4749759908599
-4.82978980172629,878.713405243919,174.202575660898,-499.050842272165,297.62533911779,136.069651561831,15.4931783316982,-149.527445725742,4.40339060507591,-49.8406993002186,-72.5941417826432,19.9232084401804
-5.04993881464715,870.737340241467,172.578797925448,-500.867110236239,294.984765045716,136.75021589367,16.5258811505941,-147.323149902412,3.65650007864188,-48.3339725701787,-74.0905124684783,20.5583020632194
-5.26272679903853,863.332674661624,171.042469791645,-502.949607092585,292.442692284938,137.467717402525,18.0677885762658,-145.490463273387,3.40044910711121,-47.427364409398,-77.0943655839876,21.8315795744933
-5.52913321388223,857.613770430741,169.867256639425,-505.521320472133,290.016882590067,138.321143681188,20.1098132316479,-144.122062258661,1.78761951167894,-48.7646147268505,-82.2558367697482,23.502640266301
-5.95293538407512,854.020394529071,168.98565614756,-508.29448564696,287.633232855294,139.216021298168,22.0277200172035,-142.532492063351,-1.30937877368421,-50.7393792979335,-87.0859939402153,24.5020480193063
-6.34848667864627,851.723107055402,168.625387066925,-511.500717080559,285.28102280097,140.154911842499,23.9389016505496,-140.475030012927,-4.57062320399806,-52.3568592113196,-91.458248182221,25.4269229204014
-6.68118687327666,849.842603851907,168.310274675598,-514.829536916231,282.714285381599,140.987366800622,25.8593606687127,-137.90567208264,-7.96394900915842,-53.6264071216186,-95.4197906720976,26.3004729156686
-7.04895561207941,848.089450133625,167.965936105856,-517.844406318003,279.708439375344,141.590225550177,27.7879852665039,-134.835118240003,-11.4387140819457,-54.4997287850228,-98.8700471334639,27.1074787056919
-7.41643403967376,846.149234367228,167.584329231636,-520.188013132813,276.09611692966,141.949328240363,29.767623371576,-131.177664007213,-15.0359758060799,-54.9511260226303,-101.714145660966,27.8240281475767
-7.76847778640576,843.279446331696,167.0558103919,-521.976029875738,272.170074266391,142.21827452007,31.7937832587023,-126.9007725078,-18.817377358424,-54.9090084284393,-103.795032447371,28.4012790394157
-8.07517704225815,838.835069511581,166.247283149223,-522.95632651473,267.853572739529,142.338207202141,33.7602225294994,-122.177067788821,-22.5654685666412,-54.190469678866,-104.750817066393,28.7580836051878
-8.30348492118194,833.011821300982,165.187340285461,-523.328483201648,263.253995345437,142.325528518263,35.8525828959757,-117.03363149516,-26.4101947209877,-53.2811003521065,-105.44349647538,29.1459570172586
-8.44443957074181,826.681990198627,164.057002277345,-523.275199987059,258.498728724858,142.169252706215,39.1706559037634,-116.170669699561,-30.2346184058496,-54.3828963785666,-110.19653219232,30.6999589637888
-8.53079471535947,820.4442094521,162.997640806417,-523.245488689693,253.75120331296,142.007491908628,44.109593010935,-138.633831659756,-33.2500873439821,-55.2630023250155,-114.632158426727,32.3716874516146
-8.64427671925286,814.297620184123,161.998116225974,-523.175565620684,249.003135030616,141.821837251357,49.1630064127315,-161.770548212833,-36.2964023799945,-56.2600703634604,-118.796859948956,34.023914020418
-8.74193264807704,808.506015744096,160.86140037098,-522.798844314382,244.233383526178,141.564592681941,54.2173839525114,-185.201099462948,-39.3167273085595,-57.0658042930103,-122.539879455548,35.7561489181642
-8.85182639264471,803.431715244218,159.794516171874,-522.372949608104,239.651294437879,141.394179287143,59.2308979074071,-208.7477108685,-42.302171587779,-57.6906416708115,-125.854885138438,37.5543750628696
-8.92570177847399,798.797626414445,158.740228548829,-522.111152087424,235.298532935021,141.524971000099,64.1626537058901,-232.233755005983,-45.2427642132142,-58.1530694171262,-128.758797357516,39.4061068272019
-9.11419631322551,794.141331330451,157.813049681674,-522.280425403386,231.517509044099,141.430806680831,68.992866593116,-255.437732810097,-48.1371928113099,-58.4693772214164,-131.262970062584,41.2935158356945
-9.33375139321436,789.790012323546,156.935212375546,-522.531784972514,228.057343204274,141.474381178373,73.6862869289209,-278.251042820243,-50.9737484445781,-58.6578708555314,-133.392534812042,43.2035199686592
-9.53276027878463,785.932556982257,156.00876220587,-527.657012992483,234.367375538122,143.312375177186,78.0271828091862,-300.553659496954,-52.7577070384107,-58.7167929252213,-135.129447515687,45.1042074472012
-9.69999521085407,782.402615522648,155.028537189233,-538.076818034918,251.299538769896,146.50082827459,81.8673889072417,-322.170289149684,-53.3546680884173,-58.6444569515948,-136.421381209669,46.949708116614
-9.79343233881666,779.885116953616,154.778381297623,-547.89446186156,267.651878659815,149.133681617367,85.4726095078799,-343.021090257155,-53.9112679619482,-58.4769182501496,-137.330806125217,48.7426557149487
-9.77235233571585,777.107166263572,154.555715031703,-555.576353585534,280.503381718112,150.632335014331,89.0635516565084,-363.335639941799,-54.8255366715416,-58.2510961731481,-137.988973904796,50.4989313464255
-9.77511819121766,774.471213138088,154.270712199886,-561.981574674198,291.529689618067,151.3350313673,92.5859464588235,-383.374537136645,-55.9694100685764,-57.9854863039158,-138.4906717375,52.2129897098526
-10.0831770129713,773.427945217687,154.095594743014,-567.168334973918,301.480347022077,151.295502667533,95.9561797328741,-403.139836679499,-57.2088607592945,-57.6256498262761,-138.63915609558,53.7019444779926
-10.3611237267326,772.267283575694,153.852873245738,-571.704927258534,310.299242211012,150.771620010965,99.0994260726307,-422.450348353701,-58.4831544877881,-57.1194719288264,-138.217582229457,54.7979009541522
-10.6360862377203,771.29127093321,153.607124962135,-575.64993323555,318.26064476103,149.670464117645,102.059666823569,-441.115955619656,-59.8236105228496,-56.5923688246059,-137.586494658182,55.7941678287002
-10.924206251474,770.752908186209,153.391278371036,-578.907040503474,325.286684969354,148.207955758053,104.844909784127,-458.82181066264,-60.9768842182504,-56.0681260641767,-136.759653602796,56.68798115748
-11.222670495963,770.776392029422,153.421932881791,-582.050775725775,331.485066279148,146.550187371565,107.426670909561,-475.577964021665,-62.2541048211592,-55.5795505696139,-135.871420807324,57.5239582685166
-11.5831301896529,772.581471888717,153.922420468809,-584.970082829455,337.001906187895,144.687991157507,109.959169827386,-490.689112944383,-63.5113196197549,-55.2219075879872,-135.521454484913,58.4151431440166
-11.9728957284545,775.577882779567,154.650383745999,-589.107229765115,341.974530304217,140.446944072874,112.372147769464,-504.511991692282,-64.7027949140383,-54.9377602069274,-135.50896321558,59.3247868827304
-12.3843100734521,779.260408335404,155.497124181413,-592.173764599868,346.31679240685,137.821330360867,114.596270613108,-517.560185467707,-66.0678224842364,-54.639218394635,-135.36439828773,60.1653757990178
-12.9133176388663,783.88888368152,156.519986140819,-594.078181995322,349.927408867871,136.815403277029,116.618658346923,-529.740388845721,-67.5967424519354,-54.3118444835149,-134.982162845528,60.9010823324058
-13.7407434013486,780.415477598412,155.119694349466,-596.890892059477,355.567278396873,135.535481597465,119.483363230917,-551.312318855211,-70.1411216638921,-53.0804316938577,-134.544061384469,61.6078610599761
-13.6464085231258,799.436858475765,160.47517672646,-595.662938581266,352.856650917148,135.836923935599,118.775824835308,-541.659983152248,-70.1427578249417,-54.5377900548731,-133.0645714107,61.7134114607597
-14.82816863313,797.840259742934,159.201378963036,-596.36374759738,358.005309913879,133.808272663093,121.151066193895,-560.037396818403,-72.7433686919743,-54.0799751482744,-131.95239657061,61.5408957402974
-15.3675738990102,802.088437598536,160.789627612778,-596.698426874097,359.957273118624,133.108239756579,122.29587471491,-569.191412607218,-74.8039453393078,-54.2920112857729,-130.510038187581,61.2219165381697
-16.0875228153658,806.92176705528,162.783960049915,-596.635266611194,362.309950985672,131.254895749813,122.866813727532,-576.492047373292,-76.9373720921842,-55.2521120700916,-128.104423809673,59.8273230669594
-16.5190370137974,809.031232973674,163.953342721353,-597.482463829013,365.618271645846,129.302464960813,120.512401408015,-585.2543517227,-88.3205152348026,-63.6353400831807,-122.720240342979,50.5810159678865
-16.8475929810068,809.873117977642,164.564617125633,-597.326649357668,367.018735306169,127.507864256471,119.056092501813,-584.722132118532,-93.7499835366305,-67.7891967480571,-118.54630480905,43.6781922177799
-17.1264721549315,809.807965243106,164.792484913947,-596.939631308492,368.433785487831,125.953396643467,117.997711203763,-584.94950603487,-99.8723882231606,-70.5696299230227,-118.784052919798,40.1990168733619
-17.3724801185394,808.883957222125,164.735016730899,-596.415437904117,369.784588975681,124.588002198432,117.491508461564,-585.236225636096,-109.0234450616,-74.3487187156639,-126.158355468781,39.663629310902
-17.5869269297006,806.995952682007,164.368638975924,-595.947738445722,371.204596331842,123.366862531618,117.340824582718,-586.198439502379,-115.079365229747,-75.9601307299298,-129.216652543668,39.2152795693152
-17.7677477051331,804.365200823229,163.750197988514,-595.114031899603,372.276097910457,122.214706852932,117.265220344794,-586.714604187826,-120.105195116638,-76.807825958982,-130.935818477827,38.933465734899
-17.8553596537242,801.067140183073,163.154464364558,-593.67295437087,372.575722533129,121.089486108252,117.126775457213,-585.797652874251,-126.655638595593,-78.5351602494705,-135.463317257787,39.1849791432136
-17.9714768044268,797.793910497634,162.560516877073,-591.755728024833,372.257476588598,119.922662012848,116.916898803031,-584.132103860201,-132.716502490381,-79.9480910564072,-139.415413724144,39.4733920543277
-18.1439072936786,795.224340269543,162.087354731567,-589.627638710765,371.541840251105,118.666207905506,116.648198385087,-582.380883500768,-138.043330868889,-80.9131036536437,-142.289914365458,39.661131126935
-18.3760243031752,793.427836021196,161.670830005605,-587.728488382347,370.445636513593,117.360579461732,116.339802402826,-580.868687128711,-142.9288882865,-81.6260367259082,-144.519271562469,39.7616750533124
-18.6544119164744,792.651263593198,161.493414462531,-586.185093439975,368.998290655289,116.055373612628,116.015515051826,-579.821691193282,-147.449608334283,-82.1802818423027,-146.312472010383,39.7871028864728
-18.9758992416281,792.04162178154,161.293519672349,-584.762302911806,366.966691517781,114.824570646305,115.679129037206,-578.43947007737,-152.883020962795,-83.492186730643,-150.096689287495,39.9753730979794
-19.3257979288098,790.945886560365,160.901568897549,-583.379110102063,364.396700460064,113.772086025078,115.262270295016,-576.365387145021,-157.882408662261,-84.7769228842167,-153.941243876651,40.2543367622381
-19.7344389631731,788.976134316106,160.197913089745,-583.291937391991,363.823018967842,113.169761628229,114.767549998932,-573.469772055852,-161.469894891696,-85.978520402043,-157.459927646282,40.7936425823318
-20.3686800089442,788.640794863215,159.155419645253,-582.941017673102,363.312481578113,109.895663056497,114.32996013723,-574.320060271065,-165.11706412571,-86.7259865874523,-160.271188816258,41.0680002184898
-20.8723379326305,787.877263339043,158.408058411344,-582.718037813588,362.407356451744,107.896566581983,113.991259076919,-574.132695937059,-167.898771139958,-87.3304291428418,-162.506258429505,41.3093188586758
-21.1824205503861,794.271961055752,157.738452293327,-576.037161388218,360.97461366675,98.1563047800062,114.145740826891,-583.525353565179,-171.660744743137,-87.457308570812,-164.168713764938,40.8346391040971
